-0,752813205	-2,086072872
-2,428946403	-1,888289164
-0,4286168	1,728209229
0,352872146	5,389233988
-1,372513141	-0,658746673
0,974609733	3,722079243
-2,39316463	-0,757394161
1,266466702	-1,93002379
-0,806100965	2,494581555
0,964771915	2,319737992
1,204072334	-3,834461909
0,444161628	2,860335473
1,562291418	-2,057264797
1,169519654	-4,27915564
-0,940255485	-1,190422455
-0,613339887	4,647523401
0,365503302	5,042941578
1,331164722	-4,121679788
-0,4168161	-3,373299133
-0,669636458	5,610539061
-0,336531531	-4,188653614
2,461804562	-2,122389589
-2,099353043	-2,358216013
0,344609532	4,937945863
-2,328288919	-3,563967487
-1,460811722	-2,737595181
0,964159189	-1,704263303
-0,621491542	-0,844797573
1,655877153	-4,549968356
2,809708268	-1,214645587
0,340876791	4,660714076
2,668772141	-2,993447459
-0,664961678	2,764271998
-0,646368787	-3,264638348
-0,984173725	-4,150237882
-1,796273745	-2,610199211
-2,418080189	-3,435863819
2,535073993	-0,832344923
-0,795209728	2,059203058
0,037611868	1,800154255
0,871571879	-3,871928157
0,144924777	1,896989734
0,463038258	3,356493349
-0,9132422	-0,492632949
0,855537659	3,450275996
-1,067749914	-3,233903178
1,06491361	5,515816627
1,140240377	-2,366502153
-0,309271552	3,370571079
2,586644119	-4,578050119
0,797248338	-2,275863642
-0,480412289	-4,156848233
0,824868763	4,609385482
1,910291054	-1,138916934
2,469319515	-3,908644822
1,429782449	-1,064297722
-2,3540864	-0,434249818
2,351680258	-4,046403747
0,391533744	4,19746529
1,205029573	2,39477753
0,551568914	1,707702484
-0,547645812	-3,108559102
1,166808398	3,20170207
-1,969529359	-1,064210441
1,14947775	4,132064243
0,557890454	4,677740207
1,191102624	-2,764714778
-1,793226285	-3,643597468
2,402160806	-3,177931427
0,222020869	7,6668471
2,152527773	-3,176029274
-1,419320914	-1,295534067
-1,519063309	2,046459941
0,168485092	4,165894715
2,127134796	-2,462922261
-0,509854963	5,036245365
2,696849554	-1,746857747
0,864062849	-1,161732009
-1,868997399	-0,942823275
-2,014185033	-3,454633138
1,105600979	3,46942585
-0,329287544	-0,267581749
-0,31326853	4,574285005
2,187765937	-1,327710003
1,714145202	-3,548471321
-1,637008284	-2,082599173
0,125148708	5,014171381
-2,492037859	-3,673048264
0,911255638	4,33859029
-1,032648872	-2,126088688
2,233549353	-3,192502846
2,423753543	-2,89720744
1,062697788	-1,347807217
2,567848239	-1,940091889
-0,757236968	-3,790801628
0,334036496	7,647616263
-0,208863293	5,069462807
1,253629799	2,680556846
-1,181274314	-3,245394234
2,594740217	-1,260716197
2,099527975	-3,222221675
-1,790155324	-0,238697783
0,136290238	1,799578554
1,321379542	-4,448669695
1,007479307	-1,674890031
-2,324668283	-0,281897923
1,308698535	-2,43905568
-0,372533087	3,670874611
1,779168432	-3,879028286
-0,608074462	-0,503834508
-1,007986636	-2,841023786
0,863201598	-2,908189306
-0,102384485	5,501903452
1,308246888	3,562570485
-2,303233954	-1,953486233
-2,254773569	-1,91217947
0,688982002	2,317372007
-0,068037813	1,986006038
0,052284134	3,847641303
-1,604212143	-1,321734983
0,790019187	2,72550384
-0,259849436	5,553267664
0,215025354	5,666582647
-2,57093663	-0,337471057
-2,405226108	-2,478983437
-1,68715416	-2,37533185
2,379950301	-0,835725687
-1,914403546	-3,230715268
-1,888834707	-3,641960754
-1,834665227	-0,704831595
-1,154981693	-1,863865881
-0,677640406	-1,175689073
-1,261541071	-1,322605035
-1,764546245	-1,359425152
2,117932491	-0,841620598
0,92266964	3,430729305
0,424566617	4,717695613
-1,900684722	-4,200826128
0,997966349	-2,583602288
-1,462340599	-3,949861386
1,865123911	-3,49574197
0,683953819	2,554126866
-2,182418118	-1,043663976
1,005161669	-0,796417274
-0,889338919	-3,621698704
0,781024806	1,718318215
0,741897455	-3,456274796
-1,780719133	-1,781804364
2,292677654	-2,366841897
0,746148904	-2,930656188
-1,085959442	-1,566976865
-1,400602275	-0,404467371
0,50125224	3,97068396
-1,06664616	-3,181421834
1,103173907	-3,805060619
-2,555787946	-3,090034366
1,725374703	-0,638679361
2,233172322	-1,793649153
-0,275378174	2,368056733
0,28493167	2,764716528
2,4231706	-4,36514279
2,687942759	-4,535585086
0,237948051	4,126752742
-0,725154467	3,292951947
-0,838831374	5,667239728
-1,519940721	-2,547136632
-0,61467091	-0,464962056
-2,120197367	-0,378410132
2,433779546	-6,422092934
-0,596178328	-4,079621889
-0,182743721	5,301823085
0,788801212	-3,806185842
-1,505669894	-3,870739635
1,229775427	-3,984729872
1,445210564	-3,330157741
-0,363657203	-1,622865738
-0,008899322	4,797684195
0,805645932	5,42952693
-1,504719934	2,014423954
-1,765605852	-2,860902543
0,163422524	3,940529363
0,248772161	4,066999707
0,105899555	2,63430718
2,597807866	-2,302958903
1,331848181	2,350101455
1,824154912	-1,034791106
-1,150940248	-2,221064586
2,349770385	-2,37373618
2,087804565	-1,00926827
1,09194937	-3,489614947
-0,880106969	-2,98374171
-0,823104687	-1,492192656
2,993915294	-0,69492687
0,184876709	4,872825088
0,26938363	-3,46952675
2,132806838	-1,288425166
1,026170222	-2,597969742
0,873366728	-1,02530583
-1,311178921	-3,923901265
2,416069517	-1,059315098
0,822846633	2,279891198
-1,533746145	-4,00384894
-0,389572767	-0,808144251
1,317661485	-4,513752813
-0,537563795	-0,635421659
-0,315728964	5,736410685
2,770137389	-2,485726835
1,283562452	5,715718766
0,121433745	2,645401318
-0,767538831	-2,712897762
2,050020673	-4,384198364
0,672297614	3,893049365
2,971504713	-3,284056216
1,296633843	4,884150222
-1,343328237	-3,110723621
-0,691258677	-3,295027578
-0,795703675	-3,308698317
-1,643265799	-3,465508492
2,782124419	-1,543413779
0,723866987	2,767332679
-0,842660717	-2,9969948
-0,476196037	4,514387181
2,574127157	-2,016457912
0,941113739	-0,873184897
0,308060879	3,172294138
-1,794881389	-1,355824363
2,677944469	-3,046394109
-0,25139586	5,164957305
-1,837662471	-3,016458757
-1,590311568	2,012019595
-0,559512103	4,295455147
0,556101551	5,791893646
0,149898437	4,504637551
-0,203644753	2,478658086
1,813858534	-4,246961636
-0,241172465	2,999815184
2,54768505	-4,231632366
-0,771107254	-0,915366597
2,186412963	-4,132450187
1,028521984	-1,731654079
-0,835295231	-0,796866179
1,313521942	-1,839312459
1,278693854	4,023131628
0,922231206	-1,839237291
0,837162514	2,486658619
-0,926077334	-0,569325634
-0,289080455	2,111870081
-0,293194209	4,095256424
1,326057356	4,163736845
2,294403636	-4,23108128
-0,130896024	2,859709861
1,139724358	4,496170089
2,659441323	-3,932461114
-1,377315975	-1,154119595
1,764850599	-0,615606456
-0,881150597	3,799281561
-2,501986195	-4,235077636
1,454587429	-2,602538188
2,511093969	-6,457205074
-1,832834439	-3,2786347
1,988547467	-0,552639316
0,162079343	3,209060982
-0,646937305	-4,145493599
0,299802424	4,801955582
0,966450204	2,534434638
0,64311347	5,448703524
-1,404043468	-1,762669042
-1,869340432	-1,402984489
0,368563316	7,586203908
2,831126363	-3,558254824
-2,316880476	-1,820689909
-0,117343563	4,270100965
0,879736069	-2,195688838
1,317072976	3,683294796
1,043562907	-3,343855601
-1,991466671	-1,387498893
1,54457248	-1,469195671
0,738656902	3,032251562
0,794772512	3,368167756
-0,747836807	-2,839401976
-2,098538984	-2,339519655
-0,60480129	-2,296818893
-1,864255606	-1,860037651
-1,834349999	-0,76878952
-0,431577814	-2,997659364
1,21265986	-4,17230944
-1,369752023	-0,708260284
-1,533059673	-1,937179335
-2,015592309	-4,164248888
-0,461180455	-4,071275241
-1,011795773	-2,405837667
-2,586283378	-3,7860915
1,356193961	-3,889892782
-0,451934385	2,122433589
-2,406886486	-2,933656994
-1,127076018	-2,534954118
0,984008205	2,692834778
-0,591336056	5,633195348
-1,489966482	2,018739673
2,121171932	-0,53692754
2,98397011	-0,937082552
-0,282141754	2,00820855
1,534365061	-0,542126712
-0,649937514	1,84328127
0,360256053	3,189321642
-1,337616327	-3,016039881
-1,296524371	-2,921645978
-0,557406732	1,98898884
-2,251791342	-0,382043329
0,868177696	-1,79411239
0,024951886	3,335865511
-0,208159235	3,414414238
2,563862752	-3,52819797
-2,14335602	-3,835243593
1,738035854	-2,009564243
-0,74448145	-3,731023991
2,760066346	-4,513973344
-1,06985452	-3,134815073
2,462744417	-2,375157769
-1,543339201	-1,177450671
1,600622922	-0,685521072
-1,757542897	-0,664088253
-1,690082789	-2,017244438
0,226957745	3,476050444
1,636219125	-0,609530646
-2,550435894	-2,775143078
0,025154051	5,395030904
1,386874622	3,679709143
-0,816600094	4,464574658
-1,399736363	-3,525351212
-1,38821324	-3,588355556
2,615208793	-3,777828782
-2,454249414	-3,529935919
2,583169324	-1,110172656
0,518454515	2,367338492
2,036271414	-3,646383991
-0,104777224	2,631135512
0,280713493	-3,365217415
1,324440894	-3,913218775
-2,585918462	-1,236936713
0,401131564	2,084132953
-0,428120596	2,899538039
2,532481937	-3,961726114
1,226587704	2,827206782
-2,327377622	-2,977143434
0,952855511	4,268531726
0,140260957	4,835849627
-1,196797669	-0,313706804
-0,954037683	-0,636731855
-0,497635502	2,870481298
-0,859089488	-3,818023058
1,100345272	-3,742279204
1,330721108	2,727707456
1,268575314	-2,574568746
0,844066066	3,557829608
1,029779665	-2,533853992
1,139595209	-3,417964198
1,620105527	-2,058283044
-1,361041931	-3,532840362
-0,417479766	-0,42832946
-0,569161908	2,098319242
1,241312784	-0,693130998
2,368262421	-3,762536799
-0,900568756	-3,890275225
-0,170550787	2,877899226
1,453392561	-1,910068044
-1,896997748	-1,098577221
2,292833851	-4,296551506
0,553481446	1,971634084
-0,529049959	-1,719032182
-1,775595859	-2,617631897
1,07860427	2,02779068
2,872887456	-2,437443222
-2,253867668	-2,776417693
-1,487195977	-1,659157031
1,986163304	-2,781104755
-0,763059849	-2,081383548
-0,925281563	-2,187432961
-0,754900524	-0,904807632
-1,130932116	-0,490365448
0,782937657	4,443526024
-1,927604873	-2,841542838
1,001848372	5,439272429
-2,168767362	-1,41856754
-2,259205972	-3,950284456
-2,073103888	-3,555351459
1,872439165	-0,948748376
1,643230277	-3,436524583
-0,517988154	-2,571568118
-1,087578434	-3,216966338
2,530590834	-3,967429945
-0,597022365	-2,064137421
-0,357704767	4,262486697
1,088525865	-1,686028503
0,119332933	4,192191584
2,10652715	-1,825816872
-2,315502359	-2,256791189
1,197446517	-2,954139074
-0,86516225	-0,903361829
-2,041858833	-2,772278953
1,576747456	-0,829618645
-0,751891406	-3,503271963
2,542127248	-2,63184568
0,371337419	2,0849842
-1,307389683	-4,068807268
1,584912825	-1,098997409
1,032573455	-2,266004842
2,894491684	-3,646615891
-2,547838463	-2,01029861
1,962623266	-2,167304813
1,490180981	-2,136038963
-1,729365792	-3,361468473
-1,917074874	-1,433374345
1,369599306	2,567772746
-0,487591978	3,506177912
-0,529422373	3,264585278
2,206131289	-1,367823568
-1,824498767	-1,745454678
2,984108233	-3,418749649
1,81491298	-3,729599224
1,194728912	4,821683271
-1,58745448	-3,315944294
2,207949456	-1,399483254
-1,437765654	-0,784344167
1,261621604	-1,129238683
-2,131871593	-2,143112602
1,730326888	-4,027238042
1,08141674	-4,162008609
-0,013071395	4,862429632
1,807446857	-0,991998068
-1,58445629	-4,00244864
2,970655613	-3,309117283
0,9705433	-1,915941129
2,172440923	-2,404978384
1,610539306	-1,429890021
-1,231848819	-0,480341248
-0,7616492	4,34640569
0,880939517	-2,552030463
0,845527871	-4,34285103
-0,648255762	2,358629259
1,809550274	-2,581565965
0,91824461	-1,645911161
-1,051188223	-1,193226487
2,690242805	-3,081354985
2,849991691	-4,24041767
2,367319889	-1,269633319
-1,518785466	-0,203565642
0,742513468	-3,700436787
0,429033701	4,166237912
-0,62231073	4,7989859
1,030052566	-2,839259328
-0,598096719	2,400921451
1,223572813	-0,679629737
-1,742769479	-1,946578501
-0,521526185	-4,103848812
1,077920791	-0,959069294
2,822908929	-2,196994378
-1,47973947	-3,254646091
-2,173882913	-0,613864343
2,471796359	-1,072336117
0,718471564	5,595633583
-0,809832055	-0,385909571
-1,653461703	-1,143770793
-2,430610481	-4,24904507
-0,680416411	4,561874631
1,061710706	-3,679160077
1,069237538	2,60584895
0,475167508	4,111019967
-1,902742549	-0,66530511
-1,519899742	-2,285901155
0,066898921	5,303004225
-0,117582801	2,449050801
-1,792642236	-2,594031168
-1,296742004	-3,27839012
1,612619939	-3,725599563
-0,973140372	-2,391174167
-0,795298236	-2,974785455
-0,85031313	5,32781358
0,325024848	3,7244367
1,537258387	-3,608415369
-0,989536492	-0,998018155
0,881146005	-1,664723295
1,103073056	3,53602814
-2,084975202	-3,466219477
-1,679546788	-3,681158293
2,04409222	-2,563108756
-2,061206037	-0,619422069
-0,446351916	-4,098693878
0,785364597	-1,302011618
-2,206569652	-2,616088972
-0,395845731	-2,652503034
1,181830621	3,989456798
1,157614629	-0,617829384
2,24139902	-2,10724803
0,182493679	4,943394634
2,887670604	-2,867817097
-0,384369069	-1,774055213
0,399315376	4,424214938
-0,639714261	-3,165410682
-0,6877755	-2,548923698
1,295361326	-4,271699844
-0,654229001	-1,06163883
2,332505483	-1,747486458
0,705911504	-1,631281806
-1,899886169	-0,495584427
1,2781979	4,339097448
-1,499499125	-0,309108626
-1,212689899	-1,852653314
0,934554306	-1,898325171
2,616014171	-3,006568361
-0,70224352	-2,370128624
2,249550731	-1,099237796
-0,167927	4,320892555
-1,723949934	-2,398903475
-1,564787216	-1,020964348
0,23750878	3,406888885
1,366286087	3,023832843
0,050560969	4,736917805
2,586773517	-1,427898293
1,687175238	-2,452529759
0,914789704	-3,775865724
1,054603271	2,302681517
-0,067409059	3,964822935
2,436679754	-2,639569334
2,262636295	-0,819308048
0,915265135	-1,425917958
-0,866175815	-1,679035673
1,2876585	3,231924409
-2,433906569	-2,931867401
2,894742199	-3,924519005
2,38063117	-2,941868149
-1,10572732	-2,255702023
-0,662440516	-1,693549061
-1,408477779	-3,472733967
1,2559758	5,175442477
0,958101323	4,655541338
1,699609995	-4,380085933
0,94558276	5,214568144
1,952233762	-3,979623982
-0,801573189	-2,826842972
-2,456716016	-3,266255281
-0,891400844	-2,942663782
0,995340713	1,760180418
-1,302619118	-0,799987299
-0,150211101	5,589078659
-2,327655401	-0,469692425
1,102186794	-3,100882425
-0,001788046	5,195338387
0,422518752	5,135092554
-2,522362433	-4,126350986
-0,728004479	2,367816594
-2,240351546	-0,836386002
-0,605419997	2,927028227
-1,892480725	-2,261942403
-0,963450808	-1,282639443
1,215810373	3,01829597
-0,54321069	2,660491908
-0,354153228	3,702748479
1,414215775	-4,220488998
0,820647967	3,301485415
0,920466023	5,36977269
0,98715452	-2,992981489
-0,534714233	5,552736315
-2,570992238	-2,810935412
0,552631376	3,125571651
2,468361594	-6,444269875
-2,002806869	-4,1720231
2,470575419	-3,335537213
1,509056573	-1,29366469
2,561172391	-2,292844508
-0,292228601	4,098903397
-0,339286115	4,368808749
1,357527311	-4,404065313
1,526660466	-4,277330512
0,799557471	-1,149309686
-0,75596966	-1,221637577
2,0548726	-0,96117013
-0,009050148	5,392448896
-0,519859352	4,710283938
1,372704432	3,769892719
-1,64264999	-3,953159404
1,297436176	-4,229060577
-1,677822742	-2,518239137
-1,828054555	-0,365420687
-1,405202719	-2,192262557
0,590702112	3,282755058
-1,575814122	-0,820817918
-0,576071156	5,365468989
2,272678727	-3,375324218
-0,594060097	2,099001393
2,074650652	-2,832129759
0,748617595	-3,413890502
1,840787762	-2,448717041
-1,963596131	-4,266563427
1,283125074	4,210999453
2,214460811	-0,726205196
0,543204261	5,567355035
0,277956626	-3,470454159
-0,569005106	3,511341336
-0,710994381	5,743428189
0,178590049	4,320481869
0,390460967	3,558250026
2,121684381	-3,499327475
-0,509317636	-4,213664186
0,527116221	4,589520473
-0,474489639	-3,540429495
0,355408534	4,127582453
-0,859275236	4,93918114
-0,915598116	-1,318933491
-1,870106643	-1,586417143
0,925774327	-4,029157294
1,492224547	-1,38248421
-0,361654669	-3,872456231
-0,660443003	-3,095530273
0,86040186	-1,00258223
-2,133227798	-2,024799213
0,756228414	-3,041938348
-0,664997992	2,549073679
0,731259712	-3,859139815
-0,311176203	3,803479711
-2,270917755	-0,971614693
-0,644726331	1,964127723
-0,54152853	-1,457239366
-0,565895531	4,297705455
0,810655747	-0,573081692
-2,32332137	-1,708483963
1,341356491	-2,353911285
1,606252431	-3,345369028
-0,430992637	-2,216439703
-0,66043188	4,504485505
-0,26274651	3,138164574
-2,567782115	-2,916223176
2,045996599	-2,015972672
-0,872097782	5,734434386
2,113138852	-3,709795686
-0,626474295	2,384363107
2,598715783	-2,442683576
0,917891458	3,636262201
2,122671562	-3,897591254
-1,067530026	-2,882807825
-0,835728586	5,157609748
-0,44532087	4,371118599
-0,793403151	-3,618322368
-1,183923829	-1,838451667
2,582466173	-6,467186757
-1,366879749	-1,577315915
-0,620853299	-0,500960851
0,115870769	5,11881977
0,893802916	3,734429067
-2,312807865	-3,761804632
0,780085643	-0,600864196
-0,092940558	5,463836935
-0,805230575	-0,788805489
-0,30155374	-3,230538086
1,129705908	3,020574617
2,832491826	-1,651999186
-0,327049611	-0,714733288
-0,176759645	4,249707684
1,838296884	-1,288844817
-0,996940461	-1,613745698
-0,748103307	4,740092148
1,319447962	-3,897441376
-0,027566839	1,719154129
-2,526675924	-2,672454248
-2,468292415	-4,206017028
0,94115251	-0,786111754
-2,391775259	-0,957896933
1,630132529	-1,42927304
-1,509777415	-2,676259981
-0,765906567	2,687543018
-0,207117181	5,558940853
-1,913983588	-1,241960279
2,199851495	-3,780919571
-0,034077798	4,873423145
1,194574593	-1,825343405
-2,219803036	-1,611225085
2,7109513	-3,646463317
2,925301225	-3,71174148
2,08661583	-2,750817794
2,694838956	-0,599570181
0,929363909	4,082661567
1,568302935	-3,535299746
-0,184897508	3,032260827
-2,386078048	-2,215467392
-0,008308756	5,529107448
-0,000735121	5,105379691
1,170443923	4,127511944
2,625276498	-4,379948554
-0,865057559	5,513283484
0,595358614	4,932244673
-1,783495448	-3,738621155
0,878074488	-2,76791466
-0,364078297	-3,341907909
0,682608979	2,014843809
2,342511355	-1,172983044
2,278597894	-3,901172794
-0,145612559	1,74196405
-0,023791954	2,657809733
-0,220047585	3,32937691
1,248645225	-3,103249139
1,01712203	1,805413527
2,756975355	-1,511093142
0,832368416	5,411569587
-2,031264978	-1,575220468
-0,510972296	-2,963601223
-1,101251233	-3,605704392
-1,466595814	-1,528105227
-0,531655077	3,308506391
1,551229668	-1,341035092
0,559281106	4,2362596
-1,108263235	-0,834630286
0,754769739	-4,29742611
-1,983396362	-4,147425247
0,92286095	-2,937128764
1,284425986	-1,823916354
1,884487429	-1,65884885
-2,048781413	-3,034808835
1,025867124	-3,963581331
0,79011699	1,793232576
1,73744724	-2,947898327
2,603768475	-1,313422375
-0,281998743	2,258598566
-1,47333309	-0,747885395
-0,563952722	4,82918366
-2,557543179	-2,47026987
-0,61990454	-1,508949417
-0,912163977	-3,342513923
0,832268568	-4,05517139
1,187933564	-4,122822004
2,496759845	-3,225836744
-1,27715198	-0,800337779
-0,459162161	1,943536113
-1,260040629	-1,098886057
1,125024991	-3,436491226
-1,437032233	-2,805046316
2,289456039	-4,494613076
-1,123206117	-0,984562433
2,687239303	-2,991693291
2,344469574	-0,579753782
0,904274293	4,006880638
0,984931378	-2,684521902
-2,05776528	-0,832372093
2,491653396	-0,721425829
1,01096003	4,906443661
1,813969358	-4,537376569
-0,064032516	4,813056743
-0,622673816	-2,527481581
0,31293084	7,680463244
-1,764043625	-0,701361847
0,476717573	2,972079975
-0,460385905	-2,404939744
-0,758656784	5,378157208
-0,648109684	5,022843622
1,474124129	-1,390593435
-2,095760797	-3,641580149
-0,075311574	2,503740716
-2,239244805	-3,324027001
-0,663074159	-1,236665335
-1,866996502	-3,699018941
-1,4618836	-3,370778797
-0,163505323	2,941104239
-0,024842983	2,474717075
-1,978590624	-2,643053059
1,287503141	2,269557543
-0,503052034	3,538256144
1,305354561	-2,540241546
0,710637318	-4,24854113
-0,415248403	4,617129932
1,865836535	-1,783972208
0,910824223	4,429060664
2,811793755	-0,849541649
1,627750564	-1,868222466
0,378255837	4,808002419
-2,426429781	-0,956536751
0,704950187	3,636427893
0,10529139	1,875626194
0,251678657	2,257651771
1,311465122	-2,769555325
-0,377416893	-3,136458422
2,548938019	-3,44825918
2,416012004	-1,007881167
-0,795284468	-2,818144805
1,302941702	4,530540434
2,36190766	-4,180450161
-0,990201423	-1,903050475
-0,772746972	5,151396849
-1,569028306	-3,814189912
-0,380131039	2,726467201
-2,53752556	-2,986011363
-0,985201447	-2,330647011
0,987244528	3,857288793
1,295555211	-0,708919184
-0,346940187	-3,153614873
-0,209369169	4,868579259
1,99777262	-2,732807155
-2,246693419	-0,222919088
1,991887847	-2,373597197
-1,299955839	-0,513077788
0,753729736	3,076934365
1,760316177	-2,275114076
1,325407484	-4,512266944
-2,426490171	-0,551449096
0,960915623	2,024936968
0,80390316	-1,704082673
-1,806669501	-1,923614934
2,977005366	-4,348878192
0,872845943	2,46464786
-0,166508383	4,572225414
1,112519237	-2,954805595
2,485750932	-1,511794812
1,145527547	2,150920156
0,84888685	2,742192321
1,151742095	3,628493366
-2,378169463	-1,842158384
2,623528108	-3,802350351
0,881798716	-1,712903527
-0,359546697	3,982226535
-0,586037586	-4,131401482
0,842673075	-3,469803034
1,841739128	-4,44845796
2,524573408	-2,734325938
0,750142714	2,832446031
0,663740157	3,571984298
1,567940322	-1,730043071
-1,397723906	-2,567123642
0,948906626	4,166431818
-2,215996761	-1,508621993
0,858584129	-3,662778125
0,503440567	5,220900934
-2,068737524	-0,333037251
-0,394149294	3,840563379
1,824190976	-1,247593742
0,518959199	5,668542497
1,806388469	-1,497152356
1,351312134	-3,942826272
0,02663248	5,631326728
-1,719294911	-1,536412645
0,88968276	-4,061154553
1,624338356	-0,951137558
1,038028876	4,425511789
1,405144723	-3,085138162
0,866481528	-1,427518603
-1,253129347	-1,582752012
-0,813115161	4,347279832
-0,372195124	-2,371544074
-1,881703229	-2,68366002
-0,135109331	2,990464489
0,2041455	1,877837429
-2,584487874	-3,888034645
-1,061826963	-1,228361859
2,863589991	-0,768300338
1,950945196	-2,440650429
0,276853222	3,314137916
1,715801235	-1,949892202
1,629181068	-4,579662679
2,245021559	-2,759041234
-1,253286147	-1,758977113
2,231664236	-1,026243308
0,788204087	5,173336203
1,664505961	-1,169791947
2,789796416	-1,173801884
1,33165303	4,720235003
1,508544732	-3,497987643
0,682971569	1,705835777
-1,760875792	-3,946642578
2,050351918	-2,860208544
-0,937258704	-1,028670932
0,803685388	5,267543294
-1,878251527	-2,294451513
2,303511404	-3,729689293
0,983226894	4,820314304
-0,015520627	3,371278724
1,191085479	4,779318005
0,728562751	-1,223081212
-1,977393149	-2,348560812
1,005372606	4,822417658
0,258218715	-3,371983462
0,980314392	2,99326315
2,756043978	-2,366161133
-0,090648115	2,760682631
-2,248889919	-0,549807445
-1,730378648	-2,901484043
2,646518833	-2,281440686
-1,270435604	-3,428445274
-0,635487131	4,253189752
1,025532847	-2,570128056
-1,026726484	-1,520261621
1,312843902	1,759421651
-2,115035102	-3,041595642
-2,019851038	-3,387230915
-1,163941876	-1,901797899
2,349116674	-1,616422348
0,752639926	5,131055387
1,481576248	-4,526224518
-1,443428019	-2,983568064
0,870958932	4,938181131
2,096925964	-3,010849881
-0,075162711	2,29806852
2,59636618	-3,597787413
-0,774404259	4,11738736