97	82	55
100	71	73
12	46	82
65	99	75
1	83	8
78	27	11
73	29	56
94	34	94
27	1	58
25	37	33
81	12	47
100	34	36
3	24	13
32	69	61
100	70	74
25	80	22
47	59	70
83	5	94
11	29	56
45	7	30
4	26	72
5	9	25
83	20	26
101	15	40
84	77	47
28	78	32
86	75	55
27	71	33
47	46	1
95	90	13
60	38	28
95	54	52
58	80	31
64	56	88
78	31	5
76	18	99
6	67	8
65	96	5
38	46	74
62	99	89
51	58	91
86	42	89
98	19	79
81	90	37
55	59	86
3	24	44
59	20	82
18	30	92
57	46	71
41	99	65
29	94	65
10	37	6
80	94	18
80	10	97
31	32	1
61	51	93
15	72	83
60	68	90
41	74	44
40	6	100
76	81	17
20	75	33
38	70	66
100	101	100
4	83	55
67	62	61
67	63	23
93	16	51
61	74	36
45	88	22
22	91	63
43	63	46
55	93	38
2	59	77
89	25	32
14	61	6
17	21	41
20	40	66
22	48	10
51	96	2
42	27	84
77	86	5
35	40	70
48	17	52
76	8	68
19	1	75
60	68	56
62	40	44
47	5	71
9	93	68
95	40	22
57	11	43
44	51	60
31	19	44
79	80	54
42	43	22
68	82	91
44	21	53
68	47	91
95	78	25
78	5	90
29	32	26
45	61	83
25	85	22
50	93	19
38	61	46
34	86	67
4	60	10
81	47	91
37	10	32
14	18	32
69	23	70
81	20	72
48	67	58
70	42	44
11	52	41
69	51	1
22	33	93
92	64	52
59	37	20
22	84	40
39	81	68
48	29	34
10	69	32
31	97	55
67	25	87
32	58	66
6	49	44
45	43	54
20	21	9
22	37	74
14	28	74
18	100	58
87	15	14
72	88	48
23	95	61
97	13	3
35	90	18
15	68	60
42	7	82
48	50	22
33	23	20
57	15	89
17	95	15
30	78	93
46	22	96
95	76	47
7	38	2
12	27	64
76	16	5
88	60	76
56	66	50
31	100	2
101	79	25
51	38	35
4	38	44
72	41	94
101	85	27
31	18	67
95	91	84
23	36	69
88	37	50
42	1	98
25	42	35
24	41	54
12	83	6
58	97	79
35	2	42
60	70	41
9	83	101
65	49	67
67	76	1
30	36	59
78	88	42
54	84	28
101	87	74
2	61	7
73	60	4
7	4	77
11	31	29
78	84	8
8	79	60
27	9	47
22	36	66
18	71	96
33	78	75
35	6	61
12	64	17
74	41	69
91	28	59
47	78	31
22	94	9
91	54	87
65	49	14
100	14	60
77	73	85
80	58	64
79	12	75
75	6	52
97	23	53
7	6	99
45	89	22
69	71	90
87	56	42
10	17	58
59	64	80
14	14	24
61	63	76
12	20	75
84	97	80
96	61	59
97	62	6
56	82	12
69	37	82
86	66	30
26	30	7
48	28	8
85	86	98
14	16	71
11	52	46
10	22	49
37	44	96
79	88	86
58	80	1
71	75	94
64	48	73
28	59	91
82	18	84
86	20	75
23	32	44
67	54	46
61	53	93
96	76	80
89	101	85
24	20	23
4	15	10
53	64	44
64	88	98
51	83	12
40	21	30
7	31	93
11	27	59
77	48	55
82	24	25
95	9	8
75	97	25
9	55	99
80	77	97
51	60	70
26	48	34
14	76	13
64	92	66
53	15	51
66	99	74
77	19	39
31	71	71
36	57	37
13	51	59
79	9	72
32	74	15
63	83	13
80	40	51
51	48	64
36	5	98
9	94	2
2	28	71
38	46	5
52	66	36
34	100	38
81	18	83
100	68	32
88	37	51
97	53	46
40	60	58
3	65	87
101	19	5
4	47	24
34	75	54
45	27	1
19	50	72
8	73	95
50	13	46
81	25	77
99	15	54
29	67	31
91	75	2
80	99	60
32	79	77
59	11	68
35	66	3
87	28	68
12	15	84
60	68	98
59	54	66
88	28	81
24	101	78
41	79	2
58	48	31
74	26	24
57	16	67
77	91	82
56	62	87
12	50	47
9	16	90
77	67	81
57	64	41
50	28	53
47	31	86
44	96	58
23	29	5
65	76	27
83	9	16
101	20	7
77	28	55
50	98	36
67	29	77
91	46	40
101	59	96
81	99	69
92	11	86
70	87	25
19	80	73
55	36	98
12	99	39
64	89	83
7	18	3
39	87	55
42	10	82
50	63	63
7	23	9
13	50	33
20	40	36
58	22	74
44	93	7
80	46	70
89	10	69
68	73	32
87	74	56
58	53	100
52	19	83
59	64	6
64	27	21
77	98	27
82	99	58
86	15	67
68	1	71
34	6	96
47	50	7
65	44	27
13	82	73
14	69	90
37	66	91
60	32	43
100	71	48
24	82	4
71	4	81
53	22	90
68	14	79
61	48	98
90	7	49
2	17	96
35	16	46
43	29	1
92	73	70
49	3	57
6	73	8
94	9	63
82	90	3
100	100	96
83	3	10
81	97	50
32	8	3
91	50	24
75	68	9
29	43	4
97	66	1
2	9	19
11	24	69
8	18	94
72	11	29
49	74	31
21	48	51
48	98	91
22	13	15
87	35	3
93	57	44
26	54	28
78	40	96
100	11	13
49	13	97
24	3	4
58	26	4
96	77	72
5	86	71
69	21	11
4	55	23
95	56	67
44	54	70
31	70	88
26	51	53
62	50	84
49	6	82
95	91	16
69	22	4
14	64	49
94	53	27
5	57	10
47	95	31
34	56	55
48	98	53
11	80	32
66	90	16
73	60	87
9	34	84
6	39	72
68	28	34
72	47	69
73	5	48
69	22	74
59	6	19
47	29	91
56	44	91
81	75	36
87	55	42
26	50	23
82	98	88
50	67	67
24	54	76
87	75	20
8	44	79
39	16	38
51	18	9
83	90	87
78	14	72
41	60	1
40	34	5
63	94	28
78	33	46
32	41	12
69	13	94
3	35	86
73	16	14
70	26	77
28	3	20
98	52	44
94	88	89
17	6	48
80	42	45
49	33	68
39	79	32
2	78	28
96	53	96
15	7	54
76	100	26
83	101	87
41	6	11
69	64	78
9	81	28
39	25	53
43	15	36
32	19	51
49	64	8
52	8	75
60	77	51
15	91	79
90	11	3
29	77	10
36	73	87
29	74	98
47	4	58
75	9	96
86	66	84
58	73	56
81	52	83
67	21	44
58	2	90
2	82	2
74	42	5
14	38	5
1	95	91
79	28	25
11	99	42
95	97	32
75	12	74
90	89	55
20	46	82
70	95	16
43	56	20
60	73	16
8	72	38
48	84	39
48	76	14
78	84	88
25	54	37
77	1	89
69	25	25
45	48	90
92	16	27
36	29	52
55	19	31
1	72	2
62	69	67
69	38	101
5	51	27
1	38	62
32	83	26
85	54	33
88	12	42
17	37	31
38	75	98
87	16	57
68	52	91
36	30	66
68	45	40
60	81	100
84	10	53
52	71	11
55	87	66
28	95	65
34	70	26
1	77	7
101	73	6
20	6	62
39	46	98
26	50	10
19	43	101
23	92	59
51	72	4
46	54	55
50	73	30
42	70	55
66	65	77
15	58	10
66	82	38
41	36	78
80	67	78
30	83	55
29	84	9
87	51	17
32	17	6
77	27	47
66	84	20
23	12	87
71	43	8
43	33	83
79	28	26
43	21	72
63	24	27
53	40	73
27	34	52
86	54	66
89	83	44
21	21	10
86	38	91
87	5	9
30	69	66
87	2	36
49	48	5
64	46	86
30	65	89
34	18	17
84	12	20
63	36	53
87	47	31
72	29	9
42	7	101
65	45	76
45	96	33
12	24	63
16	66	54
86	49	37
34	6	84
7	14	39
86	57	85
42	61	74
77	92	47
33	58	59
40	32	4
33	56	21
5	20	85
9	44	91
45	3	28
76	84	91
54	35	63
96	58	67
93	56	11
34	52	28
26	67	8
11	42	56
66	35	66
17	76	82
26	20	85
56	5	79
72	55	65
79	94	6
88	59	32
80	5	33
33	12	27
101	37	34
52	27	78
4	9	60
74	31	42
67	18	19
80	14	29
65	100	35
76	12	44
84	29	86
52	35	73
69	32	16
20	41	41
89	76	52
99	91	15
73	63	99
100	54	97
59	33	93
71	55	10
89	69	63
73	79	33
84	10	16
73	44	21
7	28	7
21	27	67
28	48	1
73	70	7
1	70	12
95	53	67
79	69	32
70	87	21
72	55	88
97	53	62
77	5	32
11	30	44
51	50	25
10	79	101
98	48	75
59	69	33
10	70	21
98	35	30
63	85	36
4	73	65
36	21	57
50	98	56
40	19	35
12	95	97
21	9	33
19	16	46
39	7	26
43	19	93
72	23	72
22	30	77
81	18	92
29	53	36
61	73	77
43	89	67
4	47	3
25	49	85
25	93	68
23	8	38
37	60	46
32	5	55
50	79	7
13	41	70
37	100	45
50	68	89
67	4	24
45	84	16
14	82	25
48	90	18
23	98	16
96	81	83
12	24	101
3	70	86
94	17	19
74	9	3
77	77	89
97	46	42
81	79	83
17	92	93
55	61	44
81	38	93
19	75	3
58	27	39
60	18	55
30	70	16
15	17	67
57	90	81
28	101	45
18	77	2
101	41	51
39	101	11
58	82	9
17	40	34
101	79	3
17	47	100
81	57	55
58	44	56
97	38	82
88	19	85
37	73	47
60	69	25
88	18	32
41	84	16
14	37	32
25	100	96
38	52	94
41	78	3
45	4	100
32	75	34
25	42	11
3	53	71
67	12	20
45	61	24
15	80	26
73	43	6
31	12	87
67	81	51
22	100	61
56	32	85
17	66	20
8	29	21
1	62	2
41	24	28
95	81	86
22	75	37
62	90	96
12	12	51
45	17	53
80	42	60
68	14	91
2	51	29
50	24	58
45	30	47
28	26	76
43	7	29
5	84	52
34	71	33
75	83	86
4	97	59
11	48	82
26	27	61
59	91	27
15	89	29
52	86	92
29	38	42
47	76	14
101	1	14
25	35	67
24	11	92
50	55	52
95	80	37
42	48	38
95	97	15
42	100	10
82	46	86
4	79	51
10	96	47
51	2	46
65	92	71
37	82	99
41	72	19
40	98	15
74	56	18
49	11	73
99	44	15
30	23	61
48	71	34
15	81	24
62	5	41
74	3	29
27	5	60
28	91	43
41	53	14
71	54	23
42	36	94
88	97	45
54	30	84
98	1	43
43	84	59
3	90	53
18	98	23
40	3	42
79	60	32
88	11	31
69	56	84
54	90	24
11	27	3
13	98	36
84	23	94
62	80	45
92	95	15
17	98	15
30	47	2
69	51	46
79	24	77
90	41	88
57	51	45
1	101	20
55	92	61
18	2	36
8	36	11
48	27	54
21	10	92
98	82	77
62	90	3
20	89	3
37	61	98
35	47	20
60	98	72
68	18	52
45	27	88
59	63	48
100	84	63
36	2	9
43	50	84
36	80	42
12	63	62
57	3	97
42	6	90
48	79	33
46	72	61
56	12	96
27	44	55
42	54	20
35	65	35
69	19	61
6	29	64
65	29	60
78	68	35
33	68	75
41	37	41
88	32	54
15	22	59
43	76	11
16	36	54
31	95	87
16	16	4
29	100	41
15	8	50
86	91	44
2	61	19
83	57	15
16	54	61
56	4	38
69	101	71
41	88	67
93	29	19
90	51	12
88	22	62
45	101	101
2	22	24
72	73	31
82	47	41
81	33	58
41	70	40
23	42	65
21	81	28
75	18	30
26	24	73
73	41	28
31	24	52
11	11	5
38	90	7
72	5	73
96	83	11
47	96	11
80	55	39
20	81	74
68	43	51
10	32	16
2	90	8
12	95	41
80	79	42
38	44	35
85	84	85
22	96	93
52	60	16
42	23	65
60	44	18
41	93	73
36	13	27
28	89	44
55	31	91
62	41	19
70	13	77
3	1	44
91	14	70
42	57	31
8	35	64
76	42	64
19	50	7
5	22	51
87	99	69
15	40	33
46	97	31
23	83	40
33	41	45
77	55	33
48	28	92
1	1	37
51	101	72
14	6	83
67	35	31
93	37	23
83	64	71
95	20	89
1	60	39
62	9	3
83	98	29
62	81	24
7	38	100
57	61	19
70	69	101
19	7	25
1	27	87
43	51	87
14	85	90
101	50	51
61	36	70
47	40	34
98	55	99
44	100	1
1	67	31
86	70	32
61	78	56
96	79	38
77	93	92
11	90	44
12	41	64
67	5	64
42	23	99
87	85	66
39	62	59
61	21	14
7	61	100
50	52	92
78	13	14
14	98	82
1	31	57
71	1	38
73	16	49
44	77	99
101	15	34
44	83	63
85	71	86
60	95	83
71	46	34
27	22	38
32	42	54
56	96	7
15	60	57
37	82	24
18	4	51
53	72	81
89	29	38
93	85	101
46	93	33
56	27	58
92	43	8
39	69	19
69	77	60
1	26	92
86	29	47
76	41	38
65	22	70
18	27	98
59	40	48
56	96	10
1	46	80
72	22	67
40	53	86
88	6	16
27	32	73
10	22	4
70	30	61
26	62	23
4	100	58
97	49	9
53	88	72
2	72	15
92	10	70
78	69	74
59	40	10
80	16	94
30	24	52
54	38	75
24	1	90
42	3	90
32	86	39
50	69	55
70	101	20
14	5	6
6	7	71
63	35	43
99	67	54
71	70	90
75	2	30
76	87	61
44	12	95
14	77	47
8	82	3
58	31	99
81	57	38
29	46	22
58	18	1
58	60	21
101	51	33
41	72	16
89	95	89
29	98	75
87	37	84
39	49	100
88	57	94
28	82	79
94	95	36
68	74	47
56	73	61
62	4	46
46	66	49
18	90	93
58	56	41
43	26	74
59	64	98
81	89	46
80	95	1
72	90	27
67	5	59
69	30	84
8	91	13
25	4	89
26	9	19
21	38	101
49	91	41
33	24	38
10	70	98
52	13	53
51	29	22
1	76	96
62	44	8
48	1	60
2	76	19
18	59	41
18	82	63
81	91	7
89	85	80
3	83	65
55	28	46
8	35	74
78	98	67
83	17	11
31	6	86
20	75	72
24	20	14
100	41	79
59	35	99
32	5	96
23	59	80
49	6	59
19	85	95
71	5	96
17	79	61
23	69	25
57	52	35
91	101	28
43	10	5
22	100	52
13	71	95
10	57	93
52	23	77
35	34	6
76	66	32
80	75	31
91	89	85
28	84	48
20	74	77
90	65	64
54	28	41
95	41	1
72	27	94
18	96	52
59	47	31
64	30	56
3	82	48
12	75	15
50	6	33
44	33	15
53	50	57
30	86	18
46	70	89
60	84	18
67	65	11
13	31	83
90	89	45
58	53	69
89	34	85
27	80	35
61	54	54
44	42	81
37	36	45
18	37	100
39	40	5
57	23	13
17	36	3
48	82	10
41	43	42
40	75	35
75	89	5
43	80	28
44	37	80
62	36	16
52	2	72
43	78	25
88	82	48
65	81	27
58	38	33
54	33	87
19	93	2
47	37	5
89	79	96
44	73	73
53	34	75
13	34	40
7	47	82
26	32	17
70	78	20
61	80	59
97	63	50
62	30	89
94	45	74
46	63	4
56	38	24
76	10	1
85	69	28
66	46	87
70	28	38
99	59	28
78	47	38
6	46	33
2	45	62
88	17	85
77	27	80
50	96	14
10	95	25
98	70	52
74	39	84
66	82	34
13	50	99
51	18	75
64	36	65
49	49	75
94	22	52
44	37	50
14	16	67
67	85	55
4	63	3
91	39	46
55	36	19
23	30	17
54	10	28
92	62	91
73	76	25
98	94	14
56	98	35
17	24	93
98	88	16
7	25	70
72	17	51
36	78	37
41	66	43
28	40	36
55	57	55
72	2	51
93	68	38
9	45	37
51	5	85
65	19	58
45	98	8
71	66	21
9	41	18
95	98	11
17	33	48
44	67	88
20	46	27
68	96	69
51	33	80
86	5	38
81	45	18
22	66	97
64	70	9
16	47	49
50	69	1
15	72	8
89	59	64
72	75	85
27	85	64
47	88	101
10	28	98
54	45	3
10	16	100
67	46	21
48	10	92
28	38	25
74	90	17
11	17	70
94	13	96
81	50	77
68	21	44
69	3	72
7	94	46
13	28	14
53	53	70
72	32	25
32	32	48
56	39	92
25	61	70
56	85	8
12	13	47
46	66	10
50	9	95
47	36	18
21	46	34
31	60	50
4	43	64
93	59	27
70	33	37
39	16	33
71	38	23
92	14	61
101	68	31
8	81	10
57	73	54
94	4	84
92	64	44
95	27	2
46	95	47
80	59	66
36	20	26
95	32	1
89	16	61
49	1	88
89	21	88
75	31	25
5	44	9
5	46	30
52	29	36
7	57	15
88	1	94
68	51	64
94	26	86
49	48	8
65	78	36
12	61	33
3	83	77
83	80	36
42	40	64
51	71	60
25	42	29
66	20	35
42	87	52
95	21	44
26	52	67
28	32	69
56	31	7
36	98	57
7	46	66
4	40	91
27	95	61
33	29	37
96	88	38
12	91	71
88	100	48
6	86	32
45	96	65
52	61	72
78	3	46
73	73	87
29	93	36
66	82	100
27	13	24
32	69	71
79	34	1
12	9	85
46	49	22
39	8	93
40	25	30
80	87	38
95	40	21
57	26	85
47	66	45
55	91	96
63	93	92
90	69	24
16	48	96
61	22	25
31	30	63
100	16	86
89	70	26
54	68	38
85	98	16
16	87	11
49	27	83
51	13	78
81	78	35
44	9	89
80	56	32
70	93	73
76	37	100
11	13	60
64	2	96
85	62	77
20	73	39
13	19	90
67	31	3
53	13	22
49	101	30
47	98	19
40	83	1
18	24	21
63	86	53
2	70	1
56	37	41
70	94	39
34	90	66
2	52	43
33	86	94
91	90	38
24	2	13
30	36	47
78	90	45
98	21	70
53	79	58
47	95	36
8	35	13
70	39	32
71	29	51
100	83	82
86	34	76
26	60	42
21	73	94
78	11	70
85	87	100
93	71	86
50	100	63
18	66	28
73	51	48
10	101	22
86	8	67
61	4	78
28	27	98
81	91	65
53	92	20
92	34	80
73	49	45
50	34	32
53	41	45
53	61	73
22	87	86
56	43	84
49	59	98
75	75	89
17	85	3
32	5	24
100	70	37
45	63	28
18	2	30
35	60	83
37	16	53
28	72	66
71	85	101
25	52	33
10	9	5
8	56	72
23	30	101
91	93	97
55	1	89
79	16	55
65	28	31
9	10	20
6	89	41
6	40	80
88	63	21
41	92	37
68	73	42
92	29	4
40	23	63
71	40	100
3	15	74
66	67	32
57	83	72
88	93	54
42	93	47
25	83	7
12	45	30
87	33	87
74	28	1
74	7	31
74	86	52
80	92	86
87	14	6
88	73	61
65	4	81
13	25	7
93	6	23
43	95	37
48	28	50
46	25	76
11	70	21
75	83	91
95	70	56
27	90	74
9	36	62
34	84	93
28	65	85
36	55	22
48	85	65
19	9	3
62	23	67
16	87	97
69	78	57
100	74	49
55	40	15
96	13	94
82	15	4
29	45	87
47	69	13
11	66	49
10	18	4
72	67	23
13	76	24
97	60	5
14	45	83
18	33	69
18	27	66
33	46	27
7	76	64
94	65	43
35	86	23
72	21	33
76	49	74
60	19	26
53	24	5
61	57	55
26	32	52
6	14	13
31	47	11
48	87	93
97	25	24
37	85	29
46	78	65
62	99	66
48	37	55
33	18	69
11	8	60
83	81	86
100	46	19
94	2	14
86	29	22
45	16	20
44	12	6
47	78	60
32	62	56
23	64	99
10	57	49
15	56	80
88	4	71
22	44	101
96	31	64
95	96	88
5	73	42
66	56	3
34	49	84
24	10	55
42	84	62
26	45	85
29	32	32
30	20	55
77	28	77
19	59	62
77	43	89
44	6	1
69	86	98
49	50	46
48	34	91
70	29	27
100	33	68
96	23	46
34	69	100
92	9	2
11	11	57
66	16	21
48	2	100
92	20	40
36	17	65
22	88	42
28	13	18
86	71	92
28	27	50
20	56	79
29	94	9
100	34	38
51	88	64
95	69	51
62	73	57
83	26	43
21	63	59
80	83	29
39	65	101
25	60	56
50	25	36
66	81	22
18	92	40
42	52	27
37	65	83
75	91	65
19	53	92
65	6	89
94	28	39
67	36	86
74	99	98
90	74	2
21	38	79
51	53	93
50	73	47
71	27	22
7	46	49
58	40	27
18	85	48
51	6	24
71	51	97
22	95	48
11	23	85
19	88	46
8	60	66
84	47	40
16	24	68
76	73	63
86	88	2
56	59	7
81	77	89
68	25	25
54	73	20
59	10	49
10	86	100
74	61	24
101	21	99
25	62	76
84	98	89
61	43	30
53	7	46
54	77	16
25	41	24
32	28	26
37	84	36
21	41	66
4	84	80
49	1	100
38	74	91
50	101	28
101	97	14
2	70	6
16	51	47
11	59	75
25	44	43
5	73	67
97	3	65
80	93	51
2	20	71
61	8	46
27	31	67
47	61	20
12	11	81
63	26	47
98	13	63
67	98	37
83	10	89
86	59	43
100	63	20
54	23	49
72	53	43
71	74	2
38	8	10
1	83	77
25	46	74
21	34	6
89	45	42
2	60	29
69	98	31
19	58	80
69	51	97
28	73	68
28	53	76
85	74	79
96	3	100
29	77	35
92	18	33
63	101	26
10	55	2
3	37	87
54	78	85
22	97	36
3	54	100
22	34	55
94	97	16
21	19	56
36	20	35
92	14	68
23	77	60
7	34	50
65	89	74
26	88	42
99	56	92
29	21	69
18	37	28
19	36	40
94	60	23
79	20	40
47	98	44
48	87	52
36	46	27
71	29	7
58	69	73
83	3	67
60	21	100
30	99	50
35	37	76
91	90	29
22	13	63
31	95	72
34	68	31
37	13	18
60	94	95
90	39	37
85	61	41
85	44	29
54	66	1
25	13	3
101	49	77
75	75	10
65	19	11
75	69	14
29	3	15
51	21	17
18	64	31
40	10	79
81	10	72
7	55	59
75	20	28
62	73	83
70	86	99
92	68	45
21	68	52
39	42	101
46	44	9
62	66	94
28	73	26
46	81	17
36	90	36
6	2	40
92	3	51
79	36	41
49	43	79
19	43	70
93	14	88
38	68	1
2	3	33
97	38	41
73	82	12
40	15	6
31	88	7
28	29	42
84	28	43
10	95	12
81	64	9
40	30	60
58	72	20
50	56	37
50	47	53
65	3	44
42	15	39
62	3	91
37	8	2
75	40	23
63	63	101
69	19	9
19	58	18
34	62	12
13	55	10
27	50	53
58	16	91
69	23	66
20	53	45
20	36	70
25	66	21
54	15	95
53	33	27
90	56	12
100	71	16
58	84	61
50	54	43
3	99	75
9	58	2
74	35	14
56	21	74
92	73	81
59	62	101
86	16	64
54	15	84
25	47	43
40	92	66
94	78	16
26	44	19
71	56	71
90	95	72
20	89	65
61	27	49
94	51	100
94	52	41
25	79	17
17	99	8
7	97	24
84	87	62
86	56	18
100	83	6
1	43	23
89	82	56
10	23	44
53	30	78
62	8	33
47	28	27
80	50	70
31	87	39
4	67	2
55	31	54
18	7	51
32	39	65
53	89	59
58	57	101
80	18	41
31	87	4
41	11	73
96	20	4
11	37	37
49	55	71
94	94	84
10	43	26
46	70	39
54	88	94
51	96	94
5	35	18
97	1	51
71	54	13
9	58	98
52	50	22
93	8	38
26	33	28
64	54	43
8	13	36
62	48	87
43	83	29
40	28	31
8	53	27
38	85	90
86	78	68
95	44	80
64	38	43
28	29	39
97	25	58
36	39	34
48	55	47
11	66	60
95	20	36
42	32	75
25	80	101
95	20	86
85	70	39
5	72	69
83	13	37
6	52	44
20	72	51
58	1	89
73	91	87
10	36	47
48	75	11
16	7	46
56	30	67
69	80	51
20	35	76
44	75	27
92	54	25
78	17	52
37	71	80
68	87	97
100	16	8
68	56	44
14	27	6
16	40	2
48	35	44
6	96	96
13	6	21
96	28	65
35	48	86
45	29	27
90	49	15
19	63	88
6	37	3
31	53	73
23	16	40
88	23	37
35	52	76
93	50	91
67	59	9
4	101	82
43	95	1
8	100	91
84	20	37
34	34	91
36	11	5
80	27	95
32	73	38
52	62	24
50	75	75
85	54	67
54	45	23
9	68	97
76	16	13
56	90	93
11	43	64
68	14	10
85	93	70
42	68	42
65	40	20
43	41	101
28	28	32
72	46	86
69	39	67
51	35	41
96	16	50
97	69	54
74	64	76
19	94	39
46	54	62
53	26	47
41	23	66
75	59	19
29	5	38
35	97	10
22	78	85
20	50	62
100	29	101
63	37	4
58	83	83
34	3	1
49	28	74
91	73	48
17	70	6
13	99	52
41	93	55
27	80	19
18	16	13
3	65	18
97	53	25
35	87	73
79	83	14
75	98	38
26	71	90
83	18	32
78	82	59
77	49	25
30	63	97
31	19	61
94	19	72
50	16	42
12	59	75
94	101	15
88	93	35
101	1	56
16	64	31
15	78	54
31	18	52
93	6	75
1	86	72
78	61	59
54	18	29
91	70	61
99	76	69
20	87	8
60	96	93
14	2	79
68	50	19
89	19	5
66	43	52
79	22	100
78	65	48
91	90	15
25	53	92
79	26	4
2	79	7
99	31	91
62	35	52
51	61	51
67	50	64
97	92	35
56	30	63
5	20	83
12	57	83
100	87	94
65	89	98
69	47	40
93	63	74
85	6	97
95	30	40
80	21	51
35	29	48
54	94	2
101	77	34
64	88	85
56	67	31
20	95	34
93	61	41
39	74	46
54	6	40
25	24	44
28	73	46
90	66	70
51	82	30
58	24	34
85	61	51
28	64	56
67	61	44
95	90	58
90	66	94
45	35	68
81	79	63
55	33	95
67	43	99
59	39	8
99	99	51
68	20	13
76	52	51
7	43	45
59	8	37
73	49	83
31	3	46
97	69	18
97	58	41
46	75	48
13	45	36
88	4	92
12	51	82
21	11	97
59	16	83
32	88	45
42	2	5
95	37	37
91	69	10
58	37	4
34	46	80
69	66	96
35	36	99
98	34	7
47	41	88
36	40	69
37	70	34
60	5	84
90	2	99
88	92	85
93	48	72
53	59	3
46	29	63
25	63	84
19	39	26
90	79	6
69	48	67
43	56	25
30	87	37
13	16	12
21	62	29
49	42	43
41	10	58
94	28	89
50	28	16
87	77	57
26	97	9
69	2	16
64	70	94
82	78	55
75	10	53
97	82	79
29	4	84
33	26	89
64	39	18
45	78	18
18	43	77
10	88	54
75	26	59
5	59	82
99	37	78
90	3	19
54	39	73
37	23	75
99	29	5
85	32	80
76	84	93
61	35	51
30	26	8
6	87	20
44	67	40
97	59	38
46	81	100
65	94	57
87	56	47
46	4	27
80	17	25
53	2	11
51	57	73
76	28	29
58	63	24
14	25	39
40	18	80
3	59	32
23	77	38
84	10	32
44	93	79
85	3	24
46	87	42
55	13	80
40	85	33
94	74	99
64	37	12
13	30	50
58	2	67
64	87	98
42	9	80
33	51	85
53	4	76
99	70	68
76	55	80
37	17	30
46	31	38
83	73	28
38	29	87
55	44	87
15	49	43
50	44	33
65	15	84
78	3	25
100	86	100
46	69	78
38	29	10
84	24	39
6	26	39
91	74	20
4	78	37
51	88	58
78	78	95
62	7	69
49	49	49
33	90	63
90	30	48
68	14	56
38	1	62
4	85	88
48	62	101
7	19	60
95	59	48
28	25	67
34	38	31
3	12	19
4	59	82
7	24	101
53	71	52
6	70	47
32	36	92
76	2	76
83	1	1
96	75	48
55	7	14
22	1	65
57	55	51
53	91	28
85	93	34
8	35	22
23	96	28
12	48	100
93	11	4
100	54	10
70	80	90
26	21	86
78	93	68
82	95	100
72	85	56
25	9	74
37	74	18
10	31	63
23	29	42
87	60	4
11	19	58
66	61	81
22	83	94
75	19	49
35	92	51
58	12	66
81	35	57
14	32	53
71	97	41
73	2	68
34	77	63
82	68	3
25	13	30
55	89	11
101	37	49
93	83	51
95	57	52
52	73	85
26	33	33
9	89	43
72	71	22
73	88	99
16	57	2
58	59	18
25	30	13
69	34	34
7	43	19
4	54	33
27	59	72
26	46	31
54	28	44
7	45	16
39	7	9
13	89	55
49	77	43
83	39	19
91	83	87
80	97	20
21	50	5
15	27	68
91	29	34
20	39	83
69	19	49
21	49	18
64	84	44
21	93	101
83	18	51
31	53	83
96	23	7
9	64	78
43	79	11
98	21	36
86	64	40
11	29	21
21	64	70
74	68	61
40	22	66
34	45	76
49	67	78
97	46	97
63	99	4
59	41	80
46	28	39
11	3	54
1	93	1
46	45	32
16	9	82
93	17	69
78	26	52
4	72	9
42	88	80
63	59	81
23	91	76
2	99	73
101	80	5
50	14	85
6	76	62
71	47	96
23	19	54
76	74	85
13	20	25
77	38	94
49	73	77
19	25	83
4	95	46
100	75	42
64	5	34
100	31	45
2	16	6
12	32	53
67	54	19
82	74	86
99	41	73
86	88	92
14	70	32
85	77	18
84	21	45
44	98	39
88	73	22
33	67	37
46	28	67
46	49	91
44	45	58
3	80	11
57	76	65
101	14	21
6	18	35
69	17	96
44	75	73
101	87	18
27	18	64
27	23	5
38	2	64
11	27	92
59	83	82
31	41	90
43	55	48
51	92	19
76	88	64
45	91	55
25	12	21
98	88	13
15	87	52
25	63	65
7	98	11
87	79	54
86	99	94
6	39	73
11	37	80
51	54	16
55	6	20
44	4	14
35	77	87
22	47	64
101	70	30
31	88	71
52	64	3
76	76	85
80	47	46
80	70	92
8	44	37
98	101	76
45	26	24
37	8	65
70	17	29
51	7	12
28	29	77
33	94	70
83	18	79
7	19	14
22	36	100
20	83	36
10	75	66
48	45	87
69	83	60
31	32	32
70	21	27
71	74	79
3	37	75
98	8	83
39	12	14
47	9	76
35	54	6
85	72	82
85	101	56
42	10	93
84	47	66
81	97	81
3	20	60
61	35	24
64	23	76
75	51	14
50	4	85
30	98	79
36	77	23
53	75	30
48	100	76
67	2	81
92	24	2
50	49	67
9	26	92
12	33	96
74	37	25
28	50	13
50	5	62
10	94	66
59	92	64
81	1	8
73	59	46
73	101	79
13	29	9
14	100	17
99	94	26
79	5	80
35	69	12
29	97	51
24	63	24
34	36	85
94	52	29
8	64	64
63	41	44
95	18	86
23	72	86
59	50	54
26	34	95
78	67	83
76	2	26
70	55	75
68	100	99
80	30	55
67	57	55
66	68	6
75	63	21
47	65	1
35	42	41
83	45	80
52	53	11
5	62	79
99	94	76
49	42	101
15	53	87
17	51	96
34	70	22
43	39	36
2	101	43
89	6	64
74	37	94
17	49	75
5	38	10
16	46	4
51	70	92
40	32	44
22	37	47
73	33	76
68	71	58
52	32	47
25	33	46
81	7	24
26	18	27
63	74	97
59	81	73
40	51	56
12	80	54
6	40	55
73	77	43
54	70	26
16	46	5
57	31	5
92	4	59
9	92	18
27	71	38
33	31	17
57	70	39
49	93	86
3	30	14
33	14	3
3	82	23
61	76	93
83	61	6
6	36	45
68	30	63
85	31	69
6	49	63
54	45	45
65	45	13
62	16	12
40	92	86
69	22	99
39	34	95
13	35	63
80	60	24
51	42	71
3	90	21
63	26	12
95	79	94
15	97	91
21	69	13
78	98	23
27	71	28
89	33	67
74	13	47
20	65	9
39	62	24
95	8	46
19	99	82
101	3	38
45	22	85
3	7	7
45	69	29
65	7	7
7	12	38
47	65	2
28	42	73
101	83	72
72	4	91
15	65	56
54	95	22
99	12	67
26	7	101
28	69	75
5	92	30
90	62	89
50	7	23
31	67	1
59	41	29
50	22	26
2	49	1
26	68	78
52	38	22
39	97	59
46	83	35
22	33	42
70	6	18
39	15	82
7	15	56
97	85	95
8	88	3
86	4	22
84	49	51
9	10	65
14	72	13
6	1	40
97	80	25
100	80	4
73	39	63
69	32	76
65	23	28
21	95	80
52	46	14
1	54	44
14	99	95
2	63	82
62	99	82
78	65	32
36	80	51
78	15	56
2	9	82
95	15	11
15	77	85
5	101	51
91	75	73
78	28	75
42	19	26
101	36	95
101	16	34
29	101	68
54	66	47
4	77	87
95	42	59
101	77	55
30	37	8
49	37	99
7	26	88
93	49	98
88	26	33
89	15	89
79	4	74
74	51	36
86	43	59
1	28	85
40	34	41
35	51	29
50	13	97
88	37	22
47	83	99
2	101	91
70	16	51
35	34	27
88	67	25
91	22	34
77	81	30
13	78	24
14	86	14
16	100	48
60	28	94
64	17	53
86	59	85
84	9	84
13	8	85
42	91	39
55	55	77
67	71	46
33	18	19
72	73	2
62	42	49
100	60	3
7	55	59
1	92	19
44	22	57
100	81	61
40	45	90
58	61	3
32	45	54
51	80	37
35	19	32
8	63	18
48	66	35
99	48	41
21	41	5
77	36	93
84	14	13
10	9	90
59	94	93
5	8	47
63	69	82
95	66	87
8	82	47
73	66	101
60	69	50
30	16	54
40	69	89
14	38	14
63	97	73
42	3	93
22	17	63
26	54	48
76	32	22
36	44	37
57	16	88
43	25	59
57	70	3
27	70	46
92	75	12
54	54	26
93	32	4
74	9	24
90	77	42
65	93	32
14	84	62
67	17	82
45	82	64
14	64	32
25	46	83
100	65	66
54	69	50
80	74	7
62	10	29
18	35	59
26	87	91
77	72	15
17	90	12
40	44	5
55	52	26
12	93	80
52	2	95
89	56	29
36	79	1
21	89	41
51	98	89
98	10	87
60	32	74
86	31	11
55	30	15
25	79	39
79	29	71
56	24	25
71	80	33
98	50	76
4	8	73
12	53	72
98	62	1
12	84	67
64	8	74
64	15	6
28	34	17
44	51	35
87	31	100
2	5	89
46	10	47
13	78	3
101	15	11
3	88	31
39	32	27
46	21	11
36	66	88
5	83	32
42	38	76
45	30	79
44	49	30
78	95	3
52	49	10
69	38	88
11	44	13
32	56	57
3	1	89
35	72	39
82	4	34
100	42	8
47	19	66
81	100	78
99	69	34
38	79	34
82	20	17
81	12	75
94	36	69
75	86	26
22	95	35
57	9	65
65	91	62
70	30	80
14	72	44
59	14	33
23	44	98
7	67	94
38	49	92
8	78	34
7	82	7
84	71	86
91	1	22
101	21	28
4	35	11
33	91	27
49	35	25
69	71	78
57	43	66
60	68	14
99	70	25
94	38	72
77	12	75
38	62	72
28	41	15
82	8	84
16	64	29
74	9	65
68	92	68
95	77	92
49	37	74
26	34	52
5	71	45
16	80	21
96	21	51
64	93	54
10	6	16
66	82	96
52	70	82
24	21	8
72	13	85
36	33	24
46	26	76
25	26	7
63	61	25
20	76	28
17	46	31
10	53	82
74	94	75
58	23	58
39	68	47
5	15	6
69	7	5
25	31	79
99	44	92
51	82	12
77	13	46
36	7	54
67	56	32
10	91	32
91	86	60
77	84	45
70	40	99
94	64	64
89	78	26
90	88	48
16	98	90
47	15	100
1	83	79
90	50	31
23	86	15
5	31	32
36	17	72
27	64	49
34	76	90
46	64	42
66	26	72
92	13	73
48	46	32
3	20	49
72	63	66
26	4	27
16	6	21
71	44	83
38	55	29
33	91	11
78	80	14
5	50	24
96	33	36
86	37	58
41	85	73
15	9	52
46	15	26
31	1	29
48	69	90
7	70	27
47	71	43
84	78	11
84	10	64
100	1	85
3	72	71
31	37	76
74	30	85
18	10	9
56	38	62
38	23	82
28	67	69
58	37	20
90	74	2
84	79	1
3	20	44
19	80	2
42	35	12
84	57	86
98	41	12
21	62	15
37	33	17
31	35	29
85	7	100
36	46	46
25	86	25
82	12	44
45	37	95
26	10	87
41	66	8
5	94	76
64	31	38
99	90	69
80	45	101
13	5	41
6	34	68
87	15	19
60	25	100
49	57	84
97	12	97
12	44	37
99	69	89
81	54	82
58	92	98
51	70	27
9	6	68
5	87	80
67	85	46
65	64	101
37	37	85
41	38	47
94	61	10
27	45	88
68	65	26
26	41	2
83	61	27
93	43	43
6	97	56
6	53	65
31	36	61
71	32	47
79	79	97
45	77	88
90	44	21
41	57	62
97	32	84
98	11	49
89	87	70
42	21	34
66	24	78
82	45	74
25	34	40
57	31	28
3	40	23
4	93	56
70	66	42
77	94	36
8	57	27
24	66	35
22	42	38
39	87	91
17	56	26
72	59	77
92	25	41
89	12	28
20	28	98
8	45	28
78	75	90
12	73	98
79	54	82
37	95	48
13	98	94
89	54	90
83	79	46
56	7	43
74	99	43
42	21	88
3	88	39
54	8	11
80	39	14
99	99	101
36	19	18
58	9	85
45	58	9
33	74	52
51	51	23
57	101	56
46	78	82
64	89	50
20	28	37
46	78	36
26	50	8
63	90	37
21	92	24
36	6	30
38	40	66
88	25	73
18	81	53
99	2	78
24	4	49
40	52	66
56	24	2
70	40	101
12	35	24
36	40	48
48	6	78
65	54	18
87	50	87
94	73	73
28	78	71
77	28	57
58	36	101
56	56	92
41	73	15
2	99	58
55	14	99
100	72	6
28	83	62
16	15	19
10	1	1
20	18	79
64	98	26
101	90	74
42	68	24
44	12	53
95	43	26
41	31	14
58	57	79
10	40	76
6	94	54
47	87	93
64	44	6
80	60	55
57	89	84
100	32	64
97	20	47
43	72	90
87	96	40
95	67	80
87	54	38
97	43	91
33	71	98
53	65	71
14	49	52
97	37	6
80	95	66
46	60	45
51	65	47
51	24	90
12	94	65
31	18	9
65	33	12
72	2	95
20	67	21
41	33	92
17	58	94
26	18	101
100	82	101
51	15	29
17	18	56
7	28	17
30	59	83
77	1	36
92	58	19
61	28	49
20	93	25
48	35	33
47	96	71
2	45	38
81	65	42
82	6	52
32	9	70
57	85	73
34	100	38
66	87	95
79	44	73
66	42	86
82	21	46
45	50	63
44	75	35
93	3	72
70	50	86
60	59	83
30	25	35
51	57	93
78	53	72
72	80	44
35	53	25
91	28	8
53	18	64
47	20	70
35	101	1
94	86	89
79	29	26
43	5	3
2	62	11
56	18	1
90	69	70
18	31	50
72	10	4
26	76	35
64	72	15
17	57	32
32	67	50
93	75	10
74	77	80
26	88	40
21	39	78
32	23	85
35	94	92
89	46	66
45	41	49
26	24	40
32	31	17
53	32	11
4	49	47
16	80	61
66	96	56
97	84	80
52	90	73
45	56	89
48	100	30
68	24	37
3	97	31
92	32	64
10	93	65
93	21	84
22	99	15
83	37	26
4	49	1
60	68	6
82	57	95
88	25	18
64	70	80
59	91	58
4	79	82
21	52	3
93	96	31
11	94	54
6	22	14
80	95	81
60	94	4
80	53	101
11	14	99
62	46	54
21	49	55
23	67	61
16	38	76
54	70	24
43	20	32
25	35	32
49	63	5
34	39	84
56	73	22
19	9	53
17	18	67
56	52	77
11	79	69
77	33	49
64	50	49
25	20	51
21	83	10
35	39	69
61	88	96
53	55	8
99	47	55
10	67	7
67	38	74
49	25	64
33	45	64
50	15	85
20	41	72
46	65	61
20	15	80
28	6	38
61	78	47
13	52	55
97	67	97
9	31	63
15	64	70
72	51	45
50	29	22
44	29	79
66	83	65
21	53	9
67	86	96
25	9	30
90	7	78
71	21	96
1	40	81
40	46	18
69	89	31
78	58	42
70	48	14
89	58	17
78	21	29
13	31	54
96	78	63
1	16	6
42	13	72
85	83	93
16	59	83
76	31	63
90	17	99
88	93	72
95	58	16
9	36	18
66	52	85
101	55	27
33	3	14
80	36	101
94	81	95
26	88	71
69	61	9
82	98	12
14	8	17
66	37	80
34	55	20
57	38	34
60	67	38
40	43	36
14	3	22
67	94	51
35	5	68
33	66	5
92	96	42
86	92	40
45	78	38
58	13	20
42	80	21
45	32	6
17	12	73
44	24	64
15	68	18
34	4	28
60	70	95
40	49	60
48	42	71
92	5	63
41	34	64
44	48	46
22	14	1
28	38	58
4	88	49
83	87	54
18	53	73
41	18	75
9	17	57
37	43	96
91	83	95
58	9	41
28	92	37
58	66	5
11	65	54
67	11	58
49	76	28
22	61	88
87	76	38
37	75	32
15	31	9
84	66	32
61	21	74
29	30	51
50	49	51
76	54	29
44	1	83
68	78	91
68	24	82
9	65	12
42	47	13
48	51	27
14	11	35
84	32	57
47	12	23
31	54	33
89	10	16
67	4	75
82	34	16
95	63	5
66	73	97
12	58	47
101	42	100
92	33	62
80	8	42
16	43	49
69	2	13
24	54	14
40	15	69
89	34	85
43	11	94
26	74	13
3	12	39
66	94	4
71	33	50
42	26	75
37	18	48
69	92	22
99	75	38
101	85	71
65	21	65
94	73	26
21	14	90
58	40	65
37	31	39
50	27	51
21	32	29
6	91	20
86	63	87
43	71	76
5	1	7
15	20	26
69	95	63
9	91	73
77	81	42
65	88	35
67	15	1
11	46	60
55	19	46
98	64	52
74	41	78
95	51	26
73	41	75
47	37	42
70	99	93
32	2	82
72	93	31
28	17	85
52	82	78
75	89	26
30	19	9
86	45	72
83	91	33
69	72	95
82	22	4
89	101	59
72	24	19
50	18	54
67	98	65
88	90	32
1	12	66
81	23	65
93	93	48
42	56	40
79	91	27
83	34	3
31	87	58
32	29	22
52	31	50
11	81	59
90	55	41
72	51	12
86	8	90
65	101	31
42	32	68
81	94	22
5	93	13
5	70	70
55	79	86
2	98	45
69	20	54
58	47	43
15	5	70
13	52	66
62	80	87
18	23	60
16	21	77
30	31	33
38	69	18
46	81	101
76	52	12
40	11	87
7	93	9
91	88	80
11	16	59
75	32	26
52	55	4
80	63	2
38	52	24
88	65	4
88	69	6
31	90	84
60	10	98
80	24	86
84	95	25
74	27	90
29	35	24
77	73	4
16	49	85
31	101	31
3	52	19
26	39	11
57	90	24
66	1	66
91	24	99
13	13	35
58	9	86
90	19	13
64	61	29
48	99	13
17	69	80
69	90	48
70	91	68
22	89	34
54	3	60
56	67	97
35	48	27
81	33	49
16	92	63
90	76	40
12	92	42
37	32	51
84	39	68
66	7	84
67	14	79
44	77	37
88	92	14
33	56	35
24	75	46
36	83	42
75	26	64
66	42	4
5	48	62
47	95	67
83	6	80
48	74	91
89	29	16
12	34	78
72	55	39
79	10	78
45	85	79
98	14	62
52	6	25
86	16	74
82	54	68
44	74	70
6	47	99
30	31	46
87	75	39
24	92	1
81	62	79
11	64	64
67	30	87
24	76	36
92	52	58
32	9	13
75	53	26
93	48	54
61	74	81
61	54	24
60	27	93
5	87	47
22	76	71
47	38	14
29	60	100
36	25	92
86	45	43
67	80	39
31	85	5
26	95	66
8	65	10
46	80	26
76	5	3
4	59	95
78	4	5
15	45	65
72	35	57
78	46	40
87	9	8
35	83	72
80	43	64
39	51	33
70	100	87
48	67	91
55	6	38
85	82	64
91	32	70
84	19	47
38	83	71
99	36	60
87	68	1
94	42	2
101	42	74
52	86	38
39	35	91
74	2	17
20	2	44
89	17	2
4	11	70
38	31	93
51	67	13
4	77	72
24	73	44
40	46	20
27	87	63
79	59	79
17	30	17
19	35	19
62	75	96
81	18	26
84	51	1
12	76	98
40	46	84
49	70	43
45	59	73
21	68	71
33	7	16
67	81	76
100	31	2
53	49	69
17	41	42
25	56	75
44	73	6
76	70	28
96	67	83
33	78	101
42	89	5
30	84	1
50	15	6
55	6	66
100	94	22
97	26	9
28	69	72
29	73	83
17	18	51
8	85	18
70	79	17
9	43	90
79	49	80
68	55	31
24	60	18
79	33	101
48	34	80
64	23	2
4	35	96
100	11	92
22	61	82
32	69	83
74	68	45
19	71	18
1	31	91
36	60	52
38	16	56
100	78	99
70	17	86
74	97	31
46	47	45
17	41	60
81	56	51
70	12	8
49	86	24
82	73	71
94	55	85
58	27	79
42	46	4
101	23	42
100	91	68
32	91	58
96	17	77
23	69	55
95	18	22
31	101	33
81	65	45
72	58	24
32	43	48
18	39	63
91	47	22
86	43	9
4	88	31
20	59	94
31	84	84
3	93	24
44	18	27
12	25	92
36	50	72
17	53	90
14	23	24
75	63	59
65	95	26
66	13	55
85	89	86
24	101	77
76	93	47
6	9	23
75	17	55
26	46	15
101	55	54
32	50	45
80	12	48
2	26	43
52	68	72
6	38	65
16	94	64
32	77	92
3	55	68
46	10	38
25	66	60
37	79	45
3	74	94
5	54	24
19	48	13
87	76	47
46	3	97
6	54	96
65	91	13
19	37	90
3	91	34
68	69	8
57	80	72
39	100	90
1	46	60
79	72	39
75	11	79
1	10	4
86	18	86
57	76	6
91	9	29
99	99	99
11	86	67
94	50	100
50	2	26
70	83	32
63	49	95
51	10	68
34	35	101
7	75	78
57	99	71
13	72	7
21	21	67
42	74	16
63	16	21
81	69	8
36	83	50
62	77	19
88	7	54
69	46	70
86	77	46
12	28	90
40	10	60
38	90	15
65	22	19
79	6	61
43	56	87
23	22	52
47	95	15
76	29	75
49	95	83
68	29	81
57	83	38
18	50	13
84	14	4
24	8	33
21	22	64
100	64	75
21	13	45
10	80	31
28	69	87
24	30	44
13	30	81
85	78	97
65	16	100
12	54	68
1	2	66
73	46	11
41	56	39
73	60	47
60	6	50
59	81	16
69	85	57
25	66	85
12	37	10
26	23	59
49	62	40
45	16	61
83	22	25
22	38	57
99	72	62
11	16	16
85	12	93
18	88	88
83	55	17
19	36	29
64	36	70
52	81	53
52	93	80
61	77	54
44	42	100
88	84	53
42	12	98
58	21	20
45	57	100
61	99	68
30	8	74
15	50	27
32	62	21
4	42	49
73	21	61
25	47	26
20	51	26
96	73	40
86	14	51
6	46	16
26	100	21
84	30	84
99	17	44
93	27	45
50	78	94
15	48	18
12	37	5
15	8	1
33	97	44
75	28	8
83	43	11
92	64	83
43	53	69
5	96	13
19	78	27
67	34	62
58	21	45
2	40	18
17	93	22
14	83	98
81	19	96
82	16	47
46	37	16
73	43	38
10	64	18
41	41	20
93	67	51
61	29	34
73	41	81
9	90	5
78	7	89
28	85	99
71	37	66
98	53	4
36	12	84
65	19	29
64	21	46
6	6	32
88	16	22
44	1	53
68	37	1
12	40	72
2	27	3
46	29	1
41	52	66
59	71	13
43	25	60
54	88	66
39	70	32
31	7	70
4	89	56
63	101	61
66	1	35
7	6	14
43	86	93
6	16	10
36	41	59
8	52	44
87	30	78
72	6	78
83	63	78
28	11	37
84	1	9
62	77	20
38	66	16
54	9	39
89	18	30
28	70	15
72	76	81
25	2	22
18	8	9
13	41	42
18	20	56
79	37	76
17	28	12
89	51	66
28	20	34
22	48	1
51	67	22
59	56	101
27	31	55
54	50	32
36	3	3
99	53	83
11	53	53
42	53	8
49	2	98
17	59	72
46	32	98
101	56	10
74	60	64
84	5	98
28	75	29
101	19	100
12	97	1
14	65	30
31	79	49
39	56	35
80	57	73
21	35	80
4	53	55
71	101	46
98	27	15
41	39	78
3	8	81
5	59	75
62	5	45
18	38	34
90	101	94
85	40	43
91	57	83
28	10	6
89	11	72
87	24	17
61	67	98
16	41	47
47	82	43
20	92	17
28	13	91
80	31	63
88	45	38
76	31	22
26	46	40
71	65	96
55	62	31
27	92	7
101	85	63
53	59	28
14	51	81
58	28	26
75	25	59
58	32	59
39	83	39
80	97	42
89	53	10
26	71	99
78	77	82
69	39	86
82	58	46
60	52	32
48	95	65
85	26	6
58	40	38
14	31	77
5	26	13
35	48	28
82	52	33
50	13	40
84	90	73
96	60	16
27	13	89
91	10	76
99	38	61
20	81	73
7	55	91
21	72	43
23	63	57
24	83	4
87	24	60
85	22	101
2	80	96
75	16	8
20	21	100
84	3	9
13	66	96
101	77	79
32	59	45
19	97	14
47	101	30
9	4	86
41	21	43
16	74	37
22	27	36
61	57	19
6	46	67
64	71	84
82	40	98
12	4	91
15	5	21
2	38	7
56	13	17
46	29	59
66	89	86
68	17	12
1	71	68
14	3	94
48	79	101
1	78	53
44	90	87
13	28	60
17	85	76
48	39	63
7	24	13
87	74	40
9	93	53
46	32	61
82	39	18
40	29	85
4	46	22
65	17	87
31	49	64
66	20	24
78	51	22
28	18	9
94	47	34
89	36	13
90	86	91
21	84	22
64	54	42
41	48	74
10	69	40
79	1	55
100	25	34
79	22	78
7	42	50
95	10	78
43	24	22
18	22	83
19	27	8
4	40	91
83	31	38
65	79	33
8	65	90
76	45	66
40	10	54
57	70	92
83	31	52
85	36	74
97	100	26
95	12	75
71	99	71
60	56	52
56	58	46
50	17	23
47	12	81
97	31	74
94	89	30
34	83	67
64	86	25
6	50	63
50	61	10
61	44	74
96	41	35
91	33	15
27	93	45
97	41	71
26	19	41
8	37	52
22	82	65
87	91	11
98	89	64
101	36	38
24	15	83
75	83	31
40	83	16
39	17	37
90	9	12
37	98	19
1	39	3
20	33	23
85	62	29
70	95	25
7	33	34
34	101	14
26	70	55
87	75	38
51	94	99
78	48	87
80	70	31
98	4	61
17	5	43
22	69	8
36	64	58
7	2	4
63	39	80
16	14	22
61	91	72
85	73	48
11	83	38
47	77	100
49	83	36
52	79	42
42	43	6
29	57	92
50	93	54
15	57	96
28	46	50
64	58	97
69	30	87
33	54	67
36	63	4
65	93	59
32	29	65
23	89	64
70	40	10
3	2	94
91	23	51
38	59	85
83	80	12
81	31	23
45	54	87
8	8	60
51	2	33
34	70	75
72	18	93
45	63	6
28	35	2
14	21	47
43	6	88
70	35	73
82	16	79
25	95	47
83	46	18
45	91	42
64	94	79
62	74	17
72	97	94
98	41	7
72	14	28
77	19	8
86	52	39
46	54	18
61	81	2
68	64	41
98	64	21
87	34	7
29	66	88
52	67	86
53	91	3
21	83	93
20	67	37
51	81	45
21	48	12
71	83	89
55	18	52
81	10	60
8	11	16
18	43	92
89	59	99
31	21	70
83	64	51
100	24	73
75	71	7
84	26	3
41	24	30
61	52	29
13	39	92
57	69	9
38	46	66
9	23	29
49	38	41
12	33	58
14	72	72
44	1	37
17	33	71
70	73	13
47	17	18
45	28	70
73	37	21
16	30	69
78	81	79
18	101	27
58	5	61
97	53	74
37	68	100
100	72	77
17	101	28
9	12	72
31	93	99
35	5	31
4	84	100
30	34	57
97	15	56
31	4	77
58	63	79
22	59	93
74	36	17
70	68	79
52	83	80
30	54	17
4	36	96
62	77	94
55	78	74
6	79	88
8	39	47
29	60	26
66	43	100
11	41	65
95	48	79
65	40	21
23	60	46
55	96	67
47	60	6
86	80	34
4	71	31
97	83	7
10	39	73
67	53	49
10	96	67
18	42	17
48	52	18
61	73	67
77	30	59
76	12	56
87	10	84
27	54	72
100	92	85
84	37	75
58	46	58
52	8	87
15	33	82
11	65	50
33	49	67
13	77	27
73	54	82
42	39	80
81	40	92
89	39	84
50	68	89
6	36	16
21	7	6
68	15	70
8	7	34
44	92	59
101	3	56
26	47	58
8	35	77
92	35	18
16	22	69
40	7	74
62	5	68
87	69	68
67	9	83
17	48	31
71	5	45
89	30	53
11	60	49
2	43	67
5	13	88
83	60	68
12	11	74
73	41	100
37	64	35
99	6	29
13	94	45
36	87	20
73	98	84
53	15	44
71	67	32
98	36	92
35	99	2
39	48	64
66	91	18
42	14	69
21	21	91
41	54	96
87	71	42
55	66	86
74	58	53
13	28	36
94	67	83
31	24	10
91	63	73
85	20	86
97	62	40
19	31	28
4	92	18
75	90	42
52	75	14
73	44	68
5	7	1
90	13	96
18	3	101
43	97	57
11	80	10
89	66	74
35	89	67
44	55	20
91	33	74
28	68	58
61	4	18
94	25	87
44	85	33
78	47	93
23	12	12
46	27	17
35	42	51
22	5	16
37	24	85
92	3	19
3	63	96
97	10	74
7	44	35
87	54	10
57	78	46
62	89	8
91	62	68
54	95	19
8	16	10
16	19	83
19	97	52
43	22	46
44	87	73
20	12	35
21	91	20
60	100	10
84	35	58
24	47	29
36	81	88
29	89	47
70	21	45
62	44	67
74	26	72
33	87	11
40	71	4
70	74	53
37	76	1
36	45	93
70	9	30
96	90	23
6	25	39
35	37	33
20	39	64
96	62	96
84	66	39
21	71	98
4	23	6
94	84	19
44	15	6
101	41	51
50	37	76
96	11	50
88	37	90
68	78	92
16	56	20
54	30	57
4	16	39
64	40	33
92	76	39
78	100	36
12	87	20
2	24	37
71	56	16
40	3	76
82	31	64
67	12	75
96	73	84
10	68	10
54	100	41
100	38	29
22	4	20
28	75	51
54	37	7
5	14	68
18	33	68
95	69	98
1	51	23
99	24	74
28	4	56
93	87	12
84	66	78
29	1	64
16	22	65
27	73	93
87	63	98
28	91	14
101	1	43
31	19	17
77	58	14
87	27	50
56	35	77
67	20	13
83	53	9
50	44	73
96	54	96
5	95	33
7	26	48
72	10	3
51	39	42
40	89	87
67	84	94
23	16	6
18	42	40
99	7	96
86	99	13
25	30	84
60	47	101
17	44	94
32	9	19
97	23	62
100	67	98
22	42	18
28	37	32
5	16	56
76	11	12
56	66	68
85	35	96
30	35	40
74	81	94
10	41	81
12	39	91
45	1	24
73	54	88
48	78	97
59	48	69
22	3	51
17	95	32
46	22	100
33	66	64
19	100	12
61	74	16
52	47	21
15	82	15
64	37	89
23	18	60
7	95	94
7	71	60
81	77	98
13	81	71
38	37	24
98	28	10
23	5	23
61	100	69
91	52	100
19	51	73
36	81	26
25	93	56
6	13	54
25	78	70
90	6	61
42	88	90
31	86	69
63	32	36
41	32	92
69	72	67
55	96	84
89	30	37
79	91	52
78	61	89
26	39	8
29	7	89
68	71	30
53	12	47
10	68	80
22	22	101
94	25	38
1	54	61
37	41	19
92	85	37
15	95	36
49	80	63
67	54	26
96	49	87
78	79	37
40	83	28
56	81	90
2	54	76
71	4	68
71	55	43
11	49	70
10	25	16
58	34	4
14	60	55
69	72	14
23	83	58
37	101	61
55	63	66
99	77	82
46	48	76
89	14	8
20	48	85
5	10	14
7	54	101
44	55	9
22	58	81
40	83	65
20	62	78
90	69	40
15	5	71
37	21	38
73	78	40
20	11	93
77	44	88
61	71	19
52	98	34
5	84	79
68	80	33
9	9	12
89	60	70
14	1	9
21	58	47
58	52	47
47	80	62
72	47	21
36	86	22
50	79	20
24	33	91
40	48	14
96	14	76
94	33	99
26	66	91
68	12	77
7	85	13
60	33	74
5	45	6
15	89	41
37	33	74
45	6	76
39	22	1
62	47	96
34	29	11
91	62	24
11	94	23
71	39	55
98	6	5
20	64	81
74	77	56
59	64	5
11	62	95
73	52	70
77	68	67
93	1	55
52	82	40
36	31	94
31	35	98
10	19	6
42	5	49
17	43	94
50	13	54
34	80	41
21	34	8
24	26	71
46	87	16
30	20	96
39	76	34
2	47	64
75	101	45
91	89	50
65	53	79
100	16	83
80	48	59
25	27	36
76	94	69
9	34	34
65	27	32
100	3	101
29	80	95
91	54	54
53	46	42
101	56	76
82	44	72
66	30	34
80	50	101
12	61	95
93	92	16
1	75	36
47	28	25
2	19	41
6	11	15
5	40	91
91	18	100
1	16	57
101	5	9
91	85	11
16	39	21
87	32	86
8	52	30
97	35	95
54	45	30
51	59	32
97	90	73
97	57	7
89	7	72
65	79	101
16	85	34
4	88	36
59	58	35
13	68	56
8	42	100
40	49	95
74	59	51
15	94	100
63	100	83
52	37	78
17	97	99
61	13	11
40	66	24
1	16	62
42	19	76
12	79	72
21	52	10
40	79	60
30	13	101
46	3	99
41	29	99
15	100	68
61	26	20
100	33	100
50	52	62
85	44	100
73	65	32
69	82	99
25	74	13
23	17	85
88	12	69
8	91	75
74	82	26
21	38	63
10	49	100
40	22	16
7	35	60
81	25	14
11	16	25
10	84	71
21	87	41
59	63	12
41	14	59
97	55	81
17	88	8
72	43	76
28	9	20
97	60	31
29	52	21
68	38	94
2	76	16
16	5	44
20	87	22
17	61	56
86	64	51
56	46	18
58	49	84
92	75	25
9	58	10
8	41	16
82	24	11
77	79	62
61	74	90
12	41	30
39	96	17
40	91	91
15	49	33
2	2	21
56	92	66
23	5	31
89	2	73
13	82	37
99	32	8
49	60	71
8	73	56
58	46	77
66	34	53
21	20	73
76	69	83
33	42	39
18	53	11
72	26	85
39	66	68
46	59	69
63	56	19
62	36	74
41	49	101
99	40	68
6	72	60
28	26	21
48	1	97
56	62	56
37	40	96
62	7	61
5	17	80
48	4	17
94	64	50
91	44	44
38	72	48
17	81	97
29	70	14
86	68	68
83	71	47
51	6	64
90	7	57
53	99	86
100	22	89
1	21	98
5	58	26
6	76	72
11	30	84
41	32	55
74	60	96
27	37	89
66	98	69
92	61	43
9	83	89
70	25	50
40	73	5
35	52	59
43	7	9
99	14	68
81	93	20
55	29	10
68	57	15
37	38	89
45	98	84
29	100	77
90	6	27
53	89	92
44	67	28
53	90	16
82	35	10
12	25	79
91	65	65
45	31	24
87	76	23
46	92	28
68	65	1
40	26	25
63	59	88
8	46	56
36	31	31
96	72	40
89	61	67
12	86	82
86	54	21
69	83	39
71	84	5
54	92	6
72	54	5
73	14	79
15	11	68
55	9	60
54	19	41
31	55	12
10	57	30
85	60	1
17	40	73
39	37	57
10	24	59
27	64	99
52	74	59
36	9	43
101	92	3
75	94	57
33	58	5
94	5	65
40	32	29
77	88	71
10	30	72
96	20	78
59	79	45
42	1	46
85	17	77
36	66	65
77	20	40
28	53	100
6	46	1
65	21	64
7	18	5
39	34	82
86	26	39
51	67	1
79	68	36
60	13	95
94	95	49
4	58	18
18	1	32
23	35	12
30	60	7
86	51	37
63	3	57
19	28	30
86	55	54
59	22	57
97	16	40
28	10	2
28	66	49
56	11	1
90	7	48
95	42	84
37	28	59
20	96	89
15	81	37
94	18	66
81	89	8
55	76	4
64	21	64
73	28	90
49	5	40
44	82	52
79	58	96
72	33	14
55	36	42
16	45	7
40	84	92
16	3	33
66	84	69
73	61	54
59	26	21
85	96	56
39	73	17
93	94	53
27	14	74
50	9	41
6	85	45
91	28	42
45	62	76
37	16	28
61	3	69
15	98	20
64	15	28
23	55	77
91	13	98
87	52	23
24	97	14
23	89	92
50	21	33
98	89	26
45	101	44
89	40	92
54	70	87
99	86	40
61	35	39
88	36	56
50	31	6
30	101	64
4	26	63
1	30	61
51	27	78
89	15	36
86	26	22
15	58	33
25	54	97
86	2	86
25	36	91
51	16	45
52	41	95
12	80	50
83	29	31
52	6	43
87	11	86
10	58	37
96	94	7
36	15	26
76	27	69
3	65	24
5	82	41
59	6	99
83	36	49
10	5	70
49	49	28
39	76	100
3	80	29
38	97	34
30	81	49
87	58	2
5	95	24
25	69	53
52	92	101
56	57	91
6	8	73
56	20	96
63	6	68
70	92	28
45	74	37
65	41	41
33	31	53
11	75	52
98	17	40
26	92	50
69	49	65
90	18	63
54	8	95
25	25	9
37	56	63
78	45	23
12	10	47
77	10	33
40	74	80
1	100	52
97	14	74
68	66	79
39	35	54
18	77	59
90	87	36
65	55	6
89	48	48
63	96	55
60	87	77
44	51	12
43	63	86
52	9	20
99	49	58
55	92	25
47	68	8
31	18	70
21	50	99
36	67	34
47	28	4
12	82	3
16	76	82
29	49	82
83	12	12
96	101	22
82	75	80
94	45	41
72	29	32
4	21	87
9	53	46
61	79	56
80	22	54
5	53	57
98	17	64
69	60	62
19	40	51
101	55	54
85	6	94
54	18	47
80	62	3
32	1	16
34	63	52
10	42	26
12	37	23
21	27	21
89	1	29
88	62	63
30	15	48
68	16	24
81	74	9
89	68	98
47	10	49
32	88	25
79	39	7
2	9	50
78	32	50
69	30	68
51	79	17
85	63	14
53	64	7
53	57	57
22	31	10
23	20	22
81	8	23
25	21	32
32	89	61
47	66	87
39	48	81
79	45	91
77	20	79
89	1	92
27	91	69
48	3	31
13	58	44
33	3	8
74	13	81
58	38	67
3	70	92
97	22	47
14	45	33
1	47	100
98	86	67
7	45	57
19	23	42
78	95	55
20	97	45
83	34	6
2	32	53
57	67	90
87	36	61
18	74	24
5	2	8
90	88	63
38	72	96
26	70	70
76	59	55
61	100	85
70	16	48
4	82	93
101	48	77
64	53	72
70	74	5
33	68	52
57	9	27
12	75	85
88	51	88
83	91	72
66	94	94
18	11	46
91	66	86
58	59	28
6	15	63
33	94	52
12	23	42
77	38	25
99	64	70
69	86	31
73	38	85
60	88	35
90	81	65
29	13	92
55	25	97
36	27	30
26	61	46
49	83	45
15	18	63
95	26	54
12	73	23
60	84	15
98	9	27
33	33	36
55	51	72
99	44	40
47	65	40
87	38	51
57	28	89
64	81	83
32	48	65
68	24	14
77	7	40
25	56	100
100	55	33
25	94	35
45	11	85
79	17	91
67	5	14
59	20	83
75	69	38
54	89	36
34	96	85
9	53	46
100	29	14
25	95	19
98	37	44
39	97	88
60	99	19
53	44	101
19	59	80
41	16	15
42	78	4
20	60	25
45	10	91
81	91	32
28	66	66
42	19	83
59	91	23
4	63	92
97	29	80
81	85	77
79	83	74
33	30	43
12	21	94
84	76	77
58	8	8
48	74	85
82	9	76
32	18	20
45	37	5
75	100	29
18	15	76
32	4	74
32	3	67
61	76	9
30	91	89
69	27	3
47	6	92
42	58	96
52	29	87
85	3	72
64	9	12
33	4	16
96	93	100
70	82	51
31	3	55
101	14	75
92	52	10
59	7	52
73	35	21
18	42	31
62	5	66
7	94	21
61	89	73
68	80	52
3	81	15
1	39	35
48	78	88
77	90	51
9	18	44
77	10	82
64	17	96
34	65	14
11	84	91
46	3	43
53	65	78
60	61	55
59	93	54
63	75	77
17	62	58
96	26	94
11	6	71
4	70	30
36	89	11
10	8	90
100	80	9
7	83	54
38	5	70
86	16	43
77	16	17
1	70	33
26	2	36
36	5	81
51	45	50
76	19	9
21	71	97
42	62	30
87	39	59
20	62	60
92	13	94
52	74	39
34	37	100
44	84	28
54	33	80
68	75	93
68	33	14
96	41	82
46	17	5
12	94	50
33	24	97
2	51	52
56	40	84
75	52	82
67	45	86
5	40	36
81	67	23
77	66	35
41	90	60
56	68	93
89	47	33
54	20	65
78	3	99
74	26	19
54	87	76
92	55	69
61	65	25
64	10	67
11	95	71
76	68	70
22	73	61
26	54	85
45	72	91
89	85	97
98	3	3
39	79	34
58	77	39
53	54	45
73	72	94
78	7	54
93	60	13
64	52	88
18	95	19
64	57	71
45	86	49
64	55	86
17	96	76
37	14	44
29	19	22
74	11	64
19	91	10
48	100	86
94	27	21
37	69	91
11	53	17
31	60	94
57	87	20
62	60	18
92	77	92
85	48	37
59	64	52
62	64	33
8	30	73
86	87	61
72	80	48
99	73	86
88	51	96
84	10	85
75	32	28
30	14	80
90	44	28
57	70	62
33	88	31
17	94	77
3	72	20
69	100	62
68	50	57
6	56	15
62	20	69
28	95	80
28	72	62
52	12	3
33	67	27
69	65	51
3	73	67
72	71	64
47	35	2
34	1	22
70	57	97
60	29	78
94	6	35
88	14	89
89	63	25
52	40	11
7	74	48
79	38	53
91	15	37
85	11	2
51	55	17
54	6	100
99	98	45
39	26	62
73	80	7
8	32	26
6	76	71
78	21	83
84	88	93
91	57	32
6	33	1
22	33	35
40	98	2
12	32	65
3	93	64
101	94	35
75	56	39
66	93	42
3	39	28
38	60	21
63	34	48
10	87	49
54	38	10
35	39	76
40	70	58
16	21	14
59	54	90
70	63	32
83	25	24
12	83	93
62	23	36
46	17	90
11	31	69
78	26	35
84	45	33
89	71	42
71	16	78
28	99	38
45	32	77
42	57	61
86	60	93
20	44	89
69	23	79
101	76	101
1	4	79
97	77	99
99	100	3
46	84	25
13	65	89
83	29	91
9	51	1
36	30	97
99	68	91
22	3	16
54	24	16
55	21	74
78	87	54
60	37	70
84	19	99
73	18	46
62	67	89
18	82	81
90	93	16
15	68	73
96	65	4
58	71	81
64	75	5
59	92	60
1	8	94
48	79	59
28	82	52
66	95	26
92	8	43
2	19	25
94	98	30
7	7	96
78	17	76
79	25	82
62	74	29
32	75	85
3	19	68
56	79	60
1	65	8