301 651 766
214 883 924
388 649 705
571 594 234
420 814 425
584 312 538
649 722 360
739 749 459
448 600 638
88 98 484
582 99 808
430 345 897
462 267 215
17 302 598
571 671 34
822 312 439
817 551 500
723 8 508
488 16 334
83 930 970
973 890 191
928 834 607
958 82 952
346 609 615
573 519 778
816 888 34
140 610 174
882 193 456
408 843 288
405 392 50
832 756 328
743 475 187
289 248 777
198 411 866
391 31 620
784 947 740
79 455 231
798 163 137
818 669 716
869 888 717
667 646 308
483 982 803
763 79 681
315 729 922
250 313 649
73 844 362
682 459 545
149 442 832
191 754 846
406 663 895
422 862 622
745 439 467
785 325 738
226 525 669
909 239 26
313 115 164
755 151 922
678 871 521
687 165 21
742 845 923
104 255 902
486 126 693
917 605 193
197 373 256
883 719 681
627 406 615
29 384 787
73 43 973
76 686 361
694 29 249
986 375 394
345 338 276
778 229 366
678 821 245
612 586 565
884 581 421
325 219 569
84 878 562
202 111 389
852 211 916
535 736 908
789 440 642
874 701 605
201 829 229
760 540 367
715 174 960
20 706 804
55 524 852
338 649 541
593 398 438
644 19 54
952 471 881
70 882 732
765 723 493
576 431 922
255 238 373
775 36 169
363 200 392
615 875 112
661 229 84
901 339 695
657 517 567
333 348 472
90 277 384
231 998 186
850 697 613
265 119 791
112 632 679
93 987 745
195 759 105
77 806 482
985 617 911
630 209 202
238 411 734
333 311 862
799 145 702
222 783 331
765 490 630
312 986 470
400 142 59
601 574 404
666 809 965
324 472 396
807 356 70
362 92 550
16 346 247
767 630 147
403 545 268
554 467 656
763 292 99
107 103 162
330 398 916
486 650 839
582 450 311
530 893 197
175 248 1
434 811 779
688 125 947
998 776 971
137 141 324
860 738 341
841 999 547
838 968 179
513 518 691
582 562 461
969 781 77
454 927 961
839 676 902
442 372 863
174 271 782
810 816 345
883 810 762
63 331 593
174 733 846
860 477 129
743 730 276
333 98 314
194 281 390
514 418 10
532 103 197
92 357 550
101 565 581
521 400 783
435 815 734
723 490 735
741 74 993
123 141 609
547 537 91
495 508 967
794 963 418
453 680 236
671 455 884
189 780 350
245 213 313
915 846 733
765 27 604
496 676 333
846 42 272
222 271 256
734 579 883
5 542 930
432 493 105
923 601 204
178 659 759
255 479 964
652 529 29
665 572 496
176 398 307
476 89 224
708 200 727
380 805 586
529 210 790
473 370 34
992 17 161
933 405 802
26 988 312
575 411 949
528 928 105
997 131 675
15 545 840
151 800 464
383 529 900
536 359 678
495 547 209
215 127 972
558 684 141
33 776 683
235 871 261
54 197 713
526 324 850
18 555 842
925 936 852
722 830 979
190 790 267
469 446 508
100 22 42
608 905 390
900 326 183
781 580 911
816 853 489
462 154 257
430 374 571
73 623 653
861 199 104
941 992 544
694 169 128
740 609 624
195 693 711
697 159 389
873 502 444
570 73 30
512 683 750
630 932 525
531 161 883
221 349 596
671 466 127
103 343 826
856 912 433
11 820 971
561 4 928
224 549 573
454 212 136
742 308 129
106 629 502
757 822 313
392 124 548
717 317 892
524 989 651
269 249 79
921 9 761
179 209 315
957 38 827
693 75 668
442 893 883
357 445 533
529 14 202
839 275 919
8 402 978
971 820 278
152 120 721
106 470 627
982 303 226
506 316 853
884 422 799
514 350 777
226 909 652
17 756 216
379 375 646
372 649 558
287 602 770
649 414 492
332 919 406
689 292 144
873 460 577
335 962 440
933 642 14
342 535 153
410 821 453
178 695 601
188 670 95
77 614 543
462 161 402
42 235 425
296 277 495
474 367 510
101 775 695
99 208 591
199 986 194
29 502 31
613 446 298
678 393 447
391 885 984
676 212 84
902 648 62
333 44 377
705 55 694
746 433 593
986 672 70
427 149 629
220 628 343
407 741 620
968 422 635
811 96 771
241 979 415
215 485 776
682 447 673
823 27 173
17 934 933
593 520 99
894 412 378
757 368 207
544 381 901
558 149 308
657 686 408
182 835 620
636 687 828
354 681 511
706 991 53
227 62 642
805 927 521
110 184 893
114 169 60
715 599 430
425 41 824
832 648 653
783 385 311
722 571 929
567 506 262
773 245 126
513 993 787
566 855 320
418 16 534
856 228 761
310 95 259
597 26 471
898 494 954
521 712 280
572 61 357
58 315 955
183 451 654
626 822 842
819 855 232
946 649 360
842 646 772
432 11 987
210 453 998
351 470 278
158 575 415
831 200 150
295 716 883
992 765 644
202 43 367
796 257 650
924 367 256
113 423 617
375 60 97
393 843 153
86 212 510
830 241 803
648 382 76
46 47 124
647 15 680
973 354 922
698 565 778
90 911 35
3 608 867
232 349 979
503 837 495
684 22 398
463 941 50
63 465 512
912 428 111
813 323 307
750 854 410
702 249 264
974 993 554
523 39 932
738 221 26
583 177 537
363 18 401
702 642 357
329 453 679
942 467 590
488 212 920
253 77 516
447 290 68
750 649 981
805 266 776
804 884 497
554 901 73
174 356 386
321 195 246
807 322 436
162 577 865
212 813 498
727 313 30
338 932 370
212 443 954
810 924 773
737 717 604
90 32 488
583 548 764
114 445 518
140 545 998
533 771 545
903 517 240
585 634 941
607 383 644
672 253 878
250 213 534
821 233 868
458 308 638
895 899 12
652 507 28
762 524 199
549 849 650
185 807 654
172 574 242
85 967 931
719 132 575
235 636 191
755 266 134
902 919 708
315 395 998
398 288 239
931 642 517
148 362 178
551 915 239
305 403 327
406 187 71
623 551 208
662 887 330
962 859 782
506 831 259
393 602 56
866 21 879
215 186 233
609 727 94
826 316 422
345 195 622
856 303 942
348 697 849
726 453 424
115 156 60
671 646 608
245 692 521
250 676 811
441 908 261
577 316 529
100 980 622
822 68 102
850 669 907
86 262 514
955 101 643
619 328 796
491 861 802
219 832 169
412 766 490
155 688 756
725 764 397
447 992 749
256 409 871
723 549 359
58 886 688
107 305 559
595 912 942
561 520 771
633 674 123
786 948 825
577 943 950
552 998 564
127 837 890
231 644 934
398 872 531
795 705 635
477 626 779
459 409 559
234 296 297
146 481 36
190 365 526
329 213 628
591 156 725
855 251 394
511 901 89
129 970 95
195 263 437
140 518 627
263 187 845
610 328 17
662 314 194
987 52 117
95 8 47
869 496 282
568 115 466
578 982 570
630 52 957
336 937 270
266 699 591
783 715 653
796 835 412
315 104 472
1000 211 922
96 442 5
317 337 921
831 673 213
736 138 858
596 294 104
219 794 986
966 571 829
10 445 444
159 363 199
814 691 391
112 986 553
933 93 296
636 724 385
280 329 131
866 535 875
965 437 231
989 240 5
342 507 537
921 635 695
980 121 228
456 533 293
318 696 689
869 778 735
178 719 142
975 603 229
912 266 588
308 347 905
546 615 590
415 345 228
390 540 589
334 372 42
130 594 525
392 923 401
875 286 245
548 856 14
892 363 535
101 628 604
209 714 640
685 680 438
194 104 238
267 774 145
548 309 314
92 27 7
153 128 359
935 530 650
383 352 158
8 937 403
397 894 738
470 721 531
587 766 325
889 294 268
175 782 175
547 516 68
483 91 325
294 344 724
907 531 561
126 639 257
333 237 436
777 760 231
785 358 568
437 988 60
412 358 983
553 133 102
989 675 303
183 107 201
819 616 130
123 751 601
599 115 632
213 887 433
215 223 967
87 701 57
610 968 959
382 349 503
404 671 728
430 282 2
950 662 349
473 476 368
605 814 579
495 507 921
224 91 371
835 619 589
5 953 881
875 137 548
152 579 80
101 450 102
927 460 950
552 84 778
865 493 855
583 694 536
987 805 933
461 682 274
522 140 689
261 221 360
751 252 878
620 643 616
20 352 935
766 293 832
545 41 154
916 671 418
984 766 229
444 514 214
58 854 817
302 703 857
824 642 393
643 488 366
911 385 6
259 749 949
377 160 901
924 900 189
624 898 945
376 727 567
350 171 996
492 464 665
129 163 231
681 321 973
951 518 202
62 363 258
228 890 325
982 194 69
666 546 113
747 927 794
889 680 187
228 131 264
151 272 846
757 311 359
661 816 443
339 404 290
341 484 853
37 567 408
558 942 176
768 114 987
48 570 52
827 688 717
76 432 84
699 77 285
944 686 16
732 763 666
641 242 972
351 175 835
496 789 917
169 699 182
448 182 865
473 774 420
858 139 492
370 366 846
71 423 318
20 647 613
129 12 760
240 722 409
662 983 568
632 966 305
528 836 877
831 954 685
288 66 724
664 694 615
366 662 918
887 145 759
934 682 357
415 547 423
721 785 227
587 34 290
421 972 739
528 482 475
278 868 201
827 659 513
457 691 578
813 493 449
54 454 457
534 324 396
136 205 950
139 198 553
30 234 66
587 790 599
514 127 465
892 622 147
925 975 677
987 342 97
679 379 33
246 217 663
804 257 444
875 633 134
290 648 98
916 129 451
716 684 314
847 838 542
320 612 767
442 902 107
315 466 684
199 955 72
96 183 768
744 885 278
622 460 234
381 835 785
387 616 375
977 825 803
467 418 277
221 803 270
788 276 403
402 794 19
2 902 832
226 931 184
833 303 497
431 772 772
909 399 431
954 620 176
693 344 856
801 940 532
76 612 476
296 620 951
153 824 114
651 939 779
513 846 394
45 711 341
308 320 293
834 531 890
167 261 782
735 189 595
455 495 361
888 924 787
708 304 797
196 85 409
22 242 219
835 200 465
633 664 600
788 567 697
953 93 916
528 230 522
3 850 394
525 651 297
927 147 900
863 500 453
13 891 571
677 961 101
16 383 191
948 984 290
735 156 94
253 720 514
17 456 824
315 737 364
103 26 654
437 25 683
520 225 699
555 755 841
779 163 172
337 802 105
675 286 830
70 726 295
541 980 290
357 233 667
647 138 87
577 661 989
504 574 166
509 798 848
584 435 253
765 992 749
724 516 586
522 39 368
979 752 956
985 602 688
222 552 76
264 965 650
739 816 543
258 809 757
965 218 673
751 710 111
656 135 336
235 45 14
294 909 908
404 731 883
561 742 930
531 78 594
554 987 571
937 105 84
335 2 370
415 902 481
861 964 612
404 556 266
440 535 245
493 141 371
709 770 604
868 894 612
552 799 406
37 729 441
147 540 173
716 732 255
500 454 531
982 891 881
651 4 937
692 746 176
448 521 94
694 927 457
597 493 801
320 241 741
401 231 775
700 988 923
463 940 341
670 291 177
265 615 639
348 687 931
921 630 57
42 756 872
552 269 875
753 873 792
840 250 779
266 158 289
220 344 379
17 258 606
786 860 568
832 493 604
248 931 31
955 710 91
146 664 113
34 273 685
414 924 548
793 552 656
225 738 493
857 882 52
765 9 678
371 515 604
993 782 652
144 539 985
517 420 181
318 915 724
221 266 7
89 2 3
523 504 265
956 464 729
715 210 187
318 712 16
405 616 801
931 506 598
605 624 99
51 880 999
984 503 377
494 95 627
135 367 106
26 980 355
857 757 898
884 589 105
681 274 337
844 248 717
747 4 989
56 921 413
263 887 100
87 631 143
528 476 161
954 61 980
112 156 240
503 480 390
12 85 418
348 484 348
572 744 348
907 681 582
865 985 566
359 198 12
778 142 980
877 174 42
934 770 492
222 88 122
264 261 24
815 438 151
636 638 287
759 354 389
727 294 87
942 534 844
716 30 3
67 815 83
515 403 788
342 604 78
392 895 139
348 594 123
198 763 244
142 935 960
839 858 3
306 445 801
556 504 487
313 834 972
493 518 66
181 261 762
650 932 392
13 725 451
26 659 450
114 191 698
671 200 737
289 589 269
13 597 759
762 166 864
124 304 548
406 684 970
779 635 786
729 3 635
767 592 228
851 252 842
971 685 447
692 710 667
309 339 74
875 365 874
335 421 818
759 738 120
698 626 256
644 515 926
757 439 894
748 113 809
603 996 626
76 739 420
251 644 573
650 26 918
966 366 357
937 294 621
315 853 44
551 401 992
513 271 197
932 506 283
769 354 459
866 701 756
577 310 101
327 748 48
338 805 271
252 238 675
393 944 933
912 762 112
88 423 988
564 856 540
514 860 907
653 425 292
593 22 433
714 428 142
336 855 402
685 340 320
240 13 451
428 566 227
495 404 821
742 761 319
166 522 449
918 551 149
353 580 513
379 531 982
165 535 737
708 728 95
348 421 865
636 499 160
916 286 607
367 731 401
11 72 415
646 785 601
710 624 337
771 595 595
621 149 82
689 693 316
626 754 178
244 267 544
21 858 916
686 826 830
194 784 631
891 63 200
200 456 756
861 901 498
957 538 930
431 206 29
361 279 955
247 624 288
466 63 138
917 944 616
557 351 51
285 271 318
923 154 672
410 888 425
236 309 862
300 740 786
163 582 154
359 817 704
197 928 100
73 940 427
453 367 485
688 758 656
517 534 812
5 10 427
237 476 879
452 372 169
648 702 406
172 174 828
183 889 544
195 530 707
150 323 658
36 268 186
696 687 944
575 740 900
122 180 651
629 882 735
807 53 20
21 383 58
606 1000 972
707 578 696
814 923 368
927 298 354
36 754 388
368 18 565
388 924 149