144 699 973
935 497 117
204 890 577
400 157 708
362 333 859
937 578 452
73 919 783
279 492 573
454 629 918
67 968 163
311 238 714
111 456 605
46 737 491
989 676 983
7 921 973
474 70 52
375 378 922
81 798 401
830 119 916
662 983 4
876 52 350
617 149 573
269 302 365
504 203 27
218 62 1000
717 316 9
992 454 534
801 97 934
838 186 942
745 501 376
202 473 190
681 464 544
364 23 456
91 496 747
337 812 4
982 610 148
574 447 779
826 335 251
864 609 807
764 653 375
219 978 7
776 621 98
73 315 340
344 259 785
2 182 190
277 192 607
594 416 521
168 353 855
425 821 34
37 268 267
999 44 123
521 515 591
210 719 533
249 626 462
803 290 471
660 451 425
318 503 94
729 980 469
947 341 963
709 458 25
551 610 811
937 806 516
549 694 135
127 83 835
343 177 642
449 737 124
974 623 93
889 888 17
25 231 935
341 979 391
624 71 847
465 134 643
887 490 528
440 391 750
353 893 347
252 34 393
983 375 381
618 997 461
175 97 773
693 123 490
739 664 967
149 66 443
550 5 53
781 891 731
956 961 659
639 294 524
558 90 316
307 78 105
75 144 156
926 663 993
986 924 43
776 696 62
793 897 862
488 972 862
569 928 623
296 221 318
593 499 6
540 218 751
728 875 168
968 291 237
944 143 127
590 266 949
390 586 798
398 332 611
16 548 207
94 857 309
462 387 285
636 34 921
314 960 797
314 589 312
83 457 855
286 194 955
144 916 506
874 756 738
795 671 425
251 383 155
687 193 592
845 174 822
492 875 150
407 823 85
131 72 919
279 544 166
861 523 78
721 681 496
37 369 6
268 409 68
502 271 909
656 926 765
854 662 59
577 541 116
310 943 694
222 431 203
91 154 889
177 558 387
639 638 347
24 766 773
91 207 725
715 290 674
118 234 465
557 984 131
565 972 628
893 744 689
487 540 539
996 101 756
214 466 871
634 761 311
649 96 350
876 476 112
576 861 225
389 978 125
292 368 785
764 901 786
98 781 510
684 325 541
857 518 54
402 645 37
56 498 670
322 23 33
627 76 8
833 188 636
220 728 424
78 955 373
425 795 331
743 68 128
705 779 394
297 899 439
684 729 205
204 41 468
455 848 477
438 37 442
144 667 133
860 143 495
262 512 106
862 719 7
464 937 732
313 312 567
523 826 145
548 137 783
446 734 234
18 530 495
851 442 522
711 505 78
326 357 770
32 214 707
157 970 134
637 85 728
987 841 683
718 512 841
456 990 850
855 574 950
22 815 442
846 657 269
296 3 789
67 143 784
961 548 79
223 780 766
843 575 660
151 430 428
168 87 238
545 842 597
241 584 44
596 823 962
512 347 414
748 981 981
31 707 5
802 783 874
899 121 827
712 319 65
375 921 731
768 813 13
149 74 618
124 137 120
368 2 335
195 906 332
235 729 48
89 665 17
698 62 953
120 144 701
183 491 893
54 607 785
885 763 909
476 418 30
241 394 230
627 841 890
230 433 388
419 154 727
934 929 741
946 770 842
100 182 424
812 168 404
725 606 35
151 802 476
657 98 628
591 144 646
256 705 863
319 264 382
679 351 463
55 767 594
568 211 464
322 544 607
92 580 295
739 12 917
13 601 212
804 167 712
572 792 247
130 948 970
647 4 376
284 652 548
649 494 549
502 122 488
126 958 39
606 500 199
870 655 906
46 848 995
262 196 176
949 883 453
194 849 715
167 849 536
401 483 496
699 959 123
595 764 46
747 666 424
653 517 675
413 726 126
948 42 684
876 517 636
353 407 301
311 833 201
577 463 584
761 536 510
862 517 879
925 588 679
616 795 986
691 562 460
23 778 118
469 770 400
99 680 318
493 337 560
465 280 694
642 293 574
747 446 221
614 752 291
491 494 86
915 676 697
134 871 69
939 94 202
595 621 177
408 969 726
329 826 685
27 281 647
972 448 799
994 447 997
675 688 745
758 671 629
314 540 708
848 720 798
611 761 249
701 826 997
299 480 716
448 401 646
465 829 931
604 89 714
224 950 712
383 657 209
195 552 735
975 831 490
312 608 9
653 963 348
820 324 321
47 396 808
852 305 881
67 152 142
654 435 17
615 900 760
695 153 456
628 443 164
37 495 390
669 492 307
678 706 169
576 21 672
809 521 34
436 962 618
975 140 471
874 536 148
125 275 302
596 106 516
96 714 854
286 649 314
600 963 363
884 724 104
650 508 468
914 176 854
913 855 471
624 142 335
165 180 549
593 123 723
292 957 853
298 623 415
224 789 506
364 894 223
556 407 666
688 168 180
539 885 887
418 308 379
936 656 671
568 888 137
326 862 504
297 300 131
718 524 550
107 945 625
253 26 981
720 9 551
386 667 871
293 931 378
278 987 971
458 423 648
718 416 349
841 847 982
423 954 603
286 554 812
285 511 529
747 307 618
475 768 629
690 566 81
444 759 317
896 600 393
693 569 824
913 883 602
345 913 886
549 449 534
880 372 516
865 863 679
747 956 302
46 70 271
588 115 351
285 757 991
612 725 791
300 38 457
734 474 854
467 477 191
634 224 749
513 600 704
291 882 106
377 954 208
644 474 216
745 854 513
190 87 529
897 747 175
742 352 97
86 220 935
282 66 816
460 396 74
624 921 473
732 994 326
825 112 641
40 324 993
59 877 38
662 852 814
511 105 985
902 599 118
237 389 346
579 425 58
143 116 801
798 993 752
170 659 574
467 841 865
379 304 918
425 288 290
311 643 359
64 141 350
828 411 586
49 71 534
740 625 956
6 530 986
772 589 776
57 123 531
72 232 530
733 83 233
165 469 689
142 861 375
421 268 788
104 15 150
148 196 705
620 542 898
201 564 223
582 375 256
361 873 914
254 102 895
630 461 97
685 50 487
134 612 133
100 207 172
18 288 248
852 461 223
452 879 336
969 756 954
286 64 66
158 613 581
875 820 251
742 514 606
70 924 6
602 852 712
231 755 508
374 959 552
39 818 277
938 145 652
137 821 417
565 952 80
473 141 516
764 743 307
699 302 499
213 100 151
424 279 880
278 648 879
352 208 14
34 920 709
535 665 584
189 418 753
688 440 403
844 870 83
286 174 62
432 760 101
324 69 744
984 879 114
135 299 707
267 730 183
389 326 186
558 802 436
34 751 146
724 569 461
495 346 307
554 809 904
996 81 176
904 156 504
30 343 593
162 207 679
623 376 893
388 282 333
822 980 290
864 664 208
905 57 138
384 525 956
864 250 52
656 858 767
748 639 79
217 193 963
625 477 435
669 171 351
183 374 438
193 276 299
37 552 287
491 823 880
261 798 438
26 782 264
833 880 611
22 114 810
2 914 995
599 739 912
512 107 346
926 37 994
744 743 248
215 936 487
1 88 608
706 891 971
140 258 386
235 72 424
81 949 119
76 451 45
736 385 870
825 115 722
63 692 480
779 706 46
195 226 459
101 355 387
639 503 28
680 845 817
101 241 757
982 757 800
669 623 662
403 137 235
250 797 787
591 512 559
627 477 923
91 728 309
977 760 325
609 812 781
900 967 786
126 472 97
419 987 765
489 653 408
237 574 542
63 98 203
129 414 248
578 332 602
404 558 370
520 160 86
169 292 669
625 413 299
867 722 230
671 663 703
309 236 58
124 597 23
80 578 618
354 105 40
634 677 120
157 795 616
6 636 778
882 462 724
758 434 625
351 890 729
915 853 781
46 524 648
822 861 205
765 854 376
142 465 541
312 50 443
913 874 516
708 559 925
35 418 98
488 626 532
367 920 408
535 721 88
148 609 87
286 321 934
866 152 537
189 671 908
545 606 855
205 894 956
665 545 384
70 844 689
620 180 38
136 334 2
184 92 761
281 252 900
104 569 533
282 542 631
792 748 310
565 211 547
461 319 676
635 35 956
369 362 436
213 247 979
145 370 204
580 432 904
736 690 180
157 644 90
965 52 575
222 160 691
259 957 321
143 791 393
177 203 559
407 661 149
357 662 265
444 202 839
117 329 94
940 611 393
472 281 512
388 159 514
142 926 81
501 107 487
623 478 15
681 33 329
144 640 904
720 237 449
915 18 607
23 517 208
129 354 254
158 838 454
721 511 40
824 101 846
976 451 610
869 892 272
857 386 929
633 144 725
320 789 84
78 124 452
511 302 746
848 385 173
924 986 279
421 359 246
854 223 485
481 575 400
711 959 980
997 18 136
483 377 96
122 720 962
529 708 765
403 393 606
591 648 618
874 149 914
905 575 234
741 25 181
263 707 601
96 34 634
598 125 492
502 61 415
334 348 770
910 280 211
385 688 223
130 978 538
332 604 529
498 304 668
180 722 26
271 38 686
330 414 666
376 931 58
388 347 508
980 513 198
267 5 974
689 497 385
166 105 259
141 83 850
147 628 641
336 762 878
341 209 127
698 701 219
73 17 578
457 247 422
640 227 40
276 128 822
271 139 446
223 825 428
606 810 861
520 79 31
103 652 772
677 212 884
993 957 905
213 589 392
701 118 914
317 360 828
586 264 768
347 739 430
840 631 218
466 899 425
806 41 741
297 504 859
275 395 170
615 35 461
237 893 682
312 235 693
918 454 907
611 9 135
217 548 525
935 513 70
28 671 947
671 659 217
26 347 869
204 416 732
199 654 812
515 357 406
277 397 407
851 85 508
422 290 277
110 739 891
748 958 164
589 745 193
163 526 901
963 927 283
910 773 43
390 498 900
344 333 233
247 762 463
826 304 206
197 109 639
653 360 408
229 237 705
562 621 342
332 606 263
163 917 102
445 769 82
540 401 131
391 109 353
3 524 21
977 910 765
243 589 972
952 882 87
47 342 476
103 968 631
935 794 924
493 329 651
919 625 21
625 493 434
595 215 585
733 847 434
511 175 615
256 181 248
624 791 766
554 461 469
397 710 690
936 993 516
202 456 639
217 132 587
819 770 651
358 313 370
230 865 321
158 749 541
856 313 712
267 889 217
308 649 333
819 989 55
479 186 300
180 423 835
422 989 427
290 603 748
268 417 432
656 691 814
99 186 709
361 8 666
295 25 129
208 938 681
825 761 504
478 484 475
707 378 738
766 788 993
284 483 475
410 932 166
340 480 141
983 69 482
278 990 90
321 217 170
62 763 285
994 608 253
320 421 365
564 895 80
663 422 152
241 838 640
656 778 95
89 885 117
831 477 257
872 728 882
56 915 445
359 243 839
514 214 78
176 865 88
50 520 514
958 473 69
296 912 735
822 394 815
979 772 984
8 59 95
230 269 125
447 636 769
887 457 743
83 241 419
186 67 522
605 823 98
80 693 150
566 475 832
376 624 558
67 741 868
784 592 24
148 648 935
95 808 434
450 884 627
167 951 217
577 879 565
608 887 255
233 330 953
108 925 239
265 5 353
53 349 452
2 960 597
951 591 662
14 332 179
501 206 46
465 29 407
256 804 859
956 307 745
581 274 102
761 173 641
223 791 799
47 921 860
358 66 702
252 152 474
667 219 902
638 664 564
334 336 197
711 257 273
417 651 336
727 331 990
258 357 416
982 998 964
380 329 362
946 286 350
989 583 412
398 659 509
39 366 536
314 328 142
175 585 973
293 903 791
104 537 973
949 251 126
332 116 586
191 609 782
484 738 75
809 211 531
143 369 967
518 472 824
613 985 346
823 285 266
96 785 443
411 303 775
492 265 938
417 217 407
614 619 732
771 833 785
723 907 23
969 640 155
110 582 141
75 503 206
752 93 785
618 818 9
217 881 819
506 464 818
414 203 883
408 271 624
193 821 789
624 757 155
581 140 833
167 348 1000
771 548 512
713 494 902
886 170 653
704 442 508
969 429 856
328 599 888
92 234 581
508 661 885
486 221 654
964 879 230
28 899 813
205 179 387
427 528 350
477 374 758
739 969 343
555 592 85
605 261 980
433 379 95
448 403 30
729 570 764
548 625 755
935 334 574
533 772 467
77 752 670
945 404 760
334 880 912
14 400 530
211 226 554
57 937 746
798 317 691
801 632 65
926 467 714
967 768 143
449 164 272
130 898 613
447 811 572
977 257 601
18 416 51
227 228 173
170 626 492
504 137 398
1000 703 380
688 751 117
339 542 120
172 282 175
265 483 343
422 148 860
259 661 89
696 840 636
670 321 951
576 174 890
849 599 709
319 230 858
624 455 138
675 41 131
106 134 120
288 407 48
152 620 78
519 432 752
300 696 196
805 135 141
849 731 325
382 377 436
837 82 716
199 263 905
69 59 286
62 242 926
865 130 625
296 26 504
438 923 515
664 343 904
315 689 267
860 335 674
263 220 872
648 707 950
250 841 836
322 808 980
474 374 158
671 415 567
116 63 757
690 215 356
366 792 120
541 69 547
13 726 527
129 200 202
486 537 276
919 851 751
125 781 782
933 569 799
449 12 28
427 1000 26
551 448 401
352 160 951
208 380 110
133 989 787
290 590 500
74 728 268
855 295 40
897 696 287
430 502 560
122 356 759
319 755 674
231 387 387
781 578 913
287 585 462
577 630 406
451 738 921
818 282 526
639 14 321
866 66 400
182 462 546
999 150 866
121 21 746
750 694 864
103 475 744
744 210 846
4 908 464
310 785 130
677 194 582
831 712 392
589 565 6
444 120 214
162 699 577
933 475 462
983 391 374
921 441 557
19 218 393
591 116 291
750 188 496
959 851 435
277 846 310
108 186 315
362 421 82
979 181 808
498 520 662
972 578 554
463 189 370
877 876 155
430 153 310
758 748 506