X	Y
-1,0209415667289194	1,583820686995638
4,222177540984346	2,331475030963485
-1,4275692167905132	1,2405409316631562
4,43799834619031	1,6483790858075174
-1,8217495607207672	0,9606551933265235
2,5753280207140894	2,3048484536343143
-2,089913930969378	-0,7013292304373113
-1,4962608501561925	1,462721284867564
-1,6614298750625986	0,046876436592629966
0,29533024579763456	1,7484046217123241
3,839342486609789	2,0331733524687365
0,3812699642829166	1,0259254908200464
-2,496137328655731	-0,06201695599396406
5,00190382544502	-0,007569818175503729
3,9437566297766815	2,6561722671288464
3,4928495331804483	2,2845624194140566
3,1867443904677075	2,0845245716727923
4,272900185384753	2,111417391557811
4,978793498388818	1,7519460522437722
-1,966561264126993	1,4121642233525655
5,281773077292469	0,52173209511144
5,097400143398588	0,4746127938921272
4,63552751951154	2,2450969781098364
-0,132707248846544	1,2676768362434805
3,651059139395834	2,140166790310701
-1,96706366863511	-0,28968104653345716
-1,9912545131151487	0,7784604198330175
2,8119607696623694	1,968580754299271
0,49885011187878847	1,8865315132352047
4,672556059891753	2,128329228436108
2,9983137940972386	2,056318575580398
4,284325027876965	1,7621303082217348
0,4059681198960632	1,3991207481113492
-2,310493039700606	0,5784422179243746
4,33967086496169	1,9333951484411125
5,16050576805741	1,6442716155238746
4,224787569081615	1,7600583265684437
-1,5421540082704874	0,40821317362360215
-0,5071772106392759	2,1121904077535287
0,2047237447426029	1,288274384596741
5,246568822480719	0,32624970638758266
-2,1518751378585446	0,1985211699288013
-2,008685964140167	-0,5973692717570784
4,732884735988288	1,5787405456097843
-2,473229051298234	0,41943301328321214
4,683102641873639	1,241826965058785
2,957636469420574	2,0081834482122307
-0,3240807959675962	1,7237887836147738
4,575491587813809	0,2401523217764947
-1,9471873114489684	0,9803440191895902
4,461478958862997	1,14068518773014
-2,430875147494679	0,17172492048119248
-1,7842831953708382	-0,25468781480704805
2,8092035906897665	1,855316783831071
4,726451998645899	1,9845571493164185
0,5384055227927245	1,49816237418074
0,3127081763319598	0,9818690104139652
2,3788204773434156	1,9754488642011563
0,5541080858040281	1,0705080995620957
-2,217866354039722	0,7098923424337064
5,0816195602073915	1,4614866064575658
-2,079520147804021	0,3108508717622148
-1,8421144467641328	0,2360538131298986
2,335974760534704	2,269189536586974
3,843249059386943	2,2583514189169924
-1,752942467466037	0,5428972398339633
-0,14966175139127308	1,417793110880054
-0,29034990427048524	2,1494060893629534
2,763014671745635	1,8918131031180567
-2,5049211969032426	0,06940229822180333
4,525085146293997	-0,08020139469094612
-2,493808767404074	0,3567842703826428
0,6238710202847664	1,3381082113416267
-1,5095397731439595	1,6140742349249926
-1,8797089312090747	-0,46118843018637434
-1,8592425704674191	0,23825431021357557
4,5874388159953	1,143961583399394
3,6732122648713665	2,463752298536701
5,250171012185334	1,4082720415630248
0,5397885728571514	1,213447165298689
4,0978524899531035	2,117003181602998
-0,12200769118519122	1,5455074450250397
-0,4411254562441449	1,5154093731859164
-2,189086950958277	0,8551146851507583
-1,5085099430083933	1,4899035956855704
4,6084446437061795	1,2781796988072822
0,6580943124354373	1,8871168663386484
2,253652338656048	2,0615977248376156
4,38553388247373	2,5045290388988777
-1,044827725194588	1,6103169975978626
-1,8251974122639085	0,3237396902375411
-0,256230073099901	1,3151081749119191
0,15423679926029843	1,9999101518844107
-0,38786561463912994	1,5083003884306843
4,421570600456751	0,6480237994148428
3,4303559890268387	2,4069628373075913
5,139715215784678	1,0831374385682233
-1,8258658569681687	1,1688331624138812
4,541055500549493	0,6253660623275668
-0,9660468462215872	1,513638136734373
3,698661204099193	2,171536428317702
-2,1369813161418123	0,7935131911234773
0,4017477230420472	1,551946763312937
0,3905776571263645	1,312956065180591
-0,4361078685393477	1,4784519319892662
3,084192608280786	2,434813044618206
-1,6013157070318986	-0,17164596683926925
3,3195676913770877	2,4515856676851757
4,611244090959163	1,7122478061213886
-1,0179669958207673	1,7444875497180894
4,516190737987391	0,3208454585424383
4,056524994209088	1,7995109555151474
0,46118020672152193	1,2012061074651692
5,312796899158105	0,5770112991373559
0,6472527719480001	1,8724194725169103
2,797802968518198	2,1226475157179294
4,613467099861895	2,210235095318149
2,8857142758536214	2,3408419426812577
2,365440066745963	2,1988432104895415
2,6348697636796725	2,1816727551141453
4,824603699395206	0,09800856046024164
-2,1877968875130103	1,2337479249568242
4,414952172952793	1,442455595673749
4,799768889192654	1,6458445058891837
-1,454190515841199	0,832157163556803
0,6357761532526414	1,1986359125090509
2,653163212134518	1,920695856781619
2,6094298109735616	2,3111678769364223
5,0918865766680295	1,4315171936604694
3,8506260334281657	2,2755971218096653
4,00941629690012	2,483791492556519
-2,331478835645785	-0,525107480887496
-1,8422921442041211	-0,4057368211306087
4,902916543267782	2,01638790804711
-0,5376008376876212	1,8709546681462987
3,747918382804056	2,324374180381911
4,894249881672558	1,846700389695082
-2,363090736960901	0,6875388866149108
4,5603163743867485	1,1820545069383588
0,40455133219348616	0,9677995906964011
-1,0413526699861435	2,1790913541019155
-0,17422086476819776	2,2816761991449006
4,582141738584723	1,2150671877535735
4,077762085116994	2,0903951842080333
3,2698514766154165	2,478535662896051
4,273636566945945	1,4596099462667138
4,5043103780594205	0,8905007675978234
0,16739779544870936	1,4881744600220168
4,997759335674733	0,0715538762735588
0,2841305073002882	1,2013621419726417
4,695876010124323	0,11927415819619225
-1,8084819052448604	-0,404142522708446
4,271351981881438	1,7935244039574174
-0,7542592609480833	1,983663833013604
3,1147446285456413	2,5252319974088073
0,1953591041481697	1,7747916095624379
-0,7251867801877782	2,1811997298134687
3,993891782464006	1,749172247733057
-1,6258201108023338	-0,22545470108455434
-0,6677636288412996	1,3632932543064051
4,983261574290018	0,8840524416419966
3,359232771621792	2,4475738576786616
-2,1275925113114784	-0,7111616576547195
4,403728768699305	1,1176192589756382
4,713185043550826	-0,47372959315302743
5,220783150858054	0,7998172532378965
2,721320222758391	2,288616409826636
3,597831347050487	2,0259111974146595
-0,5365821884147823	2,2571673146261206
3,1029743001368484	1,9791229161640234
3,91068081984901	1,827133807050171
4,3809914908710885	1,4665845115495855
0,9004206951817117	1,3554481701422185
-0,41176767378069545	2,114700699793686
-1,750006379034106	0,7987592677945851
-0,3133837011951953	1,5739445158186267
3,439265452848303	2,0794120502543905
4,079145640750897	2,115191510534965
4,150783082940089	2,610163920236255
0,7980124127937496	1,2613431374354886
-0,509304937118835	1,4976657023119264
3,744589068349704	2,3596020236623394
0,14401598563517481	1,3446873652857732
3,2408984770348623	2,6626726722574565
0,5003966405029123	1,3474474685461306
-1,8989104817963944	-0,10139922388101175
0,06173666934137256	1,5652937292310667
3,867585614563426	1,7432868810935878
-1,8396832569288024	0,7868945894839631
0,3194084205094707	2,1232758976310135
3,9021321074032156	1,9644702337379303
-1,836752587633501	1,2629611504130678
-1,682515709458544	1,5243983939298962
4,663541918658803	0,31087535352774875
4,995847299328444	1,3395011153161174
-2,0314506201810545	0,7871546881029354
4,959054671399686	2,0107723723329416
4,258123325093736	1,587405226022439
-2,1335553029404446	-0,13614780235547114
0,4006733237329527	1,2043600667481509
0,4594517961420844	1,9387062822143966
-1,1182632355291164	1,2119203590101577
-2,3743806462851946	0,5647255394351751
-1,0857896990014213	1,5149229355168685
-1,2335989247580135	1,1862214035675889
0,951150979995605	1,3890939633722477
-2,0368933629474046	1,1108187083816312
5,062204950875244	1,5027809496434594
-1,7711119133896045	1,1012780395990118
-1,8218669045819083	1,1372575000402474
4,193073071064012	2,5804204986196364
-1,506034017168409	1,1091364189069073
-1,6713090939188169	0,31092130413306296
-1,137479756592794	1,2540595876312441
3,862626284724456	1,8702934712417407
-2,0561315304920766	0,7076146615990221
-0,28509503918345486	1,4554007451544893
-2,265093604391085	0,7878316553075335
0,46672478027469033	1,4473881572461362
3,653596936125585	2,651199557235989
-2,1840493316258	-0,508074007777717
-1,6616284899721012	1,7204216134568835
-1,7259932043486246	1,3768899463440096
-0,4597684787584637	1,4786086824205629
3,9684219757264705	2,344547848757786
4,435684945481762	0,10928332410747088
-1,7480355969990788	-0,03556921865885526
3,5695647278151763	2,0697475052106036
-0,4429502594692114	1,6207115963972665
-0,8841199324877564	1,2837373986555491
4,927411253450243	-0,15216895562570731
-2,091577105000701	-0,2271160625570776
2,628199737086609	1,6736251408724492
5,036460009294895	1,5912109682603277
4,525711579103108	0,8668542443059293
5,257606532756363	0,6595893812768009
6,725644408889757	-0,5206942522981741
3,3243466669691153	2,7650464310405902
-2,4100009787669974	-0,09312276166806455
4,484924548989246	1,9277933633813424
-1,4268388082702226	1,3108246791753406
3,6923501799998344	2,454470918847124
-1,546748244500487	0,5356956803325064
0,5242134987943992	1,7946538058120738
0,4243621931588909	1,5302992327195224
4,401245016827717	1,2358014407416262
4,372811515117825	2,0633721765286843
-1,691275359182382	-0,45012570787337625
4,560232188966277	0,011769538969557125
4,487997759911783	1,5555844782308004
-2,232620004249135	0,06368986757602657
-1,8582551776928504	1,6612730035265408
0,1641535414490296	1,660165837527929
4,972914605134509	0,9264557676268628
4,621883235256439	1,5384716802859888
4,752891294493785	0,7133456121896253
-0,9572580005091594	1,4604755957028377
4,593572946133341	1,4498411618656535
4,524783603312866	-0,2011354430278074
-2,384164959776263	-0,014747202871743692
4,778282322361203	0,38619770094582007
-1,465346939994514	1,422732955125963
4,3246368604358345	2,5395011580179823
0,14968003489703785	1,8646597904748712
-1,742342792003872	1,0249788663640507
-0,9663900885747726	1,3141871669053902
-1,6377732651215413	1,1000710783307626
3,7168375490656245	1,9235038207005044
3,4123674647721454	2,2005720021840975
-1,9552621390519096	1,1372705699362813
4,318019462010591	0,46464874689474517
-0,04680139209188533	1,3954809485649569
-1,470320073371675	1,3114520529517342
4,033917851565045	2,146344661282596
-0,9620036369850886	2,1135108804386675
-1,7846661366284566	1,261578075936487
0,0501701597253259	1,4839244089512909
4,828177482846039	1,6163778825897064
-2,2091042718821208	0,3122795221321426
2,414808801320036	2,113958459137433
3,4511287177679844	2,0554667877899204
-1,4883524380353212	1,1429937829536176
0,045105089339352755	1,8924899283743963
3,0166738902373806	1,8929019724462415
-0,9238324699096881	1,663122696518712
4,644652041088568	0,7079811564741184
4,950727476670475	0,914036423606329
4,684899236928828	1,3596406872174842
4,1889865423130015	2,114414639525199
0,4388733425003266	1,3813728348853334
3,7529646567335853	2,2556068821564828
-1,5572467812162012	-0,011004338161972771
-1,7554191270135164	1,5448547418963534
4,923534106332439	1,8102632103719967
5,207472693770729	1,3369910070696516
-1,8918797926939277	0,43946975494604135
5,193225837195506	0,982839329862233
-0,27203062754550655	2,0800852464096304
-2,0776062121867165	-0,15001307443629658
-2,3811983673331163	0,8269458249756263
-1,9218808429876302	0,8822021115791938
5,191222234689606	1,2597946876376263
2,852745923538147	2,5698351502097223
-0,3130620685678742	1,386328533148754
4,66710726722115	2,2900268142752496
-1,6240027634221719	0,326276774569755
0,06858641387851283	1,728394896063366
4,730594600528068	-0,44395317709520743
-1,821828196379595	-0,29668442029083186
-0,6352578779094593	1,5057853159251549
4,663080080609362	-0,43228057300898226
4,395266663724165	-0,16298410584635548
0,7870560263303412	1,6390241818928868
2,865151059572405	2,2136208943929225
-2,1884731312454555	-0,47866335354258827
-0,9879844333227696	1,975431558861227
-1,584677804646876	0,20289365504522178
-0,2239396513080374	1,853504549867494
4,397159629182017	-0,056051747501811966
-1,5800171614916148	1,0626054816603476
4,423505298211302	1,2130064763999702
4,718968685674057	0,2414109299342314
4,6448723825811955	1,3460215934409334
3,4379997439046868	2,51903117498164
-0,4131009607844478	1,3284464840500625
-1,4701211882120018	0,7331464774234009
-2,1176673792236196	-0,3735068198678091
-0,9798823064702658	1,4083785689310384
3,4151220648251037	2,8211131003466177
-1,917864818786648	0,5634667575802853
4,003811200145318	2,715105104095306
3,761310639727414	2,0110703392197653
3,1453681891597522	2,6129200683266136
0,40493513320591257	1,7569647107430977
-1,569176869978445	0,3946148488650892
-2,0856554934276472	-0,6515557176520013
4,269603300047727	1,9216735373160276
3,823002475152152	2,163220243900393
-1,046968285522981	1,362474804606539
4,49309342983328	0,6885430103788532
-1,6193484238853864	0,6126801717053882
3,255639631793883	1,8681169944334148
5,006784046038182	0,8777285844240281
-1,101460066019101	1,3947778231088919
3,2112339386854756	1,8172942608728113
3,2166667814060323	2,036414967316145
3,102799568114274	2,775446832317943
4,177298190469273	2,52526742765822
-0,7351765959307044	1,5675397540566736
4,422878691730556	1,1247662806089185
-1,8604650540978636	0,743936125171696
-0,5386142330233475	2,232186765864112
-1,61873621805586	1,3264160842129211
4,48154988300676	0,40251732443394267
0,06776900958883425	1,4574597065711248
5,037412805840306	0,21726050989432233
-2,021850555987524	1,4243379961383704
4,603641440796584	1,790276822489803
-1,8090913719701571	0,713569083625945
-1,6379805240224987	-0,18473895681316277
-2,053243232358947	1,2484428996945578
4,629260718106322	-0,2672514860373325
-2,487836198079954	0,7254569824650495
4,484906268515006	1,1072010150792946
-1,677884673624029	0,31749577911629423
5,072800275151591	0,8054169017298555
4,542607965465594	0,7142685358500032
4,825412450764716	0,8490770310434019
-1,959587624829925	-0,3347305321295042
-1,7788019823603145	-0,27445109372515775
-1,680919704416306	0,5935957279073554
-0,4784641093445016	1,3252283147872181
2,9716718055777673	1,9377323916163371
4,86055915197219	-0,32877555546432724
-1,973910200997747	0,9027152751082352
4,630105397853759	1,0027531524079474
-1,4082253884703986	1,8591507882021718
2,8200382401066424	2,2071950324180563
-1,5410053327319813	0,11036920780007681
-1,9512830201947322	-0,01161379101661103
4,580524517601346	1,7220777281963873
5,230583811325618	0,48661036447791306
-1,8109785842770887	-0,5063321392967939
-1,614636173949631	-0,3844707836805651
-1,475382495218065	0,8412687345216078
-1,873312184109103	1,2613624685635216
4,955386071878778	-0,059353737412942253
-1,1331156665716458	2,2138621064905957
3,276094432538776	2,059572984739738
4,171031605969857	0,16568566756106562
4,83874199226319	1,7304623830595132
0,08113601094677403	5,906127596516644
-2,4327388389865487	0,21141073998631743
-1,5802818758659278	1,1777495345441413
3,494083405059982	1,9364269678881267
-1,844706024513715	0,17075334547188326
4,382167713917477	0,4255499161731233
-1,682381793563865	0,04561885363804441
4,5118796315647955	1,6979085286433397
-1,1555795766402799	1,7854947608052278
3,8782123423725627	1,8528090963672954
-1,4534475996516354	0,8882897861958096
5,001703331528116	0,9489526757791719
4,887445793016899	1,6224717115102836
-2,3167868200740376	0,5927649104410792
-0,04617177363764702	2,1519180625111
3,325540975262772	2,04123538387643
2,256942509908302	2,419686816278219
-2,516853226020926	0,16145872309712472
4,704590409195677	0,8785771105370378
3,5845298766365827	2,1754556785078965
4,073486314298989	1,661266871080445
3,405750002311219	2,2009514240032577
-1,9172212711661598	1,3729242165455253
-1,940937609610819	0,5884448241534359
3,3097919115389676	2,121461682129353
-0,8937863395115149	1,9013099546670547
3,0272639903930716	1,9343111224366356
5,055251294988027	0,30617085986702264
-1,772681937151239	-0,1617886666758338
4,1128701333658375	2,160253019736445
-0,7289976561936685	1,856342734651027
3,3869559314658955	1,8688238412285847
4,757178730399957	1,3148058016360729
0,1317407944271345	1,4780917132512141
-1,2104530580880493	1,1129195418509856
-1,0436640341233265	1,2813147686703983
2,6716570611901003	2,2513511227071445
5,129623755862923	0,6694409234201855
-0,3395771256030191	2,2155715920650914
-1,4996155551051302	1,01178056688764
-2,310188541802364	0,8355290793922845
2,86203675466943	2,3927445786293005
-1,5016262008175993	0,7544376612770409
4,676259669819849	1,7989580436511468
4,632436467039778	2,3034380569512125
-1,0349213496097711	2,008345845366357
4,137085131199367	2,3528116636480965
5,107135531713456	-0,025408893154216017
-1,6739025570120507	0,6949704608982488
-1,160484652678495	1,201315101423481
4,653320387485068	1,391694220089187
-0,7354979380392772	2,2757376629448105
4,146109264103573	2,1937822455687708
2,8423083532003144	2,512661817399765
3,355304658758579	2,4886272944396843
-0,7901571527681748	2,27616301965973
4,284127273709984	1,5498028250492886
-2,152845199908102	0,9320636797766861
-0,4381623554161804	1,9842573156153955
-2,1419416323777707	-0,7365715610588222
-0,7171420851158834	1,4451201233387445
0,5488999338641121	1,169737710857735
3,4253303104297443	1,9970518267336126
3,5031231018153894	1,9073047278176911
4,010667426090494	1,9813750250954807
2,241343920811348	2,1382485795663904
0,20005294824176545	-1,0446050043517427
3,228655461548815	2,541697627283867
-0,10266669936642281	2,2509181528786835
4,485587143344418	1,5493721998244538
4,475231057750221	0,6061957146600438
-1,1471697624087898	1,1906220084074888
-2,0216248296840007	0,06536948567577194
5,0150049453497925	0,6219803839005945
-0,4744037481087148	1,6270660788760383
5,058778614943678	-0,11360015826812297
-0,3906532055149282	1,7440999502329362
0,13218484129726127	1,8184999257681829
-1,3683278084255628	1,5454728341292832
-1,6636701814306913	0,4778496895705657
-1,1864079612769818	1,7882321770720864
-0,09748396879146626	1,7692783463899744
-1,5407429990137806	0,4290384182753233
4,601526332097568	2,1836506484994445
-1,4594094129541513	0,9577718016070644
3,058035108982055	1,8830777019742047
-1,8605939598117618	0,385853183438269
-0,22464015739925058	2,0245635736606333
-1,597753505198845	0,1600780402415593
-0,9896099130098498	1,3016884904400714
4,1676735992674185	0,0627426348794895
5,313299658204359	0,7669740169071837
4,621684002432604	1,4546636867678475
-2,1127658564156926	-0,6332551920335308
5,18942226684437	0,5336090882906721
0,015347133883462538	2,190328407367549
5,0089811450654125	0,3216123421364071
4,304051017021776	1,5584895819644624
-0,33792393203632565	1,3303147290724169
-2,091235031599383	0,008234125597144648
-0,8238384481659937	1,3763443341089638
-0,7387727064445052	1,572485770600471
-0,8247040388855057	1,3963557180849
4,90807048595257	-0,23208771649792803
-1,5397624383877941	0,9508601987210098
5,178092963543692	1,066550982969789
-2,3576521253884737	0,11560750247623619
4,860560925154873	1,1047373079513871
4,7186725842941	1,4056595063101345
0,026556927609310388	1,424882203882297
4,039689076458101	2,442462029440737
0,4408489414838882	1,7259996117053036
-0,2490869082360534	1,334091490567976
3,8703492705014315	1,9896631720757314
-0,059169870146587256	1,2642815190630965
0,36218225105050106	1,4453574183447708
-0,23735984338930316	2,149776807052575
4,842999534037252	1,3011561546998842
4,407163737755223	0,47881387244881807
3,1216489516232926	2,4873840961936207
4,928789727381579	-0,2437878750173781
2,6372849350890983	1,96050685927474
4,833673632713085	0,703077782543897
5,008238718754222	0,7290297376607632
-1,565222155839003	1,4295678501035614
2,606903612524779	1,7198818644020526
-1,1851976070618284	1,3938861710695685
4,09344023112287	0,09035739533925458
-0,9683406857463195	1,736851173888438
-1,6190253036696598	1,0437796410687799
-2,1166719421986975	-0,29267961000222453
-0,7546191151870744	2,0110161458414817
2,303223278826205	2,141101557047498
4,397613840787493	2,289851432833827
0,3804405655997395	1,142116331956253
4,5604951734561165	1,2632550938699612
4,388766966514615	2,0753941829969302
-2,4142113081596506	0,01651818333436561
3,8855007695394996	2,7032913715895415
4,8165142607072715	-0,36285082506235233
2,541652595520381	2,4142864388492233
0,3187762499005461	1,6559552702571914
-1,814126944010605	0,4485037509814056
4,424792383418275	0,9565863553128
-0,9371134692311629	2,042682711453966
-1,1038112427144844	2,103417582551794
4,68867255724334	0,8034547328290758
-1,200574368428789	1,7132192277817397
4,629534966521378	-0,34980604289322303
-0,5356741640932656	2,0332876018402644
-1,308547054729716	1,5554306785021619
3,264851388490137	2,0245940163480896
4,779710750399019	-0,3646189358624976
3,396035256053915	2,496622145653741
-1,7682536885999922	0,6291971491199813
4,616818568149874	0,6300024804557742
0,14078027893678868	1,861435064967313
-0,242610755425691	2,034201761708262
4,737127857551498	0,3654700679075196
3,4615525145734556	2,0847080952917643
4,636128964938903	1,8143956991991987
3,7785835908252725	1,7994757009822169
5,015868828215735	1,1718972098575602
3,084429377160538	2,397924641492521
-1,977444512514996	-0,0012804728597359816
-1,0649922115839972	1,2580077576857067
3,9985400161426785	1,9901629030585666
-0,6192120791026294	1,399684834519029
0,5315654634979419	1,6094248342421849
0,7569286899876204	1,329332739805265
0,25983039728733126	0,9227566019464775
2,7062363971677286	2,569232731144296
2,786497911124485	2,3666111671249173
4,780839389266211	0,36114762808798573
-1,9717538582047516	0,06996129201760581
-0,9520309588111096	1,5280741080822318
4,422593904763811	0,08140438639219905
-1,4964518847391615	1,2144964156087878
4,597407785531772	0,9172907534136847
-1,815223689482034	1,2869410433662534
-1,0722104182052752	1,440318036650318
4,601523818556855	1,7136272159165413
2,5050543949305015	2,16465253963249
-2,0981301292032866	-0,6959790975834779
0,36194069625011094	2,0535144559651406
-2,148524507362473	0,6270663730703734
4,326945908632953	1,5475107342059449
-2,1749293119307875	0,5715036091550463
5,107365502095617	0,8674643351993624
4,698509793904732	1,9398610350850838
-2,0653966095189205	0,3934436516652744
3,8232191632236567	2,5710908108132013
-0,9760589762891885	1,507303845612019
0,656072134040546	1,2050825134979846
-0,19412177636436667	2,18066342037546
0,1061003725151477	1,520930767933812
-2,4449360579089023	-0,1779929961745963
2,9272991903054684	2,308541895475853
-0,15967864422272293	1,7187327223202793
4,506610255468611	1,5940634888399872
4,245821914225214	-0,06868072317147167
-1,5080810706963645	-0,11230183275230021
-1,9838862786896279	-0,48069674843485544
2,8263920351855694	1,7273355207419343
3,0403975989161043	2,4458561724252728
-2,042715592736137	0,5158511108745215
0,4501376297789629	1,2436308649366095
0,13526558589703308	1,7425680608714755
4,618572536757421	0,6744297782547567
-1,3726514191374037	1,7003831076167992
3,008705567682454	2,675407185706857
5,221407829388888	0,14635445192197072
2,264786228460311	2,09250228372468
2,861305498492877	2,721681153289918
-0,4514992936073664	2,0822730084629084
4,743818798876117	1,4589135688014438
4,95667372627641	0,1742315189123418
3,1705959322692783	1,8103290334648832
2,3845383325851994	2,019169462215231
4,001498528321118	1,9306566354524328
4,061131251976816	1,7982210255142657
3,4760171377511297	1,8487132665520096
-1,621999371707295	1,8155906345238888
2,4929997699000923	2,212178517719332
3,7644785001322876	1,7507519943864969
3,6613969998654503	2,6510074995738973
-1,8820758190764635	0,5163597489219135
4,408873201671893	-0,23193627829456132
-0,007153632264516041	1,3278991685950317
-1,1046382493773195	1,571040741674473
-1,1713021327660662	2,163522818809418
4,585793018528069	0,0010396427601478964
3,742564825005647	2,558292239559404
2,5193166766724606	2,514881784695413
3,795080453671349	2,378139284933731
-1,6919988144773734	0,46544742763302116
3,8268101120714215	2,140191604263142
2,4601844599712903	1,940031111625757
-1,3626714318109778	2,004813298296005
4,280244468270151	1,542031702944447
4,263812273695113	0,211002319549206
2,211895311629708	2,1205105924180634
-2,305298901744983	0,7989284400870728
-1,6970874411787795	0,7315838189823645
0,5922431601687648	1,6850467483950469
3,431420014714118	1,9299410240641128
4,298412604937143	0,31285392200322315
4,869861311102699	0,3506397702791264
-0,8365966276093277	1,9326532737139441
-1,7214927482073414	0,8604950408550245
4,5497027014598785	0,9678709314253574
3,1887127332991336	2,280545644927277
5,242763154123791	0,2710438806046981
-1,1131502586547337	1,644866123981089
0,20361595860843706	1,6213113713080887
-0,9147324089155184	1,4295826417824138
-2,2259201937155044	0,6114687175370365
2,6629551029862375	1,6509926624690334
-2,070464003649838	0,11942553625464669
-0,2993128683522256	1,645839955986483
-1,3233946007607598	1,375252168992764
3,6937103866976404	1,981846214272919
-1,5753211351740184	0,31483454204197237
-1,813056491832074	0,510090306615163
-1,0123898802213538	1,7220634367211327
3,37810796336906	1,8703843749435172
4,927483852321055	1,3303217695830505
0,1562223498174684	1,0785338814203662
2,6880993795845867	2,7059534971465236
-1,5787710456284436	1,9724066394391147
-2,2458545068669182	-0,049901111083532235
-1,028173203248517	1,5801729238230755
-1,7531632372001937	-0,45749866490625457
0,32989751475672613	0,9886763761986703
3,6216111473207615	2,6465757570678567
4,353911798333098	1,6693133780643552
-2,3603532048762563	-0,08913532975611471
-2,5208811424019033	0,286626958496937
4,2746042329960146	0,2831536330132298
-1,6477461863892484	1,594222138435795
4,0667872629706245	2,0035195327489905
-1,3129089598732369	1,3342739386852829
4,628778717086902	0,8269021126352597
-0,766706803046493	1,9117725697233026
0,17536837430913654	1,2517392836826957
-1,9861504172342315	-0,10090648758444482
-1,8891905100064248	-0,3691776720845048
-1,3154756599075805	0,9841006622791003
-1,499426630981727	0,7939795562602305
2,9036562621794504	2,5870993861459315
-1,570753350210349	0,3154760830469565
0,36033369140736893	2,0288591050500417
2,3849873808840467	2,0406986107862286
2,361084697020425	2,098209701459458
-0,6788458970024299	2,1981364121953915
4,9051738382715415	1,8344918604864529
4,830450959191618	0,8353384894629976
-0,9958152755151065	2,0499849241955075
4,5495287814918255	-0,07179865494365545
-1,576962349810561	-0,3155293517388682
4,9472656644025275	0,9435835933252088
4,116821839501631	1,9405914056288815
-0,12978161119462883	2,047782171909326
-0,9265350881077269	1,661001903203029
-0,7568219546112114	1,562309479270265
-2,0217223303526533	0,5824600035455129
4,9637651526041715	-0,24084210960499108
-0,3138334900087242	1,4294389351178634
0,10092237967588269	1,6418380809963882
4,7573511804672926	0,6139858932759518
4,4898252992347	2,2516428322338475
-1,5719806853054215	0,2638829737473071
-1,5491065461246116	1,1102059138728757
4,306934866085687	1,7384553509630367
4,960376066516778	1,1417665283462854
4,966421314561647	1,1935996582914303
4,0929134578983355	1,889700386602194
3,1637737822236534	1,9231265274273177
-2,1837771367169383	-0,708437948380553
2,6598910945186174	2,1392369216467233
4,220273555807261	1,5681941950167047
-1,6746954882371	0,5059879089929536
2,2251003950607897	2,0425186549242875
5,172935671473354	-0,023927917384580666
-2,080196934832044	0,30147830816136956
4,763039366540052	-0,5342461628067376
-1,1702241176861172	1,1708195883770829
2,8726637584743466	2,2527122502354837
4,918963275574081	-0,2088692265706631
3,870495206041272	2,6956123147954894
2,814160619466379	2,63284027253409
4,887134353569229	-0,009146327566898815
-1,3857263976160143	1,382066369792562
-1,4312675775061807	1,1444963073830645
2,495009557665332	1,8806260014416571
-0,8322634947652194	1,617186444604642
0,5611062859685578	1,141111214459538
3,6971546185280615	1,8200986169710407
4,695373118221847	1,015146881538521
4,840374256985439	1,6416339101904807
-0,7212866193302061	2,19869340646769
-1,5234758160037838	-0,20529268664573508
-1,7955822635748477	1,1891368867566894
-1,925062024936533	1,0773925138230838
3,5623626013391667	2,025040638796776
5,195052041724887	1,5001634486592867
2,883788045075601	2,1048892174743354
0,48473520579166607	1,025330909656872
2,586321685630104	2,645301362817695
4,9432976683194605	0,39749331314453806
-2,312501289876579	5,539555068409481
4,55553915708996	0,5196411083506054
4,404215889288054	-0,11422551445869433
4,679146665243785	0,49038323429904074
5,141316106310841	1,4089509669903166
-0,9230141585039973	1,3937455242947383
-0,6098832708661345	1,9469434015051936
3,449270933259763	2,0846073317726335
0,29988577336461586	1,3281834264454948
-0,9239651012569798	1,273945575188609
-2,273977455184787	0,42053910651329707
4,237598384196196	1,3640006041870523
0,6198028594132443	1,7640700415355448
-2,486855200727831	0,09807911449592244
-1,080884331259766	1,4832726361724617
4,037966984969668	2,662649022489656
0,20821123287910237	1,4687062500013095
4,914557922815175	-0,04132178425253774
4,424056431883489	2,060883140031246
2,942081371187209	-6,331294420399798
-2,217826166861852	1,1194038917310767
-0,8340192167812175	1,967762024232461
-0,14790840176229708	1,2794555017121974
4,803791319449208	0,9425053163828583
-0,6537806339029127	1,408544971784538
4,333257508201552	1,4424783280239923
4,122825055452885	1,9984823321125127
4,471614840716072	1,7205087793166567
5,2316547703458856	1,353630763163211
4,266388264643192	2,392188812129844
2,4168719986579674	1,9351109421388357
4,649670605394412	0,4047744749994675
4,217676564260721	-0,037517750979501274
3,196622006010797	2,178610303228469
0,48145795055228424	1,3737041679372957
4,65151551641371	0,3303314738458541
4,543235907657757	-0,3285109129644179
0,40468599106058334	1,410718948768038
-2,18325027848679	-0,14472290287148415
4,724579197028885	0,6768813023437189
4,9872527097375166	0,5128748940386677
-1,4446858878502038	0,7460375538741919
2,1151754798893343	2,207065677272512
-1,9949684746460223	0,3645696226095294
4,280881756755899	0,11551949815791573
4,374958456851162	0,00900738932468581
0,056178783125477194	1,6239975301502345
-2,2132392514847266	-0,5434998824924792
-0,10736502152996003	1,4120668718168474
-1,9119987599976962	1,1088516496256606
-2,3533893119292046	-0,3169060461118254
4,293377288160994	-0,06632250585098065
4,312098949561669	1,537256855883594
-2,302378923379534	0,40986479347981397
4,254210864974853	2,2695290087469715
4,776583769275068	0,7996744179839664
-1,6699486761007867	1,0390420385790955
-1,7076665327009997	-0,45219799836929486
4,413408252696396	1,6681652114196373
-0,22033875811197512	1,6056476472355992
-2,4012318878617056	-0,3350151538926571
-1,3905578962241387	1,2240923063149043
4,435916187454626	1,5731453954547887
1,0212184481591675	1,4386794503989562
-1,228881493276588	1,2183871206960462
-1,7769970600816911	0,7524309911643559
0,40816014980980286	1,0478635541909407
2,5218842917810305	2,5731848454955237
4,697036886592899	1,5923309869655211
4,421907233339816	1,908754776300777
0,3994428775603933	1,6253829580948929
-0,9876261377113242	2,220570666979995
3,3701360280232064	1,9701521793662549
-1,3380178133912275	1,9780631574720722
4,6611946611354185	2,0102760102489965
4,480962713367013	0,030963240774654954
3,1869506768731606	2,0411858149473496
-0,6755918897261275	2,205605057168741
-2,511310430889967	0,5158788775668368
4,296422343686512	1,275790226295706
3,4982722614216852	1,8238357602432824
4,3069358626930745	1,5745058537381507
-1,6998894871821064	0,12670275376140644
-1,5273276106816671	1,3370171077774469
-1,0680906206751932	1,4862104324712035
0,6033567821281516	1,3463552564175187
-1,192500848626826	2,016685408735264
-2,178933249937534	0,7241780232458597
-1,720473862641952	-0,4682938197900597
4,726902690295274	0,5948898101271791
0,16128784617602576	1,1964040090661578
4,795729010657032	1,016263134599055
0,6132769408710181	1,7809891974704821
-2,2077507543574475	0,8757127805638627
5,104396154146776	0,3058935574489483
-2,075078107722594	1,1500962198475582
-1,3133302802894753	1,3219187434831525
3,524954706644017	1,9823346252586889
-1,6077261750034642	0,6296401792433715
-2,2382916733369687	-0,4839900706365319
-0,9531127874381784	1,4964334512251154
3,9251877709504637	2,141921751414552
-1,520085190055017	1,199310656260547
-1,9828368684941986	0,6505102152323299
-0,5401127480292901	1,8159069097857659
-2,4341193218268855	0,04688796489101277
4,558739361833043	0,9540133158613336
4,051360443345323	2,4461542415356754
3,9273159909826805	1,6935974682332313
3,860107639867148	1,7616217284761748
0,08486679721328638	1,182237880742407
3,853136971094136	2,4626148735793487
2,8143498118973627	2,310668825803406
-2,05500117182248	-0,6941161684026125
-0,42515611173459134	2,0145205887880877
5,091167283041582	5,820184280857815
-1,6733334755715334	0,33921125548196807
-1,6614002759738846	0,1569242835352327
2,4901932803000877	1,8136882949840327
4,651469970628682	-0,1534449854332407
2,307890179696587	2,21076608251525
4,6081070924438245	0,2509878379901762
4,2095894274256125	2,639978054914985
-1,4813496007854539	-0,19410703392439888
-2,099781686969693	0,43454719850426027
1,0152329412726804	1,4866594748151187
3,056698693031778	2,6032358182543636
-1,9147687476765411	1,40663923819066
5,193372110046384	0,4810815755846375
0,27228458564016134	1,5933039187477314
4,268956573157724	1,3255888921117538
-1,935795747408906	1,5102353560557793
4,593796079801555	1,9707983616042548
0,29966790355419604	1,2781950579273131
-0,24904325207897482	2,2208209286555847
3,582349345880589	2,2532338262955847
4,643521200949753	0,4118466688650722
4,890160477840357	1,3463481058888291
4,455147294294466	0,19952522066620437
-0,8860910178217307	2,1693288162309328
-0,6491654182297604	1,3611249262852545
5,261916755691917	0,23903908918778893
4,236219308624026	1,8146352444383336
5,123459922328039	0,884092290346241
4,8460051666850426	1,4595930616777457
5,139891491093107	0,0909677026946979
4,841689147175462	1,1026844194636536
-1,1388838810227295	1,3547598931583247
-2,177117995044493	0,9731904813511882
-1,7013301944746317	0,3686923801383185
4,689923613233798	-0,4265105367530184
-0,7233080501729772	2,168842858951672
5,318809200840651	0,9196871814037888
0,26781845562294115	1,4820618262856269
-0,42844850501171106	2,2354534121015313
4,564189369745543	1,7343459555191012
4,497994891927044	0,36252119241954867
-1,1931946556491488	2,0530768996883397
3,395473860921417	2,294311843523431
-1,6732245571562228	0,37891989263707226
-1,3328309773750875	1,883232345754482
-1,5930873292417567	0,6994428092556995
0,1418265165004846	2,1586714174584993
3,281475688016465	2,4182274611924126
3,127827674104966	2,609885418853728
-1,6524444594644074	0,9412858023915687
-1,5738762744509185	1,0648444517871545
-1,3570144270834437	1,436605400408754
-1,8158010057644363	-0,5390820641175228
-1,9123336472381225	1,498584538965978
-0,08188042254880212	1,5933712611068906
-1,7801179774280618	0,7088522897573186
-1,796123738792371	0,4589197724677937
-0,022543162644824144	1,8170769756406369
-0,8321730223391948	1,631799583484296
4,27590098796435	2,4920263733247943
-1,75470462207757	-0,1990719003234589
-2,0756113062054498	0,04322866170172657
-1,5602712312671116	0,5626192188250042
-1,1085402373003932	1,1601907969814083
-1,4130048820982997	1,0234338430058458
4,624018060273301	0,5660453730176146
-2,075760542844779	1,3932733022089296
0,24109702566431856	1,43037051502828
-2,1354863175495717	-0,4691871112749859
-0,39483634502244125	1,5752109912411285
4,249001463590061	2,569916859321383
5,34066570382998	0,6491211580327254
2,678600902587025	1,9685067502777351
4,935380832922102	0,08196310675460472
-2,042517411167369	0,5223012273574282
3,6487875780935237	2,2046427984901684
3,8422060833965013	2,0230930676125167
4,280434031477181	-0,08906307851589812
-1,4929131399742879	1,8740747152583794
-2,2198736652229485	-0,1745494831420012
3,137841760941523	2,7748707010119467
-2,078605286998461	-0,143815457202411
4,527915980754967	2,3140576925752447
-1,897393548651615	0,5701203063600166
-1,7160132720979901	0,4745078931838778
5,037025624134625	-0,015817569143687038
-0,6898629835405476	1,6332942132752213
-0,5555710790232189	2,3134322373851735
0,34292854403196227	1,8522820216185023
3,7338281734620433	1,862083938906786
2,9237515205428775	2,31967149412593
4,661889017335877	0,6436596422027523
-1,7071462475885577	1,1715968783184962
4,257409543100513	2,3903570653874464
-1,1986482578463762	1,129048079867192
4,407101915358157	2,2739837555184503
5,0005230913014955	1,462396725092365
-2,2146917260703174	-0,05964210059507569
-0,8883081854840069	1,8421966971385104
0,4786476024004829	1,0651071349088377
2,7600148865903353	2,1980472015615558
4,170061009607332	2,4811740041564883
-1,6982194001263422	1,1892741961725084
3,3591858644122032	2,4910933305131806
-1,1475106154752237	1,7954948029650553
4,010547754356043	1,747357937093286
-1,0294969482906842	2,1244686724914374
0,25196600082849363	1,545649200734316
4,583394947336254	0,7640204339279816
1,0199312113358814	1,4492560527154523
4,472492936786885	2,4421861342466666
5,126253782697371	0,485494520984725
-0,6942953396004555	2,1899864694086504
4,567989553939213	0,9339954878835258
-1,946165862573255	-0,2802116106698844
-1,5998695464658033	1,7089120105861992
-2,402619880155722	-0,359188581195784
4,409477301842525	1,635003390419755
3,6803506419479195	2,3308239859884483
4,475641964735734	1,034784210018402
-2,3054729365293847	1,219422811291309
-1,8317986670841502	0,3647920274745102
0,08272100124970161	1,6349895101522822
2,2745660374992114	2,0433373968669164
-1,4951535017932214	1,9594199379667254
-1,8221026065195425	1,143076562258445
-0,28085366521495414	1,991255529462296
0,5472935479348988	1,7847317584758093
-0,9682382702768033	1,2739263059601749
-2,2136551359049297	1,1137146825306035
0,44778385864475334	1,4053859789864769
