53030
92135
84242
61763
14057
79901
33226
38910
71384
77382
7679
50982
29910
13778
20999
58835
204
46525
92385
5905
79206
92668
48944
31158
46561
33537
98656
83140
60521
96466
33126
29028
93626
51236
75367
26561
36187
95845
77109
65900
33219
83836
71926
11852
39384
77918
90230
24710
957
760
97276
9761
31383
79939
74940
17761
61538
75065
68571
1709
57645
58979
99287
9269
84182
32795
64447
45013
12096
22942
92002
48177
44989
84190
93716
99453
37334
30537
67531
15410
5112
27565
8335
53246
27271
26363
12158
17995
51096
18653
71511
97669
82463
90047
49595
46697
63007
8182
97573
42071
23808
65689
92217
54182
58035
7044
74382
43390
13828
43172
67496
90422
39176
85526
88181
44913
96165
22163
37333
72071
95485
66828
97154
21684
17108
82035
56053
78180
18185
6568
23977
78746
23212
6885
28784
94221
91565
80775
55492
26305
29875
53653
65633
22600
12357
58688
67082
20822
61306
74848
83558
76191
48114
86919
12502
82292
15659
75166
12768
40274
69703
93292
90162
24681
3551
33131
46592
12423
33493
3879
95468
31383
12217
49604
55167
90447
45596
92006
51887
2206
35967
7462
3077
39147
5069
28701
8606
32507
70336
2316
18310
79830
57741
93919
21789
29749
36848
58455
77376
36056
27950
37544
65249
33776
98753
43093
65230
66515
90657
73436
71074
92220
40179
73152
3038
69103
9622
14439
24390
72649
7982
95985
35476
63620
81171
30820
8041
48054
75967
39599
79511
64983
41117
12458
90909
82065
27360
90194
12944
34970
77362
46180
53024
36831
56571
53316
1581
70759
7798
54254
60313
26084
94917
29862
62550
1054
65755
53853
15387
5467
30988
53267
3596
67045
75624
28903
3435
83048
73619
14052
87716
91835
96507
21071
36559
13714
39878
10151
20301
45515
31685
85602
57996
7423
46819
19527
19396
70879
41361
95407
56884
65946
1071
96365
50382
7788
95515
17499
30763
712
39069
48014
80681
90788
1231
45169
56937
88842
50680
79177
25744
78314
4481
27361
28471
45418
4364
83415
34696
72432
13939
41786
77145
91725
21486
58598
98777
52067
75688
70479
23911
48331
21940
43915
88245
15691
99827
84171
89613
10656
57337
2332
77174
34365
98796
35199
83521
62830
42502
58313
353
11625
50292
67243
56862
84759
68420
85195
29115
49572
63804
89022
36495
43230
49413
37904
70295
60650
58206
63310
97145
75449
27411
37127
59679
79943
26538
19768
85782
44065
79876
44134
76328
50584
55049
56088
1060
89517
26180
55859
55357
48001
28671
30360
96917
15747
9954
10890
27288
96299
43355
86938
84995
17583
78694
10553
64769
20899
77
56538
35706
37539
37717
2107
2413
59660
7887
71400
36005
24202
38049
93264
530
73874
27410
91960
71593
67143
47702
73216
17575
83141
54493
80026
56530
19048
23801
51485
28666
34112
52769
4509
76660
10038
5875
88951
72665
24448
48703
65861
96313
42659
84210
5898
6833
47851
67669
7157
19637
23007
77573
71356
98846
37974
43013
82981
48105
81291
49838
73063
49856
65515
34724
4722
7925
70958
75808
9483
50492
89749
75427
88354
4008
15388
44891
52557
11656
8195
69005
40125
62333
41172
70701
76643
63857
79239
26208
81748
11650
78068
18458
13789
74403
27713
56138
97619
82123
39146
96642
68644
14008
13697
94868
90861
39203
60170
39266
9257
49796
17500
86962
59210
75416
64880
87922
30596
21893
41381
63675
52201
76915
38623
46466
47549
53221
10696
48919
5718
55101
55950
95043
42953
93507
2338
2553
75332
89713
64908
44568
47055
16591
10427
24189
65804
80388
72370
50203
67210
86665
53616
89625
96383
59662
41216
63832
36485
93888
88740
97358
62369
61708
97222
93431
62494
93737
68824
33900
98551
73852
88931
10606
88837
40547
77023
24853
7726
93491
5785
2926
7337
46109
11165
47620
87013
73642
5473
491
67686
13523
56515
25072
68625
97988
8417
43152
48285
91585
56210
61051
46896
17062
96340
94786
86129
89054
66284
75649
43452
39230
47531
99464
66331
15252
56538
52644
65448
21582
7821
58219
93080
37414
7767
80398
27241
86404
14781
9387
62670
76367
1852
17476
41559
13970
84515
80112
94548
61684
90196
33580
7585
99467
9630
10836
22995
22640
35837
51803
98126
90661
60
62171
27962
76822
48813
35277
10657
59586
98114
37010
30927
42822
46444
63596
85804
97407
36965
80360
47755
94232
29763
89292
86008
34879
78799
34363
24623
1307
77728
94462
49600
7067
4533
73151
67278
28876
299
41281
61942
96632
47949
56036
85190
4389
48755
53981
29973
45685
95874
72370
72654
68892
11154
82538
39732
59934
2769
71325
48610
88060
66678
17604
77793
80358
55800
84255
10970
99486
96243
376
30898
74528
68622
93821
59318
8261
28539
53198
67339
63827
97508
77538
96740
61946
48185
79423
11994
43650
51694
10505
70739
21455
74418
93910
51102
53981
13114
42284
85287
15905
16192
77196
14909
58846
84771
42661
80978
84888
48826
74521
28198
81156
65430
19316
81616
35636
65600
93430
36985
44900
73691
99313
47480
9801
32105
55954
45726
30145
66578
23614
15455
79624
77174
54211
77821
6718
47696
50710
67780
94321
62190
88804
96261
71614
77704
41716
76021
3417
96422
3828
21338
10733
43659
7585
55743
41564
6326
72042
446
49655
22113
90011
31378
28994
41367
27282
82203
15314
76755
3138
96638
4804
22187
40706
34055
24644
30371
12363
3597
14256
31988
93747
6059
5478
17805
5397
87465
40626
48297
9316
26383
10537
25827
84325
24420
9689
31030
73864
37346
1018
6068
68237
58544
52947
13875
62038
33735
81763
96723
92179
97614
28500
89213
48480
1510
87598
16433
68367
94829
4459
21061
76031
34480
37387
44929
97528
84902
92941
79322
93599
17262
80586
98018
52193
23181
45183
52051
81873
82064
97832
12546
31888
93601
20225
9288
59512
60492
96693
51401
1594
55743
7235
83487
85045
4307
2554
79431
76466
78499
81039
14122
46667
33082
11276
78057
1705
12244
64698
103
74161
26015
43836
45803
67490
59115
53748
41643
49126
77828
46870
79615
30097
32933
68353
52586
26207
3182
17993
97257
66395
18000
93620
53758
21243
4609
17142
34207
58804
32426
63041
46821
51884
5615
10856
72356
50392
14248
42573
32823
54027
95956
30869
2526
42268
98953
12539
93080
42420
50218
83098
55882
16002
47292
83904
98819
79475
85615
49056
22317
81823
39665
96343
49454
14478
63996
88762
97154
90796
69648
189
72689
81490
59811
25509
80418
6963
26622
83942
1572
34000
46506
44685
78789
46649
41748
78086
98771
99497
52930
95702
81734
64238
30201
22797
4316
68845
17507
17631
84017
31052
12909
8411
63206
45010
55236
1149
1413
68175
76373
64666
36524
78232
88141
61762
50155
61233
88495
85669
64558
63414
28260
62734
42900
22645
25506
29577
96843
11246
87194
19962
54272
28776
50403
49866
40892
37665
50021
5970
7653
7893
23754
87787
29595
48283
36924
44681
98749
68775
94388
76500
46212
16367
79691
70742
75358
14882
75478
17036
68140
54002
88209
39310
12729
1546
76130
63644
56947
5356
83678
66615
14455
42197
59697
30446
68817
79688
36837
11365
35703
90451
69805
64364
5464
93019
51224
55835
65514
43692
71190
68841
85860
3242
31789
88099
56808
18497
92164
5366
94043
93479
69866
16200
23486
77357
26207
25597
45063
62393
10893
69757
46999
51684
25232
82322
92936
99089
99635
69997
32815
29143
42679
14184
76642
8971
6510
8938
14923
19683
93908
58396
27000
37125
26446
70333
63507
74086
90107
58419
66498
69682
14184
4187
73250
80945
64851
93357
91807
9845
51671
9135
13933
88940
9203
62593
3680
52070
1429
64669
62126
84332
94954
44863
55513
39209
46732
20453
71403
12519
62972
40543
10814
65650
23511
34216
88429
92880
81338
97824
97770
52656
92376
20729
44414
39677
99200
40195
30835
16681
15857
70149
15114
70776
53495
42219
93342
43962
34209
90070
12034
87635
30816
47704
47870
68110
52227
7125
24214
96400
12598
55113
91786
18843
87777
80588
58556
20516
59284
35339
77273
97313
15181
11270
87064
33499
52458
39577
1771
48987
93461
21685
39809
25526
41208
89237
42826
60970
3622
42497
59110
94478
77414
61717
20928
79331
84729
7562
77803
87248
48541
40397
92220
66045
22593
73818
58364
45482
53075
88873
72214
16551
22580
22961
32062
44018
13556
71986
82994
9940
2978
95300
81683
48064
78556
36991
91337
85316
29610
88899
6040
35515
98126
48344
14212
94548
8214
9382
16662
8913
5825
45316
97789
36914
94242
74981
70621
68227
78370
79661
2458
80605
28755
77410
30505
41129
6247
99628
44133
71534
14314
68960
83403
86875
23099
92401
29304
71379
83147
47644
89312
83871
19209
84642
4069
15946
79323
85687
21983
79869
22060
61450
34381
41667
47710
29770
21728
43955
31711
5392
14888
69952
12589
95065
65410
66754
41025
45507
58292
14870
220
3929
14576
57729
77269
46005
54354
52988
20651
80868
94671
75150
70143
92688
5231
87306
98161
55236
71016
95124
54572
57933
69289
65119
97708
11765
8800
9465
17835
3984
28140
76578
21705
76265
12303
44410
27216
22881
97361
13018
39555
83386
56468
59879
3077
16872
78720
42785
94384
55009
963
21269
27383
77413
63846
62351
91930
33519
58179
38769
69787
64350
33431
66907
54487
12866
36973
49254
16406
13437
65508
46884
41315
47747
56858
27256
63953
16393
66234
9943
74218
4780
57826
62678
10547
14926
582
45883
9190
23698
30445
71597
24051
67884
10711
86111
15287
48859
58484
86664
47337
31741
62891
24437
79585
75871
8943
52419
44828
40899
24553
39668
28701
18099
66581
81408
16711
65221
61424
93972
52429
28105
54715
3836
78699
52791
40612
62437
78878
40580
1334
27187
96447
34749
43935
60423
66812
87419
17913
63874
68388
2796
80069
33214
65584
73932
90295
25766
54185
48461
10660
80907
72872
16986
99878
20073
37606
15728
36210
61475
22923
10140
52733
80849
30523
31173
35901
54928
70320
5842
46020
82743
81452
85859
20650
26116
47155
68078
63855
13226
17222
38157
4708
364
40183
60458
79467
74330
85156
50325
69557
58885
31067
70449
51174
4164
59955
59268
47034
5002
84957
11965
7915
72081
93281
96772
8638
48466
60519
98986
10564
37989
93546
4260
6342
28990
41926
22252
14605
71256
7765
83996
44238
72922
86240
53275
28657
62836
10046
88673
46450
30143
83526
39779
24502
56836
52581
92292
46202
15750
83125
55340
46475
53157
79964
1616
91802
69149
33244
14878
85836
50463
8715
36624
36648
82021
91061
10900
7059
78152
77663
88189
95059
15349
11436
29750
31425
24743
61676
32209
86856
27363
9725
47241
77427
88198
91816
48866
46126
90608
68087
62772
12165
33497
88462
11345
37137
28583
49739
11752
39767
87312
63494
78795
97889
41009
4464
3405
45061
27607
89071
46725
62084
49437
91169
12549
91129
99886
86873
38996
44158
44421
58566
22274
14767
97556
76036
70600
16276
1893
49013
22651
25920
13498
19962
71193
51051
3502
84732
43346
43877
11760
46044
54734
25525
25274
61435
72655
28428
2333
13905
71304
9315
12941
37807
10191
36396
29243
61711
44856
96684
59642
65675
56993
50470
13899
13439
20160
1513
65716
35827
68569
47353
97300
70309
92605
15097
77336
60897
35816
45466
11525
75097
58178
85784
33425
97982
59945
84599
87889
8885
24835
73046
47311
9991
82887
38149
80505
34927
36138
3389
84873
56916
8118
17713
43618
29384
11272
75272
12146
90791
43093
49544
36528
98121
8078
13548
98513
21151
65305
85997
7348
41329
67094
47987
82811
65434
96381
26922
46698
31825
67926
33626
20966
78217
89859
2675
88875
93910
35317
61634
81433
20953
62398
34240
73792
48418
16127
39736
19971
44106
66773
69654
52891
39530
96042
41132
34152
49810
58841
18129
25686
71400
19686
35525
28964
38098
53030
71700
55601
61791
45458
56406
56175
61562
16379
91770
37793
69784
27576
90760
34351
89659
73489
11296
52757
17940
37751
13214
58166
82156
8784
54476
60236
91836
1646
97204
2056
928
48860
89099
29767
51887
26653
32875
99712
26051
68212
35554
82486
77913
90131
10589
2705
88546
63633
9666
62029
47406
47817
80990
39905
62353
98987
35174
20961
74012
46012
22157
71426
27709
25112
24443
63416
73761
10411
42673
55440
32651
79960
91140
28873
98834
59052
81780
36923
34181
63930
438
25982
49916
70003
44595
19328
32558
60377
18001
31743
94373
51895
43706
43434
68913
35423
92348
16459
71052
76395
99354
42358
57282
95474
83461
44718
50013
42376
54409
81042
99918
51506
77125
91
36543
36775
51555
26240
20332
63373
24585
5917
85908
18032
77670
59341
80761
14448
97126
19712
17619
58651
54701
67128
28124
16560
79225
61296
46935
99558
11965
20113
22553
3168
14285
87435
25609
60424
22824
11916
95612
45801
73757
66169
31088
9434
63744
89759
51172
83008
32045
55666
52145
92518
13053
56248
77644
30385
62822
53101
94874
75586
54064
59046
64233
61726
72242
62638
11452
23878
54233
35047
71720
37466
88261
71544
72975
20834
23412
1186
6382
7979
45950
22206
60821
22489
65505
82331
2712
53914
88397
34292
37996
68425
3573
82152
31653
9268
95928
76208
89806
14459
46115
33393
74173
71405
91916
97098
38047
73428
23972
75165
37054
6386
65998
34548
88580
41429
59305
5475
66031
16648
46357
47786
27302
703
9999
52365
8330
73714
96962
99992
48861
46720
78757
92170
21360
46171
27630
77799
44021
487
5356
95404
61971
88933
92257
77627
28252
16645
63363
27874
41286
45199
8894
87440
86875
94423
18219
45201
6434
30744
2391
77605
97310
84339
88041
26042
96398
9789
71621
34768
5093
64516
37968
4703
55869
469
85186
67503
40084
25243
76417
92068
20413
86504
79500
83817
26134
18640
76061
61125
51676
2674
98498
44322
79336
99443
21198
65587
22122
693
95007
44330
94702
46966
28696
41193
5476
1039
15300
51126
91436
88326
66692
35322
2388
61873
18035
39959
7903
73150
36544
15943
94092
82135
97320
59638
64858
40480
28045
99045
40328
61030
2581
84465
47459
5232
72694
38150
75903
86881
49432
30859
59058
75008
15110
14241
10187
52225
39489
82773
10943
7396
64151
32596
93103
23163
11789
49534
283
7860
80306
19953
24181
78905
5913
14995
53717
44031
15310
10786
54859
90373
79745
44659
93680
89845
57181
18967
9789
37275
40922
46209
79005
96064
52237
70007
22665
91115
62710
84847
98009
57339
28220
6074
50462
87267
49492
91636
77749
24772
31468
6500
89454
82086
47513
91195
43913
43920
67903
77096
7708
48076
18067
92407
97064
45112
58708
84982
49610
92974
5267
93296
66958
3986
55654
92491
43389
51446
51628
91578
30109
95771
64584
64754
91987
98460
87807
70862
66130
88895
61221
24650
43198
71240
89534
5545
87529
38028
98953
86298
34726
53417
73762
18553
21003
77490
37775
71883
72015
64191
22245
48243
37828
15883
49816
76444
97968
38152
24933
4413
3677
30127
56154
47573
68781
9836
30489
75768
51762
26629
19506
22521
72441
1952
51974
43017
53101
74578
86212
47956
47245
80044
7421
99245
168
93459
98469
66806
31098
68470
64916
9799
30492
26344
54286
86413
14424
41595
31412
44482
60345
26824
21573
80369
40051
98864
86936
14157
67768
75659
99715
47680
58758
22926
32851
64524
24223
23877
5637
71528
35954
27195
82733
45631
77227
27679
24931
64578
83896
56350
94411
2325
22862
45271
59787
88077
69601
96315
46132
10641
51784
25696
93601
81244
90744
79974
65082
17196
64467
75774
42470
31180
98676
20246
57898
99188
96829
34288
21292
88413
15510
89153
43485
78623
58840
31592
16100
21127
87055
32101
98366
12435
27043
78318
20465
77818
32836
95719
41303
77575
73857
18043
75017
85773
65135
21535
52574
60055
37953
89116
81944
5837
22360
36178
1313
75179
54256
53555
88947
76436
23658
11636
15888
53537
96243
78801
33654
14291
44664
96019
97852
75134
32813
62728
31663
39064
86701
31990
6684
1981
18944
80291
80828
41514
16572
34443
22041
76310
94180
94842
19113
23147
13644
47538
5639
86891
85002
5846
70343
22026
25310
64879
92217
19150
1226
70328
441
48435
33869
50405
41204
22029
37590
4633
83903
108
90469
58750
57072
30162
77559
99535
98921
50772
29322
26235
94764
81950
61137
22449
82807
62634
8337
74671
84184
15396
57965
5050
46208
76798
60950
14388
57705
21675
39626
9708
49673
96520
25357
73874
35930
34813
73757
32960
78728
10011
25679
24185
11899
27956
28368
25467
50647
63412
83301
52116
3769
7956
32505
54197
72852
20844
45976
33912
15500
21831
55370
84981
6996
57199
53992
32555
48525
71321
62594
8254
96555
59123
86428
83846
84360
16939
79139
14150
63856
66004
52263
29162
21947
14992
62673
53681
98307
64883
66420
16169
58599
58500
5992
77416
25851
67
12048
58917
93523
12773
3284
37280
74685
70839
96954
65455
54817
44397
69915
35883
78993
9250
68845
33295
72046
16954
31504
90899
60105
78948
26053
93004
11312
80401
73800
56702
53750
36134
80876
55811
75604
39561
97614
62765
52744
28880
20741
34483
20917
50183
12843
66871
3849
93117
37876
22658
14721
71566
87544
27759
25869
1649
58605
89551
92526
40217
16896
31310
68783
32072
84681
68460
84900
14984
46299
14761
49308
79193
19748
61252
66863
47487
17952
23162
7380
95735
81346
69160
24773
63928
21820
9946
30348
99918
75287
62884
33541
26196
37620
66485
63106
1513
64115
23877
46647
27507
20701
73845
70711
31459
28611
68980
85964
73270
92172
35518
49401
9658
48119
66823
95991
68642
86334
22706
69382
51806
29806
27602
76633
89298
57803
937
58832
33815
35040
97813
42109
18962
42512
78608
72758
18856
23024
9901
83416
4385
48960
60330
69654
49525
85923
61552
23551
5025
14924
13626
31817
37276
93217
43325
37861
89817
46987
86752
81715
61523
42053
5712
75533
5174
14721
4852
64175
98748
17439
7076
15259
63696
12677
21900
11099
30936
94627
69805
50250
10348
16870
82539
67803
61211
6757
71708
54134
25910
38827
34930
7120
70167
12020
32587
86894
20235
99914
19769
13808
29694
48173
52222
4160
86583
35848
76091
57494
98779
57628
96092
55727
5091
295
38491
41129
81754
18047
1664
20408
51068
65772
33680
10182
959
98590
13976
497
45186
30336
29422
9575
29616
36420
16859
99591
46292
5225
59530
52039
20392
76454
30292
6295
96843
8962
26793
15817
34148
41428
25299
39603
45261
38030
95575
63686
36839
83967
64988
89878
84145
31701
5884
72069
87007
7358
88204
42688
81607
84233
17693
14586
95546
45002
15817
19780
2115
85538
87410
17977
86869
63697
45856
57487
40254
43436
87865
65630
74343
18969
95255
15653
27647
77234
92119
83284
44794
90185
19311
55955
98899
76006
46584
35483
92053
57462
19365
11085
9606
82562
15401
40326
64505
55562
46562
21341
49434
1362
14318
27025
15515
25383
38700
6806
986
66359
22484
43515
7692
96314
98268
91649
90616
24250
29788
50015
7966
5238
53481
31155
39118
79701
90953
38072
99888
13249
98986
51922
44374
46681
63341
79874
89891
24264
84451
55551
10177
43765
5213
61659
95841
6859
6027
78082
19286
84406
7502
57397
59976
47840
27160
62010
40626
91676
22277
25383
51694
60420
6017
23989
9734
11823
95680
45936
85445
88377
83027
67813
9935
48551
30414
13090
48418
47181
7470
45130
90065
97776
8520
6109
89383
79248
56660
21148
11638
97453
55052
70326
59277
36522
10382
79307
21485
49767
42886
86330
62351
34685
75660
19149
73946
88492
3314
836
87824
77385
24782
34847
45836
33333
40223
90742
21196
20000
69119
41627
91492
76783
7764
96642
54022
88106
5777
8684
30632
12345
95972
79921
11803
41032
75419
79138
38063
16744
45459
16235
84595
98853
24856
42898
8315
98183
72347
9274
69984
93491
68262
36104
78326
40313
11615
68342
55304
82815
56500
57082
63967
17032
3437
67282
2922
35754
39995
26196
3062
25525
36771
82168
67522
31733
4353
34295
97052
41191
4970
61038
23046
4176
11085
10313
44959
88601
27738
33773
95830
55367
4052
2850
52968
11660
93411
88469
69168
73500
38661
23993
88210
38909
1031
13955
1554
8230
6566
68789
54098
29926
97623
11352
68679
89679
44251
31177
89566
95752
41912
44131
83761
47638
65346
16926
11891
27644
39503
22319
47497
71426
22104
84439
79505
66423
23135
33606
68828
86360
62478
99041
18494
50414
26900
10193
52846
67726
35925
37996
62221
7930
57659
60973
29592
59809
50712
33083
79756
69357
55443
25515
85070
124
73247
6561
99510
52171
92504
25984
29061
45315
68136
29671
90715
16371
73004
3418
1656
53882
60451
32383
80638
85696
74282
57010
45334
41632
65936
71900
85253
29839
17520
88101
7192
52989
93935
66312
39069
76536
38934
27932
48849
63134
76532
7526
36758
28497
34818
3064
29717
77915
82300
61208
40348
58283
48521
6566
357
41187
88568
42241
27717
43118
66199
30568
45766
76232
93764
60327
10540
91372
8951
52963
65501
29852
42571
9326
9903
91887
4104
59788
40680
85272
55949
67042
93488
49
85883
10290
22262
36181
82519
12491
97495
66413
19886
68000
65925
91322
65694
86198
87957
40698
11828
30868
37155
35262
38112
65897
53049
82792
92209
14229
19676
41890
48416
15873
70089
64659
40266
53766
85550
78607
94934
84378
79158
4120
61900
82261
22588
69944
36914
10305
78280
89732
9822
50316
33135
29085
90555
68261
98354
48713
20076
30256
11269
28232
60912
60776
52287
35538
96307
51130
56628
41859
35374
59617
58688
71779
23095
67414
7242
95997
96582
99866
5238
21560
39868
36546
85463
19144
92734
2544
93051
12671
1877
59855
21041
1610
70062
16537
73550
81615
30840
49274
95769
47562
96554
1618
27226
79471
33197
22675
66798
78910
55570
31027
17518
62695
77733
9129
22943
60394
50902
54889
32869
77787
20884
99977
62001
73070
16013
90787
72737
39292
93935
32378
53461
4065
39662
66102
28850
24935
31548
27741
75801
31200
60738
53736
66490
30898
83597
25170
52682
46065
37686
99770
3658
54832
60170
95165
85164
51508
80786
94289
99654
75738
87130
8833
48348
89495
71956
68901
33494
33395
45984
57069
59505
73789
91392
22172
73399
43970
3058
20501
31468
69859
78843
42541
780
15102
9150
5108
22268
81270
57340
92773
776
3175
43772
8113
41858
79423
28813
54679
77404
77692
73459
80182
28192
60147
65125
91970
20837
76209
8015
11767
14002
8429
85191
40613
34768
86494
25977
5322
62507
65319
10632
16357
31118
12521
51043
36629
27962
94012
58173
32831
90124
74449
7309
77619
53193
63318
3608
95111
19040
11132
2506
85796
50390
97261
84080
14367
12448
37780
7804
90699
42435
53212
82630
45638
26532
41944
35204
40952
53518
18255
6655
55043
37040
89261
33835
13584
3150
65339
68577
5096
14140
17682
70622
66042
53015
23553
34836
71073
52773
23525
60258
92634
77672
7141
24331
35891
43612
90427
8155
26780
51633
48645
30696
86871
64499
87778
69976
4979
60280
41915
2132
12933
58372
37765
50541
74725
21979
89908
37171
78016
47184
47011
93468
20478
76283
88940
63143
12113
12907
38245
27608
68186
52741
34718
17060
93715
62893
47998
30092
14620
92989
75
63306
56842
9788
5862
89501
99547
48482
18061
51906
54352
31165
33878
82738
3137
33118
78995
99336
45345
56938
64768
75106
7470
81834
47553
1840
27931
48190
7615
39352
19509
12602
5607
81313
80674
84586
5297
95413
33393
92969
20788
20301
97169
29246
16172
70519
38045
2222
12958
4773
92145
31401
89459
29870
45506
14924
78008
84501
6485
98884
46689
48659
99554
43232
74164
92167
98567
69354
30468
8186
33379
75658
40963
31494
30283
15179
96743
48068
92671
95842
23447
40886
18790
28574
30069
7785
82432
33091
42634
20365
57249
30788
51794
41657
49880
27011
32628
40736
95764
98003
19892
11833
76098
66204
57455
33609
51185
17103
65606
34825
38705
58827
16795
95027
47500
31405
27985
44006
48589
38208
29935
83982
6581
29977
48106
26000
50464
70627
45116
83787
43691
15142
5840
21778
31455
50429
5434
86649
71727
54800
92569
2207
52630
32337
42151
1806
36688
82872
86269
82246
3606
7247
7342
56884
37076
59961
39144
78087
55320
17879
82022
87810
68236
96335
33360
69067
32145
1299
95500
81599
9827
1064
13144
70020
84216
5590
70255
9373
36010
28369
49829
94219
72206
72339
60029
95940
89125
5713
57105
47705
79706
90746
57727
18742
76098
1611
10647
65818
38583
22903
30273
73176
63261
14783
70238
98206
1291
35099
25932
51769
54326
60600
18814
10450
4104
11644
5954
15912
62802
67862
46453
1092
987
9359
85458
66382
83040
87190
61780
84369
31849
60531
921
8459
3388
97735
98301
72996
50901
32913
1446
78305
35445
58561
40168
48263
40
69162
17485
58317
14889
16123
13936
41559
60918
68054
91169
19359
53821
46542
68514
90932
85091
6568
86392
9548
36018
84944
37252
85759
61969
76547
94313
78864
60380
41992
14977
90708
79104
68896
93251
8061
27878
44663
88505
47801
39671
86198
27950
33062
47539
14542
80479
60860
50585
7844
97518
45270
3627
9997
89414
67534
4109
74241
24005
49210
24686
82768
31516
79246
32851
14893
61011
14027
71489
59196
88564
85368
16761
75308
28108
38942
22305
47986
31299
25129
30816
54236
58160
83139
53578
98204
83126
57052
60773
34798
45783
99246
95662
60205
893
4334
77028
75503
17522
35044
60213
5606
12800
40850
97455
42475
2768
34823
7124
81528
25748
34454
9927
12780
84899
76037
37089
41296
65120
16306
80816
1741
29796
16745
33542
57937
37667
59484
42983
84721
35970
28790
94059
53267
83318
19169
14062
6811
23726
96640
96077
82638
94766
1943
98297
84003
15326
15492
56204
67502
63442
52275
91642
36102
27515
16205
74293
90072
91601
72403
85831
68976
89766
29348
13637
92057
12007
67165
73058
4255
6608
2546
73255
57506
67343
31011
60518
82680
70843
8317
42408
79950
22350
26660
696
25660
38780
30951
77352
54926
55086
47286
8037
64082
26624
84764
61077
88612
39192
43898
52919
58010
33982
71762
20121
89321
93037
40583
90637
14636
44772
61501
76637
75627
17266
41222
36319
14639
85252
30487
76859
60718
21296
95833
2054
35813
68993
78848
30075
11062
61004
51592
11623
17585
37263
82694
46804
4942
56587
80680
6234
89382
85902
27765
25575
15610
14746
22216
75063
34137
13008
1469
30079
94750
46062
19312
38585
83349
63350
30839
95000
85228
17595
53736
15894
21288
50013
62780
2321
23376
56968
68524
24311
5036
35678
68016
17559
30333
55283
10187
15998
10817
66503
18809
17756
87150
82239
19118
67116
19600
51201
71915
54511
14593
64538
56033
2332
32417
75560
47360
12690
96228
62928
20950
99291
23579
49793
75775
60420
24258
66318
52557
47869
66391
35764
96693
60948
96303
68620
56706
68968
74884
8318
85039
18386
26094
5368
97005
48721
19594
17308
51953
4479
47702
95656
21497
49884
41037
60298
62630
61340
84228
92386
34311
22431
4424
14979
41510
71589
9315
93461
92631
49388
7834
3753
4794
94808
13651
86688
53653
46688
4844
20273
801
90389
29827
80783
32442
18373
46842
70759
58296
36026
9893
62490
13025
95775
25779
53343
25851
71602
49778
88414
85082
47742
68101
90408
40739
24669
6987
54626
76733
73092
38591
89176
64546
52018
19754
78829
47636
91177
41386
36542
5969
6020
99565
73394
33616
22173
47277
86664
20741
6564
47519
74963
75453
36367
75154
12417
62170
88586
89278
77044
3329
77929
97524
82039
85263
34991
61591
64013
27416
13019
67513
27746
72466
61373
76842
91876
67661
75271
12648
3679
65891
2027
49969
25412
35818
67017
66298
94378
27278
91575
83836
89522
47800
3377
83202
68979
91327
35427
72703
88338
29132
62676
77733
86590
43228
58712
2948
85233
41611
87854
92713
76461
67348
35051
54063
94646
42717
22794
10484
87497
3106
5549
84706
86204
33469
38538
73326
17814
23210
47592
80978
50083
99523
69565
75497
28923
84782
53
57060
95755
50294
38294
12166
39154
2542
71779
6022
16895
58885
96250
78196
98462
94284
50405
90475
54858
95296
86890
92051
24567
44499
85714
85986
70393
27356
73
64477
72840
48814
60450
17043
61662
84608
466
34856
49497
19514
84383
17498
4211
43
70198
32887
73247
12355
50267
56979
68447
75564
53591
83959
95210
8688
97262
67324
57162
53036
8610
55627
51805
13444
74094
71040
46821
74956
86665
58815
4081
10916
563
45456
45929
94981
60807
37511
8240
26524
59628
73622
31140
88722
34519
56141
5984
17184
71982
30833
77543
25710
16429
73945
7485
22345
61641
46677
82608
72975
2605
11903
59748
98848
55443
91292
69182
47320
13031
62400
21113
92126
69334
65593
94833
63802
90423
15760
74366
60317
64905
84420
83468
97488
4176
84281
30214
62042
52777
97440
59895
32919
91458
94668
4393
53265
58322
64935
97830
96449
23282
32497
68481
53111
14713
63295
32525
37301
38312
25844
41346
42973
81023
44613
59612
24950
79858
92510
71945
39529
59264
76805
22400
80805
992
10209
42523
32631
9523
82298
77889
62720
21058
51615
10065
85185
18497
40262
71507
47340
8515
36049
38048
7823
13466
67047
86738
86058
13395
71439
58115
14609
73579
73769
19113
43295
64189
86693
66481
95040
79139
4110
17786
48070
97798
59154
28843
39010
80756
18708
98029
53795
96613
50319
21597
84215
59740
66457
66717
88254
94433
3862
46858
44991
42797
45018
51677
33714
37781
95346
34959
98847
32108
18855
82335
14916
29405
82718
29927
43383
34283
31699
7069
43022
26335
98278
46515
48718
55187
14224
82322
24876
53366
55494
81952
48066
14802
39718
64482
19594
52101
54164
73706
95901
43426
63469
41474
9074
36250
84438
6078
26848
16949
91073
84628
2714
6019
64159
21370
80934
61095
36664
25595
23197
89231
87136
66868
80815
51059
35624
47773
70637
75902
45195
76148
20566
62557
59440
86294
69892
33503
49251
88066
42800
15480
15522
35514
13996
57481
57788
81707
75238
96609
42085
8314
48565
9148
58429
18779
92692
898
24671
17855
59206
67191
52633
71502
76017
83543
72499
41824
76776
62182
63843
47052
43788
89292
55983
33011
62021
9719
69786
18003
5066
84850
4788
75336
95986
76226
66011
63198
61624
76368
83030
84800
76409
21377
85532
40036
98723
60317
32357
36921
66021
54112
4207
80718
22386
73839
43050
69329
97646
43055
67707
39630
76382
94670
81062
57506
62778
39444
7597
33960
85664
21115
66773
330
52963
31933
24804
74260
54654
63877
55884
12766
5045
86228
21358
20580
70004
16333
75228
47191
8117
39241
75461
40013
69279
56008
43813
78798
72172
84138
65511
89681
59475
85055
27693
85808
62752
98002
31034
42393
58524
37105
34798
36615
54355
71503
75846
36712
43060
34125
21936
88399
17986
60651
25646
49381
25932
4798
82609
17853
95275
38273
19333
71170
97438
74777
59743
95259
41465
94333
62575
95407
11636
38801
32963
28732
41816
2438
89761
90881
16203
84439
8934
54298
52557
11153
79773
81313
40291
79489
61703
70111
61660
4261
29550
61821
14807
86611
44195
92839
33859
5583
12947
72291
40113
79102
15353
84372
23610
98600
87649
82088
46697
37565
1453
43871
70217
4389
70726
32048
15208
22712
55056
12210
39064
36443
5240
94446
7334
84258
42200
69159
93129
72814
18305
90758
95133
20410
74459
67868
63171
44527
82668
6477
73158
95339
7715
87433
25579
84427
73485
50331
18254
2135
93571
75287
23192
21805
30006
84369
85605
16421
64981
34441
95924
88456
23207
75281
21606
59776
13403
73786
35872
73501
17880
18371
94820
80119
87294
68151
15875
77938
37348
27553
29457
86794
81805
19216
24343
49814
76675
52665
33199
20681
22177
93551
28994
95368
25634
22588
79358
89895
60285
97720
32241
34232
53670
82635
55733
262
455
99939
2455
74304
13032
72041
86807
26986
17756
18909
77722
68184
83882
53163
1723
94889
23612
70001
74891
2497
78019
6063
61292
57160
98945
96890
207
18494
32632
33602
21642
59433
14392
22380
18320
36682
81897
230
31944
45214
86882
58697
10068
69253
85840
2195
20821
76706
30963
84631
26484
10970
62219
62439
10102
63676
1560
98464
30455
75218
63190
58234
77172
47195
12226
44109
63790
82975
52116
73657
92530
21432
12250
58898
22376
89481
82156
59766
58882
95709
50584
89143
59713
22916
27465
96143
88443
780
54294
40640
45361
44353
61075
75807
8592
66727
61354
43392
5924
51140
36176
76223
89766
83081
37349
12380
2753
76094
87360
27298
22461
17502
23721
92831
95941
96500
97955
87184
80901
23104
93373
44891
38592
57946
71060
34783
1748
37768
86704
91786
47957
84758
51915
4050
81707
12516
78618
31226
63945
52864
4790
53462
36310
15269
27731
66020
69471
78818
22083
58041
33726
9424
62356
33012
36883
65366
60242
58150
66178
1660
15484
11718
34740
52536
36112
84886
49949
2878
19211
76348
37970
96140
57130
31264
70097
11002
51849
89765
15086
50844
6136
32891
6383
5280
772
75888
41284
56991
62874
62263
21638
29047
71539
26288
99395
96951
90280
15578
785
37065
29881
50253
77456
89054
12663
68056
53462
9405
34272
57502
25833
96234
60946
73074
40712
44214
48160
16853
57563
6092
46238
46074
98905
20568
91989
41114
49220
94854
16426
16757
50181
83871
36889
25769
19413
65434
99661
18050
51476
38679
8742
2868
43001
29504
69701
67815
24865
28390
55268
16143
31939
74054
47637
50664
69407
83214
32687
22628
8878
45758
12474
91408
17927
14081
56241
78101
59684
60132
17043
19116
57194
67654
73325
24615
67464
77762
46820
18198
14170
56114
48532
8045
86571
53971
22819
21529
42056
51709
53804
34971
35137
42449
11324
87001
54562
29522
27417
14019
65196
52285
57048
4929
30419
26958
15090
80584
24361
49687
29329
74981
58249
33228
89592
83527
59583
42272
73009
31406
58704
59583
77193
78338
90118
81984
88421
17056
77010
14138
32040
27283
17758
86173
60843
75892
97027
67849
18035
52066
23598
45191
30570
22304
72166
94787
96588
7278
99813
72336
11033
33425
60348
14618
37774
1352
80569
3738
16986
32290
58741
47403
31788
6892
76088
78390
84265
89904
63372
25775
84094
41643
81588
96912
57157
9571
98448
84466
57954
55284
33620
30413
87696
64645
89030
13416
65519
48067
8507
42424
3674
69331
96200
29577
31368
78319
60105
9011
36137
88094
65883
79443
38928
88086
4120
65058
51527
61561
25826
57353
3455
43593
3545
85491
68252
86083
68530
64379
73140
37638
79621
93846
67952
19009
40988
28220
96803
41271
30669
76539
67868
8959
85389
23168
26890
6386
28748
75043
98603
92284
2270
11899
13925
81172
47712
66291
16771
73279
40374
42410
72733
33532
16786
57568
39766
93875
74027
57710
12342
65679
68557
93102
95634
4846
11400
99119
79060
92058
6295
67002
23910
51835
12429
77917
10039
80755
19854
20683
4531
52654
34956
79060
24700
7162
69355
76349
63902
37928
55751
14150
31394
92690
53750
23317
75370
48075
87501
35562
91864
86755
78780
32106
63445
88412
2139
37575
31114
7375
26024
72834
27620
54907
16180
92760
57419
91028
153
94557
63724
90221
91196
42045
26396
23627
43333
5304
20600
41764
2116
20997
30412
41966
1903
75869
58492
59510
55098
26333
53607
38016
91988
45537
98058
74230
90279
14937
43166
10892
83850
33920
99117
25053
69151
32115
19823
25930
54765
94954
32749
35983
30625
31379
36119
65294
26854
12779
51832
6591
87532
87119
44921
6904
99218
55103
74392
33122
54979
15671
83856
30661
99832
58883
31097
73281
40215
43139
94233
43249
83450
8808
37773
60503
24247
90431
64612
65970
46414
80430
19475
69120
90003
47304
54337
11702
60468
4375
30729
39242
98863
80193
9969
82078
53945
63908
28524
64927
7030
96323
62085
55687
52934
76287
96045
18769
82320
85981
368
62488
84896
8934
41786
99119
71055
6625
63905
23837
55300
83238
21059
66704
96805
96935
14826
60788
22333
9801
97950
79971
82836
9722
47570
27834
2631
69202
67515
91586
28462
68359
88212
32778
78206
81062
87955
20708
79695
37470
25879
40304
87464
32143
18321
52725
91492
59588
17895
77095
4097
43498
18197
98082
38287
92269
11257
4849
38848
67142
80031
97293
90031
86523
22936
16168
93674
96865
74669
71719
64392
4980
40691
23001
53936
11470
16359
21018
12418
56471
81467
93357
76537
22451
80293
50906
2045
84229
14396
9837
59975
66251
8406
21251
60474
81099
44223
16732
55569
36012
70330
89704
77961
78320
52938
45360
12696
15711
94775
41693
55619
75615
21425
6690
12829
32827
33094
49270
46459
41414
2068
20945
42067
83623
46514
95996
85311
50428
30848
54682
17002
56999
85939
65900
38771
6813
28960
14681
85144
65743
2633
52093
31314
40567
61154
26292
66359
97762
76627
3998
97252
45888
67495
80608
60984
61478
95634
15189
49933
88397
28062
82463
30295
51983
6644
14372
57540
90297
9258
26772
80549
72287
25774
51059
78162
27523
29814
16911
88329
90298
74948
99367
8390
82453
45386
28053
32827
45627
58501
63091
58432
77928
93791
2532
1890
82821
95719
35749
38041
18071
12508
98663
66061
60807
9954
23825
76700
99806
65400
15391
52282
61283
39045
87605
98710
39945
29905
79760
42782
90590
4656
9806
32356
91359
90684
60225
38896
27147
16957
58195
5843
27699
61527
51208
75350
20792
99739
9344
21831
23291
91622
93644
60001
77149
95732
72706
81706
28675
79065
79400
33419
68353
15422
98307
54009
45183
67817
50054
36535
43369
76961
39986
2968
37821
90160
70912
12867
10913
15259
83302
24505
66824
543
35222
85733
33762
35045
29104
43179
98113
63872
1424
89346
50684
59574
28624
19457
50473
92197
70933
80752
69558
8453
57610
83557
94067
60150
2111
50842
65643
416
26059
42905
70564
59909
10644
66037
27811
85405
70841
7087
50178
29849
26475
46668
34639
31548
51402
48448
73101
12528
38957
21439
92947
30115
19257
80213
21801
77789
95211
80048
60462
20007
12756
46931
73436
66658
45947
58124
72207
22237
75889
61902
30942
92974
92010
89634
98874
8580
18818
85008
93344
65027
94106
36600
98266
30771
97992
285
96319
93475
55678
5744
91660
54031
60422
22198
17676
27027
15832
49257
8090
34463
77148
8012
56585
16376
72102
18437
34429
3954
33635
74892
92828
96745
54035
7550
98283
90670
67220
12275
3491
40112
38521
49290
85313
478
41879
10974
20082
87717
33133
16552
41665
9622
68784
80284
39848
91885
84339
33034
44868
20349
11463
14540
44838
70324
66679
64980
468
37561
65557
90539
65710
5935
42720
51603
1214
62905
52095
38188
7964
82858
97130
50404
63603
87853
90852
11746
32455
31962
1975
88082
70968
7619
178
43527
21204
57195
15641
68839
66192
92717
8364
11702
90
3496
48062
70714
40609
17814
35570
31744
90260
5910
5210
63932
34596
75247
11775
74223
26400
99501
1532
32175
14490
21827
18814
88550
25587
16864
84658
65436
752
15795
67541
61514
48969
13128
94719
79288
7395
71852
14167
326
15304
79846
50333
1282
60331
5936
27773
12710
12947
88576
32508
81615
23737
63091
68689
71440
58805
74050
91695
9562
99976
25790
18583
34707
78955
68891
53011
11844
21310
31294
77325
70954
62862
81122
42352
72631
77491
28170
21364
46092
75366
11632
59718
552
17866
63130
46085
72519
19316
74364
6157
79378
88561
89400
35638
89426
89431
5292
15884
91058
43191
72740
85068
49884
12274
83416
78710
85522
32702
99420
77120
72161
1610
93125
61884
86516
78522
41805
71886
69599
56114
29652
57616
43745
80525
98827
12839
64807
38939
72972
27301
34546
71283
62079
44581
8630
8066
41531
7783
94451
86073
4774
86349
63681
64718
54404
57042
22168
45568
73729
96716
98152
93148
64210
59065
40794
54079
62783
54623
75093
27318
15010
46831
9130
1241
48995
6205
9665
99569
74879
33680
93792
83806
25442
91457
23068
59945
26456
52215
81471
81191
96136
87397
80340
33082
3094
89286
3472
61098
10109
42781
7843
81834
3601
91941
57994
15296
53031
80649
75829
4420
40260
20375
86430
5589
10535
167
10289
11484
33120
15239
3712
65396
63797
52404
98241
85660
29254
9961
43263
26064
44861
12208
9635
78145
36834
2781
3
11471
39304
98559
82497
69508
48767
85541
31493
51356
54086
90476
29001
49697
70650
2979
38867
15233
13231
53828
7941
37797
71753
30045
26004
26601
44860
13328
57573
95895
7028
9590
83292
43293
90802
56627
89127
57718
49173
70920
37859
83039
35549
62116
27464
57884
48965
15984
8585
5335
96629
55481
28622
85047
18770
20214
2668
68188
47831
2332
23527
55609
58412
51282
27607
71508
29355
76571
26103
25097
38815
24806
77156
92367
97903
28445
58993
10772
83098
77791
13807
38690
19047
96386
15582
1302
16555
94647
72247
89898
28107
96410
34741
39831
38676
41553
22914
20919
79767
86292
10689
62212
91011
94982
69279
88228
47170
14130
10779
84664
1871
76227
6602
90764
34342
82100
18738
64638
30498
16125
62222
89448
17697
51932
55746
18214
5249
12388
57077
37844
1130
18102
37016
20535
15923
7698
31878
71072
92750
35153
48436
14496
30359
21236
92577
89148
30668
62653
23982
12063
76038
43167
75732
32437
51902
83529
56139
15714
71133
57090
64375
21833
72239
92302
92821
29283
28534
81851
15716
50753
76269
25874
44832
12456
26054
45841
72084
72580
49262
55047
1743
93782
18396
28995
93103
19633
32789
62627
12806
91102
38219
47000
21782
64762
80002
76927
73741
8820
47043
39976
13944
13476
88681
17539
23337
72238
98291
72763
83647
7845
68678
42212
25260
74117
82173
86313
68773
25718
67139
52871
66517
92823
89235
98632
9087
51134
80815
97128
237
47267
44892
92539
85976
85382
41764
16386
1700
83043
72955
50508
31367
68049
64431
21423
41016
10550
49893
33508
99360
96806
51386
6825
43571
3631
44437
98857
96897
64838
89899
24942
31994
51970
91718
11992
75701
7412
79757
41192
59086
98373
18322
89695
46649
4584
60584
30932
12359
30605
68254
40135
58618
59060
70740
78559
4675
72591
99245
21526
11557
30832
72755
23195
34646
63659
88764
42140
7299
93086
58654
39407
56491
64205
9697
45926
92663
89300
9587
10890
35827
84896
50095
26980
33924
3940
47168
46933
47200
19644
82364
96409
45329
36164
16485
5175
85286
81644
56956
20089
72641
34411
2105
82140
55315
84948
21400
84822
80168
55716
91327
37085
15742
76693
93538
25218
9229
42374
45407
32693
11248
65863
31645
98856
82335
83545
10490
56330
10219
68872
83529
94197
1658
13234
83991
30880
77224
53438
10230
27233
68929
70944
56235
71518
61334
24273
85725
88975
56183
8332
9930
66547
79376
78336
14248
4627
66282
40775
43493
11029
52695
69844
13485
58175
3524
78392
68970
95683
86759
76082
64213
29512
63748
57814
46898
52134
53656
26321
18383
94282
92214
20264
4717
38110
71777
17412
44183
41910
46363
62631
55762
67076
38374
5155
50207
79809
33252
18102
892
66730
20210
28583
25326
33572
4961
46264
6752
20542
31133
55611
3551
97733
10507
48706
58307
3656
69687
86119
40267
10939
2026
64455
95532
71644
45356
65593
91044
27669
93917
72091
54647
32080
78811
11523
55714
51320
4297
9696
86902
15656
87485
66400
65189
58533
78926
45084
59056
30741
75648
68094
34319
29679
52206
46834
53547
87581
82373
12734
90377
56775
52498
35861
67394
81261
3844
50503
4384
63953
58364
44783
50123
33544
84305
32740
34550
19483
5447
10409
99655
46458
91151
69918
11748
15065
5690
99647
11056
4430
49088
43580
41215
12249
15781
60140
41387
46037
47770
47010
74628
74047
45631
91950
85717
57390
59963
73720
51175
43823
26853
75874
21597
11239
29432
6780
80376
67427
2845
70746
93966
23584
56922
63993
33787
58362
14084
48791
77991
26889
88037
78232
78115
36793
76640
11049
13864
57296
67404
78908
69057
31071
2049
3281
91593
18758
3147
64927
26362
71170
196
89961
7189
67224
3668
24769
1904
77062
4769
58164
69305
60137
21026
62913
25283
83772
96220
49339
32568
19443
70643
15027
55304
21903
47337
88608
64100
91769
99361
20573
29390
12322
72607
78367
6132
67527
7691
95386
6739
15049
23283
47130
24438
34134
37745
58086
95866
50668
95566
11571
86880
6276
48882
84684
32854
12666
80176
77117
69977
72783
1349
61013
26280
88308
80013
23614
19209
54457
27921
10244
50519
82474
30398
32616
11813
76767
61213
10225
41709
67314
13533
83889
47204
59515
93959
55477
2138
82816
42693
82429
50056
17074
70958
14993
85130
90438
835
44536
5924
79423
19180
69458
10040
54778
45986
94280
16734
84347
5161
47212
70501
71050
57428
41007
98771
69902
44021
50118
41980
42916
67110
55195
48532
26151
8760
3788
25835
27340
10838
12497
60852
41465
50235
26537
30349
98666
98468
69803
2043
81942
42873
16070
57085
71934
6497
91512
60933
32017
97858
5015
19813
90634
30153
71115
31918
70423
70797
19836
72345
84296
80315
90512
60855
65783
98081
48423
92682
42491
45035
539
99483
51750
88533
76519
86492
75895
10087
96809
79837
5377
75873
63113
13428
48540
71376
44654
22948
12069
82153
33772
75920
5500
40959
57294
53774
7479
32731
28696
60834
13190
42819
8054
37684
1956
49254
47922
33632
44646
23470
56263
67141
71517
36418
54547
33107
62793
86608
37453
70442
952
58755
34960
54397
36201
80280
26222
58515
14382
75013
87851
77596
69937
22520
17724
92980
71367
16769
99043
17053
94311
94988
63839
35303
23885
86273
86837
84119
64698
79955
30832
55340
43780
48103
46425
19203
32723
18546
39180
21080
55248
98842
28332
86217
45502
81346
33730
92708
90044
93496
85733
94465
85131
18208
66054
61497
29638
66908
41306
72460
92436
28693
47077
33931
42504
68428
64354
47330
87822
4517
49525
81595
418
85449
36634
35008
5106
45438
13498
56407
16207
72599
15972
90514
95197
48847
72099
41456
97268
9443
12300
43821
11186
3255
74755
29219
60470
98353
99361
52209
87256
37407
10614
71319
50193
81032
76066
90917
9754
25737
26326
20976
38550
35712
97127
96082
5498
23592
42873
82379
65252
52834
7896
95545
27711
94560
77215
98952
663
1045
7585
68507
13129
13859
75312
86048
27715
46075
9753
26918
85215
93208
60680
83159
75716
8999
49283
78264
15647
78965
33196
41568
16339
63133
13119
11433
86582
40933
28293
71955
5612
13008
60778
28200
67244
26017
1056
60345
48918
3923
37985
45901
64998
18256
67130
71596
20040
69984
75875
60957
32623
82813
83745
23787
40213
28688
13493
33594
75059
2074
47323
89437
80500
26039
90599
85499
82004
8507
22188
86970
98731
99554
2537
79517
48177
48188
19079
33167
22771
99407
15749
2939
10392
80342
39173
2892
96662
28566
55309
98258
34367
75740
89403
87122
55611
60984
33309
4708
66633
78848
54872
23756
95246
46301
96615
77199
36842
15124
58383
6243
33132
82538
39606
6944
37980
65111
69554
30098
61768
33209
8297
73808
58867
31520
22426
13743
13317
49983
67675
23027
11168
33907
33244
30330
5583
76701
17710
6724
1735
67103
11266
68684
16139
2361
17548
69800
30718
79770
28523
25112
43247
14016
55608
95393
48759
35
91056
28239
53975
53933
62593
58828
16547
1084
24179
32462
89591
3378
10832
33843
80779
39189
96832
11895
42233
66710
21634
7573
37861
62118
68882
69669
84840
77109
16190
59154
48636
68161
64023
30292
47015
30822
94539
31986
73092
85766
24005
78517
55928
5401
33266
51377
4456
67968
630
62155
67055
23206
65470
54464
59637
82381
37094
53909
31946
39335
93625
7008
45343
49813
99002
72914
18656
16922
71365
61464
38078
10356
14819
21523
21646
57352
98019
6094
67600
67562
91669
95262
96124
20856
42672
8397
62668
95667
15444
39576
72147
59265
46092
31495
59705
98916
17290
34059
17776
84579
5643
22533
82079
60512
54930
90986
42068
8189
33661
49618
4691
15443
88645
67263
64804
88143
88089
76138
4510
49334
38291
21015
7476
82489
8525
12652
24701
28035
37429
52284
34841
13450
58056
87911
15097
71841
12125
72223
96013
18840
77906
45172
59134
97549
525
41584
23211
85299
77211
5652
58954
97008
478
8200
24647
41608
31011
9793
56988
79136
14619
20003
51384
51494
48984
95454
629
25953
76788
41604
38147
22220
85759
65715
47811
2916
23747
93569
15735
25939
67275
92120
85501
37057
97540
54819
30275
67552
5152
73504
1876
66425
51074
34719
62694
40178
67164
67844
40962
2257
67788
19215
38447
86428
30883
88938
91673
73914
89509
51149
98485
85752
62856
12290
17322
36416
1871
57567
33575
6911
87910
37286
76165
27027
70767
44522
61904
23207
42466
4817
34488
35972
32496
82810
89770
51822
28943
23168
97857
30965
39190
65160
41660
74627
84972
36922
21628
22724
35728
97516
19950
20654
83186
28375
63893
74187
99338
50894
99325
47366
31746
76899
95950
99162
938
35698
34300
37675
17990
2424
68651
74752
5753
88938
58902
51538
88970
97679
43796
96547
91584
83466
41298
74258
43929
99661
56064
87277
91353
50315
83331
85350
88023
32708
95520
81073
62663
23292
37793
72613
16133
70151
22340
82481
33861
48865
19932
131
36293
13271
10679
2687
71272
66734
60326
4358
81042
75855
59038
25017
95092
61472
66915
75513
33961
41112
75521
17724
2659
57363
32045
74399
67661
53834
17546
32770
87919
30848
43722
23870
1858
40890
94916
47329
6254
30223
44760
39836
19608
23024
92170
69443
32238
13239
64723
85387
3314
82580
47797
60143
53764
82104
48178
72724
49374
44949
31361
98516
67478
9702
12743
8854
36598
11820
98157
29890
29772
69354
59558
89839
78034
57821
35125
86619
35073
61748
92899
83606
33377
40756
82665
70745
85217
45622
21929
15350
89853
12034
7482
15202
98245
21843
5012
84577
30735
52092
21476
46989
20610
40798
85003
1720
44561
60148
69067
71228
45508
73687
98154
29688
30299
6992
31958
10054
99390
47493
81173
57404
44874
63931
11018
47975
7464
29646
39708
78625
37763
50802
14176
31859
87070
49473
83693
4037
58203
13600
43734
30048
93081
43524
93081
30150
31450
85653
29559
15325
41666
36006
5406
51549
43103
56544
61654
76044
24957
60066
97108
73478
27528
23260
96620
40575
24368
78296
41565
10870
62542
66423
12725
57458
95611
78133
78307
87805
74578
57854
6022
58121
39454
99912
74336
688
89192
59423
43477
79017
77219
79542
15197
58038
18759
63590
96634
68084
89202
81464
55076
7909
14919
43097
59288
8433
12850
80537
54593
23252
61172
39088
37045
82237
23715
25845
40344
53019
34246
38500
58493
558
7598
91896
60385
30189
91355
62625
7777
35516
5480
28159
24849
20551
82636
48675
32018
60433
63585
19397
77994
73741
39924
31976
12424
74422
319
31198
20521
21122
63632
23920
24836
72098
48836
37523
14413
83703
53692
50595
99614
25361
54634
24586
43351
54898
1983
80599
28671
95858
3275
79642
60394
38899
7056
14341
66778
63633
7198
92759
53292
48776
78849
14403
37627
97194
16677
72745
65891
32483
33524
1347
37549
9933
41809
51256
45131
71620
49651
5790
55157
85767
59818
75440
46142
14346
23554
95829
2583
97463
73162
30462
47844
33472
48458
58559
16646
88755
20802
93009
73279
47293
57784
86397
85700
82697
26816
96546
5745
50974
59392
51814
51385
71733
30968
83293
43771
86083
37629
2948
28461
53590
45200
47574
85112
73270
14706
94607
72026
21651
28883
41745
10261
4202
99230
46468
70135
27789
65118
38108
50841
94083
6643
22947
5020
63415
96698
35519
57456
65387
2993
76643
44462
2773
47084
63888
72691
63034
1419
62197
40811
967
54569
295
16919
60898
97245
39247
31170
77405
42223
87469
34882
41813
5923
48796
64278
37749
46969
58779
16001
6139
28045
83826
99673
32004
95294
63293
64547
15831
850
6944
49067
99892
37688
88089
66061
30887
96035
74355
32926
32780
89947
57398
40986
42570
66494
33868
79818
6438
42
78376
92256
65352
99404
37851
12983
90647
35675
68975
57270
5629
32337
19678
25172
56275
57153
20146
5043
76597
27929
7851
26825
88005
28796
28762
43731
78849
53096
18950
52747
34092
10968
24477
17497
10718
3406
96571
74931
71498
70767
27466
70825
71844
80453
11225
67400
62204
76361
59247
17705
9144
53324
3697
67108
20847
58996
88925
29675
97883
58478
64104
51503
86794
89491
48582
40612
87423
69770
61448
71576
87841
48381
29423
29442
96251
82225
82515
73073
1156
72132
75142
59825
94401
85320
71784
38359
77772
84141
89272
62882
51536
20056
45898
43835
47381
89924
6016
77636
15463
65043
72322
89328
33218
54350
12206
12440
19930
44578
40623
95427
83209
7243
73045
30523
34860
5714
8119
93605
88245
66823
23358
39948
31689
45129
403
53576
34166
22952
8025
98215
92555
56624
8640
24247
85087
82970
82081
34044
30999
2467
36544
94810
8672
79596
75346
57920
23241
6003
98014
52588
49791
64082
12553
18143
9024
29682
72580
6046
7044
68983
64432
53073
30618
7486
60417
92837
98117
59586
68635
83971
95942
33935
77947
69719
85537
12330
14786
12820
4768
2315
40469
20948
39436
39156
60281
85832
77732
99156
20819
12039
13182
73629
20080
3145
65548
62609
41728
90280
76661
62259
77508
22394
81488
90350
18680
69036
76865
95957
63652
74276
54409
72747
10945
50808
21752
24833
24508
54007
80796
8868
70149
68214
48019
54374
17843
35640
97398
1452
23950
56318
48803
88666
68367
41218
23996
61436
62872
34896
69870
45875
27097
54380
24688
87951
67190
75498
7819
65148
58991
98657
50304
15545
93955
90792
73386
33198
78675
96994
44438
36721
73334
18128
13814
66162
29181
3864
56252
50747
43885
42382
71236
77712
18430
61376
85219
3879
49712
36013
98214
5464
58073
86965
95803
8708
75496
19160
71801
55395
39790
13988
91973
13492
34576
21235
63159
43932
85073
5839
50974
60552
63464
87630
85323
28620
11004
41061
56938
20783
57367
23035
53219
25252
52598
17036
99430
21480
96191
74068
55082
76587
44687
57509
84042
6953
51857
30800
17147
22055
42266
88328
6059
24513
48699
79668
49513
95413
39510
74146
68537
79459
35251
7538
96835
75033
12652
77267
27169
8029
80078
63461
3352
21855
23219
10653
19167
38725
31490
35564
72578
71822
64547
88712
97076
80844
61286
56319
3377
47201
89916
2251
41568
86188
45221
59384
31705
48263
9374
10285
24284
84089
79282
66315
17247
92022
91578
790
78623
47058
88692
63014
98489
78814
75831
46353
42515
57242
48083
2152
32153
21784
98679
75340
98920
68369
62235
83058
81724
92361
73800
85215
17575
3532
525
18398
17112
3173
53048
58335
32854
20322
41723
21807
46061
58575
71103
18870
52346
8655
10025
34414
16411
39565
49808
103
16174
84765
82659
2405
35676
29000
35578
68663
50274
42055
26874
26588
52216
77750
40242
34562
61518
89444
36609
94516
23406
79288
90269
77736
66356
69632
77670
13975
91487
22175
8594
65547
10788
42363
70076
33169
62419
25302
61498
31611
91047
31642
71559
85034
33040
4236
70454
19453
17848
87200
30627
14246
54659
142
73418
13721
67715
91866
97275
96762
86395
80744
11720
76276
20976
91433
81721
15380
68151
49633
35251
78656
26022
49365
94185
41177
61205
14438
60689
30901
69231
87451
56102
45885
21715
73738
15816
45160
58432
27101
46525
54963
50284
9372
4576
19719
64330
76831
60332
87540
98460
61389
85214
84408
87166
19204
5924
65282
16601
29098
53695
24158
50013
41876
13170
83981
75488
32981
28557
71965
53376
83709
42903
47592
13829
14685
24206
81932
78615
71496
14814
8670
49190
11861
84035
24382
58651
40744
72545
77802
8106
37747
82264
48351
10746
6586
86836
732
15212
67706
52571
79030
25239
72255
46842
16699
4538
37769
18507
16909
33872
83
25914
90134
25609
48744
61077
33743
69186
9232
927
24044
16170
34961
35249
68890
51865
37737
91197
47344
26792
70114
54232
9695
54301
51157
49531
22993
65861
18441
93556
5511
39280
70476
5036
67624
72405
32276
72382
57189
28467
71070
7075
88926
87186
92584
38796
35629
38528
98148
65507
9385
35739
78597
37168
52891
26538
66459
5670
85954
7198
42575
61440
49145
73398
45604
56341
30837
27702
32092
17093
52291
96356
91010
78343
34665
42108
91480
3361
13757
56355
28389
9019
28926
19003
61837
39280
21593
36549
92833
30772
46317
73772
74088
76746
20833
70258
7758
35360
87498
9186
62577
55047
35062
24183
39021
66020
11604
97954
28593
25519
39164
96423
48012
28694
29418
59196
79108
54582
9049
28575
42173
48837
58378
36672
76990
28070
45871
94922
12365
97034
11138
23199
43763
42217
54793
30938
70498
30433
53765
387
68771
4907
5907
41589
95439
97751
78505
60366
41946
20961
86395
31520
93908
545
13542
23315
90786
31651
41994
98726
96176
62697
82986
15984
37681
31569
6145
92574
47326
92068
48499
23973
56542
45992
99146
97268
39468
67448
15782
34797
67122
74230
79324
73088
83109
6335
40210
33
31450
90366
65681
80662
45402
40628
16383
7626
10818
31335
5001
58608
84666
47448
78443
41130
26551
18976
66719
99077
21432
90811
95522
43486
65901
65966
78977
48686
25093
89935
69100
31729
72267
90644
45707
18371
20788
2868
19271
80830
85615
83471
74582
1327
23210
53575
66605
30058
86401
74713
48706
10355
11663
55709
1283
13712
24666
93874
70341
73696
36597
11732
10650
62662
77485
84660
1436
62176
21371
67668
80836
52143
64547
78008
6871
82411
32779
36810
87248
30874
56662
69320
12814
71942
50792
27987
29787
23444
73151
42255
64747
6256
9130
78905
62852
23161
87227
21720
96663
38142
20747
90888
27654
6602
4367
94469
17019
11086
71302
70834
1645
14321
14268
57886
17333
99096
92628
17043
99785
48398
81775
54758
19651
12379
63164
7232
65399
80678
54512
48709
20237
83004
34395
62080
26312
47562
8714
14421
63689
85602
32424
77817
80857
86675
13064
87009
45166
40248
50508
5741
78466
29916
17335
60996
13516
56745
10830
1973
93389
16852
97081
13107
55158
50797
40303
81074
74784
82664
11233
40690
50639
45029
81866
30549
22182
54931
96295
30115
53599
12084
82223
81072
35315
75347
85438
85677
44270
75660
66032
39366
39436
10956
75878
85972
11271
2235
83406
24590
74469
9260
52517
80312
96311
77226
56052
63743
24913
74904
27507
92333
11036
55522
54797
4857
88901
80625
37661
90623
83149
10396
62667
41630
49083
90599
43637
32294
32542
15077
55967
32796
55423
54375
7365
23995
14172
53792
87638
203
62763
33552
30282
74881
80637
72894
32170
13130
60272
23589
17213
43737
7930
25123
19830
67860
12862
84036
94352
8561
73619
92636
52846
45723
15380
11258
93470
31463
37969
89939
90625
82832
8271
85108
76873
11011
37774
47016
5125
49613
22224
99540
34254
78045
45792
21576
71577
50807
94106
50614
33164
1868
3649
97047
99457
59220
6627
4260
79790
68168
60722
21212
54724
70266
75597
56393
58237
26460
62318
16223
77577
17703
16578
15203
20919
62642
85652
34863
57998
32322
84239
32025
44936
43435
77318
42177
22991
90601
45435
1507
680
11054
24470
53103
64155
33959
44575
21564
70013
52116
23107
10075
71094
31961
45709
28963
89584
19424
91271
42695
14494
33692
65427
30434
50403
58476
10977
37105
64190
89618
93070
76381
9570
39171
43541
69365
23626
7872
14521
7114
48090
55699
10806
82080
30649
84144
62312
14113
30337
56626
37242
92667
2714
88908
61479
88098
16972
25819
80787
49009
59212
70233
82286
111
84498
64535
15383
25964
40633
46097
53374
86884
89770
80282
81296
63790
90591
38018
84966
1329
82042
78772
94686
97456
27410
73492
47523
35672
33569
2746
67630
81082
94629
79636
58195
97750
34746
72278
16964
22393
41219
35533
11768
97350
84816
21654
98727
54609
91500
82377
59104
652
31520
31116
444
51381
84162
17240
92070
43222
95924
40232
50938
58675
45707
26117
26947
41221
1332
56491
86775
27367
61507
22893
89063
90083
47840
43637
48507
77187
89046
69488
38122
2512
2933
85261
69346
96595
40609
18022
33177
48213
30055
50521
29228
85158
71148
24717
87032
27092
32016
4500
31170
53138
34211
23538
67248
99057
40259
19543
14688
43960
59974
43792
38219
75702
12763
35069
6364
21977
19235
23425
15376
56734
35603
84445
43332
98958
72980
78937
91951
28351
83056
16251
45170
64970
36444
71744
83052
37281
85448
50308
16209
48981
83351
60162
46356
64742
93962
66241
29075
2622
28681
91556
57954
40409
63813
51947
83082
90528
72628
35998
35028
71918
96912
59527
16476
67929
77283
86992
54455
89125
67283
22657
88337
25241
38656
20787
13499
35262
47437
23829
12386
54750
58740
50295
96762
89101
48588
74636
43632
28278
512
8445
3946
33741
47770
17855
35289
20527
31926
62005
88168
90258
7125
39542
43927
53657
72517
5411
79958
17997
20398
19372
90117
39958
9522
48741
79244
44966
83731
49730
94575
81136
94510
91279
40901
2084
25044
97947
73686
63032
57016
57828
61641
498
19208
42120
30468
69164
30344
71473
91632
89271
9427
70480
31906
64837
82741
43252
59974
45345
9259
7074
67903
42837
10583
15143
36354
30656
96374
14181
66037
30598
46617
96746
38218
76997
59580
78564
26267
83712
57723
72808
98006
59168
38766
27630
36561
89750
40361
76653
99859
41732
74554
13532
73694
67074
7729
96259
67911
91442
14931
66549
2890
53256
51276
28898
17344
69345
29606
41346
50231
41233
5583
6212
4426
24345
69667
59518
2300
9552
6972
38255
4219
83722
18178
79447
50755
34420
43965
14861
40088
48850
60203
70575
43172
26242
5783
91858
53456
75510
52280
90868
35014
40867
58649
99846
94830
38674
91444
96772
27743
58331
437
80381
10198
49571
61542
14342
11347
97810
46887
96072
75700
51418
68392
47702
94810
91069
88970
31866
42875
87901
86330
89387
8275
5793
65648
32857
83884
76419
45477
87298
82569
41416
88030
35410
47660
4239
65906
56042
69246
25147
43133
4102
55045
65145
42877
50177
6322
68096
95877
24837
49668
85052
36914
35021
61032
41319
39798
59588
70119
42047
13390
81895
90885
63735
16503
22757
72283
59001
2968
73314
16433
24225
67397
65352
85994
22575
34430
73468
51773
64556
52065
4759
86959
50702
80576
60049
75551
48828
30165
16257
85999
98050
16755
87404
26468
35371
47286
5635
4759
69088
80901
23185
5402
80073
64328
83701
37978
58753
80520
60584
58077
92564
23515
13516
52088
87553
12288
22955
71375
67216
5986
27068
16632
12211
24005
46765
36980
38115
42465
81163
64951
77612
85991
84603
34724
84581
83525
86110
71568
2270
43988
16263
30979
41978
48578
62592
79579
59778
60761
1808
44779
58628
35579
78484
78425
7260
17778
99208
36984
48111
58454
3519
40249
98700
34028
23521
28594
99268
79954
92965
28635
23203
79191
99422
93329
27684
77120
51695
63939
95545
7446
62650
48930
8992
2241
191
35250
34984
27023
79574
39981
48483
71459
50189
81378
78950
30606
71494
9478
97888
3113
54000
23294
53290
45595
41180
11627
21560
2720
45768
31725
28838
98465
34301
87405
31470
44006
75568
11075
72845
36305
92734
80605
6726
70891
92510
13011
78251
48010
61446
46917
94911
64143
2696
81977
17124
52248
45032
33139
32952
975
4246
15833
63482
48908
41942
94202
30150
42270
77951
52861
38768
3388
74185
83964
57541
14961
33243
47755
10429
20648
34166
60972
4057
92121
86522
85118
28267
59043
54187
39340
91025
67284
53141
30303
61954
49330
76671
70334
68281
37015
85629
75121
93254
18239
33995
35063
50031
52265
67654
10926
34
72880
42523
92499
15608
84544
61573
13705
81812
47596
84418
99014
2642
46629
17186
45908
21782
86199
12165
71553
45574
92085
86801
14028
11434
57220
47901
5180
59931
78148
17000
73202
79391
55691
51831
53230
72970
38645
2107
85366
1199
12531
96298
45699
97102
92355
41524
62124
93314
26684
7228
67322
12210
52643
25038
14104
86987
63808
29005
17328
94530
92113
46197
4927
79304
80151
5860
65374
52251
68424
78467
49612
34045
27590
10250
19647
69233
69692
2768
89155
73976
32857
34868
38191
63599
44225
25698
79334
41665
36738
79633
70067
37813
26319
42606
2358
4826
47536
81950
79244
3161
54822
37992
24807
28876
89153
18977
98516
63886
828
74553
15859
63797
36914
72405
88708
10996
32032
46253
44561
42577
45034
99915
13081
34583
49575
53166
47968
27329
56400