71092
7762
40990
20685
96650
49932
94332
39847
66263
81860
59812
77141
89040
13789
29893
71184
51803
89517
51261
84557
30229
46819
30919
4649
80152
1298
41267
80327
87626
61888
78291
71583
71362
75591
72249
90942
87251
1307
75313
16103
25754
90662
68477
17315
36947
85950
99804
27893
6212
64773
62934
70762
43549
16864
88433
35991
32219
82507
86714
54028
68982
61200
83899
63125
73783
61930
45920
81853
7877
36145
92346
41040
98730
67648
61996
83689
89499
54223
29897
96341
32681
57751
36663
94431
96608
40236
57885
71648
50412
3446
90236
82271
17432
1099
19232
42213
93799
9236
22286
79299
21317
9693
57956
49718
1676
74865
59586
89870
87164
238
18853
92877
59211
88757
1232
84424
38845
12533
860
33625
22786
84257
33743
34796
62422
5096
99473
25401
96920
20419
74609
62514
91851
23223
40153
50799
60686
92518
25591
77444
58580
86833
90186
31817
62836
33139
94357
44737
12731
62930
24132
67675
75341
58790
7247
65570
31304
60243
62361
32852
35597
64336
4534
35186
84250
96627
29285
56803
51901
19640
81417
60714
61781
97654
67137
21860
90479
73045
92813
90842
24920
76576
59418
80645
92120
27224
5115
81933
68806
1102
51984
14512
56883
24805
31381
99002
41186
3473
58652
62104
74095
57086
24045
6847
11293
55697
37822
45773
54631
68086
71398
17354
38276
53481
38524
59819
37318
5634
25316
40815
56284
79007
47095
18517
6208
73794
5121
19049
60144
32508
76118
24916
76927
84389
12916
57832
42216
90517
33239
42148
84849
32416
65332
16620
65090
39594
36421
63774
873
32725
72257
50422
50084
47406
36098
39487
97236
33368
65200
44907
58230
82798
20629
4720
31609
13975
94128
5937
20955
76201
24627
94019
65234
73033
80535
5106
67032
95222
74036
75273
66012
87877
66582
1255
2730
22270
94701
33556
36218
45506
13907
65687
82601
6343
24501
52025
21988
93586
34072
1481
29983
65003
67782
99477
62016
57011
80266
32567
27340
41022
86131
41320
36642
2444
72667
87492
64145
85939
8903
69484
93667
86135
63010
92575
87806
7897
87534
81064
45643
18393
79559
16589
68280
96461
28685
95499
50598
94726
12458
73223
30932
20247
78675
61728
77712
50461
10562
98423
39587
11659
2086
33902
28767
66893
13262
18301
64013
51219
43447
48347
42102
40805
72961
90309
25966
15567
22871
11485
91528
73781
12624
14964
72932
94233
64586
37432
9975
90569
15122
63601
76176
21871
77229
44215
71145
42493
10914
28963
7734
64885
12459
30160
16286
28920
50692
31070
29972
15178
53677
36055
20975
4836
78097
53693
17540
15747
6687
85315
86484
77674
2573
47490
66094
46497
51075
43671
35773
67156
4042
50779
80554
83205
22087
5165
48190
28177
9428
72854
54814
93762
95308
88860
65661
76840
29196
11445
52935
11077
41540
38532
7515
55453
15605
53994
55244
2960
87850
31897
827
69525
44962
62648
24797
21302
83842
84077
81170
52329
85797
15821
94469
54880
29729
2565
84196
620
36810
92716
30791
56566
74796
92435
92741
72672
14822
17910
55837
45356
47374
88193
16383
54600
43904
37304
26929
55669
85601
38805
91746
35736
8578
20091
6066
61868
24307
92572
62213
25178
46109
98933
74478
29475
89831
60774
68602
93463
13443
25951
53064
59062
29521
26580
40108
67329
84849
83338
80037
55866
40149
84361
49460
41708
58162
77621
68865
74012
19189
59605
60225
30773
46112
40270
50692
81685
53848
35914
58615
101
38829
81937
4581
54536
35190
75095
86719
36493
24168
76365
75112
68569
68771
84722
91798
49882
41648
68511
87402
49108
26382
37505
16457
42000
58405
10493
98702
25430
9618
91506
54296
85436
66156
79580
19353
48003
44315
73575
64069
24352
72529
4296
27964
16133
8908
51324
19790
29271
39036
12756
99967
96589
98558
15118
47647
62657
95450
94495
21177
58297
52819
24085
56603
27873
92910
71611
59734
92712
32769
90756
16495
42923
11631
60834
19386
87148
89213
33883
644
97485
96815
82579
62237
90564
7868
27399
33732
80411
8771
24329
60621
17576
66655
96459
61185
58595
78228
21800
62612
24359
83200
40019
71064
91381
4244
26625
41104
36043
58816
90798
5
62072
56999
86293
19469
38295
25364
40663
73936
99061
61353
84075
34721
68001
13449
58962
15734
65232
76459
99192
44796
71500
83688
24223
70173
21155
18439
50168
57770
48907
64026
33209
65613
79389
45168
57272
74449
98028
62400
89199
70168
84814
44365
3970
62534
80157
11502
13902
63820
93837
40547
11885
24473
41363
26614
84239
89881
20266
32104
69416
6547
22247
30947
75272
61219
49353
48674
73583
58964
35087
69448
68391
85857
66206
54557
29979
14260
63710
97181
13242
96489
75168
12623
5514
81927
99793
40511
38906
33245
26050
14961
99318
34498
88524
85556
68228
37809
54348
23104
19365
41790
31752
44440
61397
26203
72028
97768
99024
58956
66679
7432
70954
14048
45456
59230
96197
23957
84335
14564
82660
48683
2168
91475
7066
47122
1187
8442
44259
98568
68540
85465
15332
33760
99418
51147
4027
95324
53526
75002
29688
16471
10415
47880
4826
57233
37026
5907
86808
57493
5591
87738
47621
97649
91363
82583
56599
98284
4094
75883
58025
18254
51595
42822
25797
73315
81235
79469
54760
92520
70807
83651
66481
18378
96347
31165
22990
79392
23517
43388
33958
1645
23782
11681
22983
84767
38145
23116
950
76673
50279
79392
61905
46701
15112
18183
82472
36350
33660
45073
16024
52495
17326
30192
94498
84075
73901
13660
89344
5351
15665
3116
59397
38839
94027
2552
63073
41610
49886
27506
61822
38436
62682
95017
53806
29356
44249
92359
33344
31858
78005
26034
1573
17164
2810
39396
4017
81448
88010
6650
98333
44412
25229
28183
94970
58469
50134
42157
99131
58117
2956
53044
56981
57144
53374
11940
27002
35558
15240
81200
67176
44672
4470
11890
21125
27198
58033
9528
27073
68763
49468
2704
81389
816
58063
72232
61830
19732
25850
93222
90442
95778
75401
63457
62061
94554
23960
82590
66396
52388
89395
97684
72195
90179
45945
10592
36259
79188
53942
13920
7389
42967
89043
73368
39279
99543
45391
46714
37843
9348
43689
56583
77676
81829
12198
92907
18216
72308
58721
71464
70148
52069
13975
69492
53076
15488
30430
26635
73834
14627
53382
29151
3521
47588
81531
53240
40923
47157
79100
7904
83200
80695
98038
76853
14686
15043
21290
82148
67455
68432
36569
70266
32908
83600
56660
65432
56714
77032
70604
30
63919
48496
54649
7412
79093
84670
38378
49141
60563
49312
87958
72425
82036
59973
17166
44441
68197
39177
779
94121
71626
14549
31716
30232
52598
81793
65448
72412
66174
73499
58787
5380
37822
59679
8576
52515
55371
74947
70879
92348
32356
50772
56764
54040
48030
3115
1201
95592
69300
31958
73268
36149
18674
1146
93112
71454
82673
13744
88563
24216
39830
62252
6462
1940
20487
76733
79304
61332
26150
57355
95575
18098
81945
96160
51563
82351
49128
76183
66000
97020
42924
9313
67693
18855
89736
69059
16467
12027
8687
95517
44858
5620
94150
56235
82422
98578
12177
82928
98983
56719
6412
213
96444
81085
19991
59459
58753
16917
35787
68276
19533
47138
59784
22619
35529
86133
33405
67643
77082
52795
75552
98006
33399
83294
11991
68219
14345
65549
34449
19794
5097
33745
83046
26374
13241
69939
85692
68492
49385
35950
38951
46172
51943
44383
43127
32012
71351
59407
67893
79057
2220
87178
33199
94452
53540
47519
18136
39594
98992
68599
8192
71970
79548
89007
79424
7764
65866
61484
54953
43630
91775
45784
11728
4586
20973
86613
60940
77694
44410
5034
44139
551
67715
62298
39884
59729
45609
83029
94942
30316
40088
76987
98458
78317
47874
64755
93631
9125
45971
52052
73129
39775
8085
64743
682
58614
25493
71074
25003
4391
21359
55958
9489
83905
43730
28344
80870
89512
64404
12324
22040
76354
27980
86660
73387
91908
37031
78050
8682
43404
30187
27852
28168
50791
30905
99530
13908
15061
31504
34781
6702
70965
44938
41276
64922
91626
88233
91824
23548
36731
82307
98564
61550
58234
1051
42392
32731
68852
77917
99279
38528
79266
74878
44244
76047
499
88733
35234
89335
13902
15214
30375
78860
84237
23284
21973
80383
35367
93902
29669
12999
25616
45885
10267
42582
45114
84084
36476
18733
57257
33392
43215
29563
33040
69140
7037
99466
60324
6430
45596
5476
93805
64797
52573
20033
67713
69477
94177
93165
82053
44418
54992
22768
1186
36633
39682
28064
75780
24461
18411
5726
15471
63368
96748
45434
46099
77045
48544
314
4105
11914
26695
39038
38100
35108
5976
92009
40755
2217
86758
90712
1945
6850
46184
85233
72229
56346
8744
16202
40079
2916
69065
82179
4423
8155
61053
7870
33628
16194
87304
24500
67066
85463
74217
60698
3726
67780
96755
57392
52340
4489
68355
95522
4221
80910
69682
15142
22485
82464
86637
3537
97819
55282
58017
72528
93176
85620
87291
50005
75910
95167
59643
62062
93438
3068
8400
15874
41255
38127
55468
91163
11514
64105
17945
74140
566
69473
60070
23614
10940
70436
84634
41526
8428
85310
60148
11141
78658
87138
31690
2656
10142
15596
90499
52607
94757
96996
58111
33700
38001
60003
814
37112
15055
1080
89099
19103
19572
64207
61540
8213
25331
47364
79420
61145
5428
64065
63635
89715
6723
63055
69175
95096
49835
26080
25937
18030
90423
57672
73941
10208
23180
27948
1500
50094
73788
1595
11758
52105
85388
71086
48188
42104
23302
57668
28180
90911
32906
63906
78825
42999
21089
58408
50017
74317
41667
52679
17972
6657
15119
84183
91031
91558
61629
86965
57204
64340
7650
88391
8938
1837
61547
48926
38033
99410
3685
39909
36294
6873
49614
68618
31993
65338
13725
42817
14793
76692
89001
93631
6773
65129
98616
11123
45421
18349
32815
12002
53634
78561
64574
79737
62990
84841
35167
35399
19771
95223
76829
79590
95043
19555
51439
66893
4803
66108
49455
29892
55418
55549
8544
13868
96524
12009
24068
23626
25709
66229
44215
64194
22743
21362
98014
10172
67034
76275
43047
34516
3099
8706
42816
45952
13870
86911
37205
76815
87196
56636
194
14986
96399
60507
40297
43410
84056
44997
43506
88363
58138
35732
48053
73663
97024
71094
32587
38004
24864
9075
77354
710
23590
81451
16583
34696
27674
13830
90495
31806
722
24834
24062
68183
40485
67291
8163
18419
88615
52536
89599
40078
46214
44929
45574
33995
57007
55346
96010
72110
43136
77227
63548
42401
90839
51408
14797
35082
86613
19343
64736
47288
77571
97856
17400
94788
97098
89271
24360
54973
85445
80727
41688
19629
16147
24889
6936
54210
74153
39595
94492
96990
51851
96739
98822
61756
52271
75094
73453
99112
50905
23409
78913
64091
58838
45325
82643
39845
44676
59904
85036
50767
76139
26601
33534
80413
72583
27859
75067
18740
41470
77268
4815
58523
56481
93281
99932
53177
69668
26332
51593
92819
13024
63005
82235
2554
54379
45014
34497
10873
32668
54229
3724
75044
4186
78457
96088
16511
6590
52181
39197
53473
54171
52461
52485
98546
83966
39962
85653
87513
48194
967
12283
47387
17772
128
36707
92281
97650
68611
66223
14087
59794
90799
85642
37275
39718
53862
33317
17757
41080
62437
91206
93224
72301
87217
90150
60935
85761
20935
29618
57588
93026
16372
37565
90240
30908
82410
45936
75143
7647
52175
89313
87413
97966
9206
20980
34145
77166
92915
86427
32660
79328
81552
3098
6480
36664
31686
37099
68524
55424
64243
30506
58941
69833
45758
37974
50580
29213
760
44050
87725
103
9818
62858
61634
31624
24613
43061
26202
29709
95010
92316
38413
90485
67290
80869
54590
24926
32441
51271
37259
63499
85305
43465
85228
17280
81073
63244
43300
9063
35829
96706
44173
33794
28783
32643
16147
70388
75204
85173
31895
75225
63069
24410
93059
29139
2494
72968
77770
27686
59494
75213
28783
25994
81762
6022
90006
42043
35274
77235
52364
38632
47705
58201
4925
43343
69035
27430
80503
54553
20279
76419
25037
41838
84504
38981
27309
51879
16445
55063
48932
60916
86224
79222
24434
33864
14105
21520
78548
45981
44872
39267
89921
41489
50796
94511
20997
17881
42565
89638
79260
63111
12774
40947
91846
39980
45561
19572
28453
6061
77539
25395
17519
68946
95129
59169
26943
30470
31488
916
99912
99767
6479
11858
70153
10134
23915
22214
4671
85302
81384
36949
87583
32639
22939
38816
42786
33795
7815
92993
64059
19646
70054
16919
88935
51764
69218
4273
92668
22060
96600
21907
52557
85499
10863
19162
636
63370
49587
59673
53038
52545
57181
21586
29889
46535
79797
73648
19665
26477
13119
84222
73367
88034
28837
17189
18152
82200
66460
416
38715
28967
39915
80537
30699
68384
41621
19724
7338
73415
27182
53153
25706
12938
36926
63843
17082
96522
71671
54196
26444
89565
60827
23177
51107
69079
94469
99707
19984
92020
76116
3386
77276
36173
62381
4610
95122
93351
13129
24153
83364
51746
26722
14218
87196
84120
46492
68176
5259
82715
80473
87985
8877
96173
38197
13461
68999
32621
57613
89612
73211
33208
18689
80893
70769
24997
28361
67392
67291
59861
84621
28160
76526
9884
44251
72703
1120
47934
97417
55964
50885
58799
13732
76302
71015
45122
36316
47965
51236
26944
68871
51912
5176
64064
40463
17073
91778
58599
84263
13060
3795
68099
48705
96917
23597
96847
7540
49274
33418
25051
78106
91353
65810
30150
54817
29784
55130
59802
54712
69685
46691
9407
69317
78768
26890
10166
55456
43043
43912
84071
88927
69503
23429
6008
44049
51504
50126
31673
35801
75302
7073
55980
16014
42688
42554
20485
51910
61070
85892
35095
40045
78076
92939
6081
39575
70857
47032
85530
55609
38233
72389
37104
90127
36516
676
26122
50843
18564
26646
37999
4968
98923
6716
82729
8556
49484
60750
26720
94153
83946
62771
42398
57382
70092
89689
2439
36714
71763
37161
44372
59978
7669
90125
53938
85597
62696
2005
19891
28306
71547
41131
2120
14733
47190
48037
6485
24795
23963
42391
41222
55092
21840
13778
35990
2731
35739
26581
373
41028
49187
64487
28605
33056
4969
99532
5848
19069
17250
11356
13865
35520
24331
43172
56898
97349
76203
83420
36178
53797
31626
30918
70366
38179
86930
72064
1911
61225
94323
51466
32255
95032
84477
51719
16539
18229
63539
18062
96159
86859
76997
38053
65779
26120
54786
72514
65036
78371
66024
9326
77278
85228
56730
22786
23002
1406
16063
82608
40441
81744
76399
67487
74401
99692
64655
20393
43870
73549
59113
89392
63354
59581
41259
33461
66925
61742
37308
35143
85921
16615
21712
56533
34341
32696
60433
24983
20470
98078
32633
92853
28089
81412
70908
53711
99029
68904
35732
55649
9311
40389
81926
47376
76496
16341
32282
12721
84602
51718
5675
40956
50563
78727
82152
47836
25718
66388
91917
16584
60608
43515
47171
57357
55461
12933
54001
77555
81980
79578
89920
54820
62374
46122
19670
81291
30911
42337
49645
22089
41724
44120
21608
14446
13699
21775
99134
9407
38505
28730
69256
96673
92110
94121
2238
59143
22281
3932
46372
59669
36086
93444
2327
58340
33972
55335
8778
38308
11444
40568
17654
29462
69405
83488
28921
70680
88531
96485
46610
45051
52434
62243
56799
4890
29077
25365
6198
54403
31561
52869
64718
4272
49642
34581
98401
34721
97715
30734
23127
12527
48469
19605
32285
72946
35661
50560
98228
21020
65903
41319
92333
65226
38868
82721
84266
28171
56114
8886
89548
25599
41293
76066
11711
60834
96294
37303
68249
7507
69996
97086
86593
98622
58915
15659
24608
20820
43025
18138
23380
83854
16372
65059
553
62597
85506
71330
5126
80783
19028
88269
32389
75268
31239
75364
14926
47672
66340
97813
8258
86344
53802
83027
99852
76649
44129
7187
18146
4905
11833
9586
42202
59000
94569
39744
93310
86983
75985
51279
26893
51601
39982
35020
23726
95770
72962
48433
16637
69243
30203
77321
79762
72132
89560
87201
25931
42661
56089
23925
16095
67947
59951
44676
45501
4532
2870
1231
99698
70162
7975
10553
84707
4018
6041
7327
43524
87571
34498
48338
16582
48925
97974
97348
42800
14234
78667
67737
34748
33942
64312
74384
79017
1408
53741
31382
31893
18300
48000
87853
1769
29618
19829
21714
92655
35075
18333
910
69536
89475
29857
20705
80591
61116
92583
95604
89075
44155
28068
19553
61613
17296
52977
15471
86477
22698
754
64619
14721
98208
98254
18905
9701
43607
18475
30243
98244
28406
87343
65315
23926
85242
1084
73891
61640
44223
72130
28318
74084
85639
97281
13421
46879
17349
94571
65916
68555
61764
71516
74485
3963
25854
41713
67163
98095
67245
52893
19039
45985
57755
88109
8999
90246
46008
15389
85345
49608
83968
11956
43717
66154
69185
79618
94374
48707
97337
9519
2254
57606
15684
17980
6737
90490
45070
87564
76906
89794
60443
62535
47927
89091
5993
39412
45354
73525
99352
19066
7733
56211
86111
11192
62621
98365
76034
31285
29201
82095
4732
61578
87217
21711
36835
9589
2629
74626
66705
54370
49807
72785
54412
91508
12000
39772
60981
47497
24671
13794
13328
43650
68581
24575
83556
98363
54266
59025
80391
99373
96973
87454
71076
77006
76712
70418
34462
82461
10773
63058
56529
14778
26168
41129
49104
46092
19400
69348
6024
35077
96010
89561
69248
54034
57675
89291
59652
19580
82029
37438
20216
68842
29433
12432
20415
2160
76355
12091
71937
94555
76918
80097
95182
82321
61576
73922
58197
7242
66881
25764
11027
2255
69101
27465
80884
37554
15316
28169
82083
84975
30387
41849
61920
73802
64462
34640
48966
78852
3719
61908
29517
91013
54956
42157
93630
44373
96728
8186
30675
97280
85436
41987
4445
10974
84827
99271
27707
18586
21927
82781
32508
32227
52103
6452
49181
29764
4195
71398
76726
78243
96880
78115
246
79983
44766
3441
25635
861
95174
78209
29790
61153
46736
44855
20050
66489
21524
66962
46039
49261
85875
80076
96167
2111
71989
26212
42339
20911
2975
57418
15251
28324
80633
93396
73695
20844
82403
16639
32529
31332
7403
77748
63120
59394
63847
894
50111
33014
49233
84082
11411
82612
19452
96066
72736
50209
39066
73140
76426
43166
61769
83060
91817
56139
71695
81630
79884
63010
6119
43367
2548
45529
1517
51079
76098
78899
69858
38053
94242
36404
51720
58298
93392
83811
41391
46700
22122
54958
2111
64198
22532
40316
11534
50391
32106
53461
44691
70249
59503
71791
46674
31565
30325
38143
51482
49374
78021
89122
27129
93513
9445
99914
17376
36425
57267
80599
40912
3881
62231
52672
18524
72460
47388
61453
80314
31147
47284
24926
19140
88359
44445
43603
36730
62956
23621
74714
57466
44508
97403
39476
7954
41566
66877
2304
52301
49887
12256
63152
61428
4995
35285
33638
24866
6923
52634
45197
99667
52989
67442
5070
76760
15200
21261
53639
89483
75928
37819
19780
45055
32656
49548
44037
87395
70009
47406
94341
4658
49414
50385
84116
64653
41598
95043
32167
75652
24163
62593
73442
63389
76283
89587
50848
58362
27402
39848
99409
1276
17959
26202
48948
13701
32470
33617
28642
52454
46685
43539
95595
37365
6843
49847
63520
84250
94703
36956
16004
34281
51314
59658
49080
9151
93423
33434
23905
59132
67094
57989
79286
72767
91789
38504
57923
75876
76783
92713
9360
49280
34523
62780
82559
94289
12039
23839
2840
97681
37181
11781
48930
7446
90057
58862
52099
74515
35717
58878
24551
20170
15779
68886
47298
3739
89612
13292
19079
16265
20078
70045
39285
55253
49288
91602
23968
29376
62277
65483
35431
83465
44589
92549
47625
3554
41793
27806
52082
72967
82309
11847
60205
52845
74825
58195
52913
1130
62108
74250
93118
6590
2281
89063
42989
48124
10859
37041
28911
44287
38516
65427
10541
33765
63401
73614
68797
64180
1509
97383
24199
93987
63493
10453
70626
4651
1929
37829
88294
79379
98869
51460
4577
16533
10287
77181
23771
51621
36863
37785
65081
58749
21464
80886
76633
51906
7529
15995
87868
45791
67074
92304
56303
49161
13382
98077
63904
67278
27044
98696
1285
12887
39416
40181
29160
3464
99743
93437
47237
27274
28473
19502
81801
63490
38410
49144
18384
23050
75361
5041
48179
36992
59445
36144
41251
50069
83752
93006
90157
64254
29659
7667
3979
98930
42498
45855
25717
30491
52837
24588
59629
52088
16800
96493
38507
23240
55403
19079
84034
16055
18841
14005
91541
95120
99159
14755
58726
10533
50403
61641
52846
61886
70072
78627
45346
23427
18214
66684
63926
7059
4019
77488
19638
65505
2493
83181
71637
26133
27222
53980
84852
35196
96329
43654
60347
67016
65133
85410
90919
83498
52929
26969
81455
56354
96718
99238
44042
67116
31690
13641
97694
61097
76667
10291
88041
64135
48572
46260
11251
44416
15608
14743
7719
74291
81735
84196
58223
26874
13966
18719
40605
74445
25054
75080
16716
2357
16298
7182
22517
44280
12285
84448
51863
32541
67741
38175
7952
41229
78298
23454
62775
46706
69926
78718
88437
90318
65109
1383
70436
13865
18204
54411
61481
49902
78523
98793
14461
68700
9147
69963
95168
74297
70384
78624
44970
42160
92718
51877
67417
82455
68001
47287
64902
65062
54700
54571
73690
3936
35101
55473
4673
12199
48854
74169
9798
21192
75653
39497
13363
72842
76191
22713
55638
40455
18324
44035
46533
30543
64531
2079
21040
25596
57985
4444
55648
51634
73428
71070
14087
91564
90285
36576
77636
18297
65515
17563
3722
59285
27700
82119
92621
80412
1462
411
29365
85174
7697
91856
10705
9508
89766
96663
59954
30603
33438
60379
53810
71632
39208
61946
22057
4993
58952
98139
40150
65471
80379
41938
57302
13917
90871
17060
6330
67974
6687
43844
3930
66842
14929
48972
55443
41263
96232
47644
94021
1516
63427
98686
41934
34595
85076
45405
7250
1555
71504
5126
1728
49034
49709
50247
31709
97399
19361
16594
23690
4816
55962
43827
37057
62452
95505
60047
38174
35291
60956
14428
85446
51708
73895
54690
96150
52472
36973
34518
27099
17079
98528
14082
17660
3301
13697
89602
15122
43996
11322
85023
12841
28391
75916
54405
97541
40867
43744
75393
27754
5351
73161
30966
68288
84116
89180
88696
68882
56209
52434
91775
10362
28202
92941
30749
43434
70538
39465
93820
68612
69718
95872
52769
6413
15605
66141
26404
5499
30952
94250
64288
18221
60191
78829
94038
45960
91297
45428
63059
57954
37948
21183
67706
90769
8975
81024
41684
45224
72390
38217
41894
55772
38264
95365
66511
11931
56310
2649
8918
40850
14692
95489
28904
587
64829
40804
58863
27757
4476
69702
32445
35482
60593
74920
2154
76448
97986
51157
38789
37124
64815
9772
13480
97044
40856
94307
51094
36944
29946
70545
93733
52142
96731
13638
13420
46197
9460
79056
15841
64554
86805
52812
85896
74777
14027
73194
92876
88860
11865
72598
95695
2407
35440
24310
71722
57407
53019
30224
64997
11771
59140
22171
68000
14911
9849
2669
27720
79200
88896
20206
90783
34699
61022
61554
40612
39172
21339
79162
98924
85243
85635
17983
31242
16994
64670
19098
90760
1498
8604
30123
58347
1029
73197
95078
61308
6580
84595
64134
80948
36141
82042
14931
79247
47202
55103
83655
40496
50863
14502
34343
1519
32910
91951
43033
57592
95638
65884
94038
37191
54198
34799
87105
78295
23083
85694
99007
48643
79563
69737
17484
90691
63713
44239
14878
33074
47158
49565
65840
86899
79308
37161
82635
65209
58388
85534
43359
17032
77
79113
55049
64646
32526
68809
70548
12699
64752
62241
66109
25485
20407
76222
35605
6749
15176
10989
92533
33197
32886
68218
50166
47647
83721
60156
93178
2733
48879
1552
70192
6809
67931
51704
65531
30014
6464
37623
94937
87902
36398
33259
57789
14722
43616
58450
76015
84441
48800
92407
57191
14345
31163
41360
80801
53009
17625
50713
23974
47745
60405
67
35334
88733
23455
17802
64591
74084
54835
87550
87603
78788
99879
10127
20316
52902
73050
58300
51824
63690
97367
46866
55039
17304
33089
3872
84979
99537
46788
44786
7518
46884
58225
17387
85703
74633
70355
10719
65675
65013
8036
28666
4060
40563
76095
64490
76310
93650
48110
50396
76025
88645
83251
47139
10116
33282
35237
86319
73766
66533
51442
78759
58627
1428
20997
48634
2933
28169
98966
37601
68286
69645
2008
94561
97299
97584
76805
37615
52607
15226
85514
45597
62117
70189
1608
66362
47809
82911
9884
33222
66220
58311
27683
24722
87286
70325
81614
58529
22878
98421
52754
26255
55543
31665
88743
58224
21364
74752
76160
49811
88409
35412
24501
91206
62688
27092
31587
61385
94839
25440
31746
12035
40373
33568
61390
82344
25640
59140
85579
23140
44913
70536
53851
35962
18118
54260
52049
60919
66273
86033
6300
43385
4416
57272
87229
5823
96176
84775
6076
26808
32148
48622
33452
6467
49728
68194
38490
66596
75391
65119
6493
9620
76665
47126
49162
97003
46676
97658
12101
48715
93065
23855
78272
5230
98793
7295
85157
39793
63089
90591
41538
98076
64557
85934
84169
40875
7907
90886
31772
59121
90972
75244
90692
87204
85770
77313
89347
34393
79193
10630
51449
1283
56257
27100
48370
93367
5540
42544
5624
74793
63642
53037
29529
30981
39936
65018
96353
64561
29847
50975
83764
27619
76885
80183
797
3736
75067
46439
69480
37230
76518
99132
42671
25816
63234
9011
35417
93086
7274
18337
29280
6062
23835
4091
82442
51002
40698
63068
74037
46794
45443
88137
62292
17394
72467
25281
74861
96988
93980
25669
98719
10052
67589
98429
25661
8604
97202
73174
41748
61060
13805
59839
64180
71419
52929
54737
67269
35595
36019
20173
25656
49578
89294
87090
17596
18440
85664
7403
19530
33035
31401
36869
79558
71564
81976
86677
56892
68200
6231
35977
60803
54195
29614
10277
11119
80178
1504
46692
33116
20094
11093
25232
63786
64384
3450
99597
10398
96753
30186
80212
96608
25368
41800
91989
206
26433
62619
98448
73768
23217
84497
65033
3331
39356
97577
44212
21779
38804
44784
18785
51009
20997
54049
61695
65349
75016
97964
64950
92117
2292
59494
77279
41376
48034
62005
29568
65981
88192
33809
49565
39782
47355
1714
61942
74702
93702
61414
42809
33947
95072
8350
1835
66177
4788
71702
27066
21053
91589
57195
63064
29024
61369
81419
96314
1091
81752
18240
29447
6125
65468
33195
21073
43650
74517
42668
89566
29048
53642
5494
99323
71783
25589
1835
83593
80395
17755
84293
3844
97623
76936
34984
27667
22508
61307
98702
5854
34607
86821
96490
17274
9290
18053
30242
81164
66696
92390
1612
12107
87647
54886
6714
89464
88621
77007
63154
3954
35585
7454
94586
8900
17801
23474
97032
55995
66890
89730
50809
59267
85919
7193
84607
68168
84655
81493
83502
45605
80891
8266
62053
62804
14572
64420
36824
27994
41191
4515
3569
93433
9067
41923
6938
98014
45147
19760
41944
31337
25224
73343
22432
13428
382
76343
74338
17948
74752
94095
99816
63572
18684
59239
35774
75938
58059
98389
53982
9536
41704
99544
2048
59557
93897
67446
56763
13052
37492
55100
11561
73124
14007
78717
40744
43830
68092
62540
39568
46956
48598
81820
92130
45071
57978
65169
32339
30345
70933
21930
91745
39123
30060
22077
57870
95171
45438
45825
46864
24106
84937
78099
49417
38087
27485
8039
40440
22135
59077
26784
54376
19302
38190
65257
58914
5503
34906
66089
83861
21927
40522
49541
37874
36606
78438
97562
18267
63956
83038
83624
36794
696
4241
83897
50143
42925
40304
79214
56603
6
1116
3078
46477
34643
25778
2408
80713
11997
13596
69754
62062
82148
70882
86528
23235
35722
4915
45664
7724
44508
32658
54145
19001
22503
27958
99359
93200
60898
1166
97455
17163
84100
7718
32118
22646
21570
31380
19791
33420
58489
74077
2729
61699
92142
22528
20423
40225
96579
52721
41322
51956
85038
40648
13686
89453
56432
55219
14734
11758
8284
45190
52426
72000
34589
37411
74485
41181
14828
46718
36140
10753
94756
53460
2095
86507
97113
24709
30681
67701
36840
38405
60687
13982
90876
36615
89260
58280
34429
62681
73364
66609
17506
9673
69694
32528
24008
81218
70156
2168
26708
69543
83766
17963
14829
748
77583
24048
53932
99852
20067
54349
46561
53403
98770
14867
81836
32864
89050
98084
80861
4204
67807
32748
67049
60099
88215
90265
64131
24507
17212
89504
81441
48149
42948
79546
75683
28874
85697
82195
20456
69073
55218
97674
15531
93637
6990
92887
16280
99319
91827
60759
62601
37517
70667
67598
33150
77677
3970
7101
8181
25894
65553
91632
46985
25189
22376
45065
55833
72129
50184
81997
29928
80430
6165
61091
164
13552
31331
27204
15169
17418
54198
23642
28717
50783
76883
34205
99574
96629
50235
14136
7560
31993
20561
21307
14679
17414
84726
96576
25256
57078
80064
43787
27097
44613
6647
62719
82411
43860
43926
79679
33978
93240
41249
62886
72055
96422
82633
54376
12867
96716
72612
20595
95418
41633
2952
97303
2380
5746
21500
26910
3953
23729
79249
16537
42039
60384
16355
21256
14644
57784
71426
59174
96039
91694
31486
35977
33492
55893
72942
77931
48553
48602
92487
59874
54002
9143
64067
61100
74379
32312
76638
93763
58065
7053
85300
87114
28814
23111
42035
38249
87846
45261
72249
42669
31632
428
71387
26520
18211
81194
85965
42669
25434
35087
46198
47979
58894
36161
40910
98415
8229
57779
66081
36764
32675
25072
95252
95887
96585
10313
15240
68248
51714
30256
74044
28479
2351
78457
81733
66741
88744
20768
92352
85496
26802
68710
38548
22086
21099
67478
30278
35926
78752
78833
30696
15056
44830
58010
21829
90188
75395
62378
96137
5074
22150
93195
35618
41989
84293
32577
99147
18286
14092
79560
55265
81890
48918
5496
90494
95557
19260
70061
27379
76349
38443
37688
82048
14887
41295
78374
88300
42424
55457
65586
89316
33995
93417
88610
58080
26191
39126
54973
9716
46793
40129
52353
21028
73546
89574
66467
96549
2167
48206
41306
55339
75734
45546
24486
1674
20623
88482
28576
23206
23006
33188
3234
11956
57128
56443
53980
1002
32967
8354
52083
9842
20901
39411
57330
88805
33174
49358
51094
54856
26309
19741
13688
43328
95479
67792
52984
32317
61172
34456
47059
18633
31168
11789
67341
55333
30187
21755
24504
38628
57765
7275
11656
96686
63699
78985
58326
69932
14257
10689
95430
57779
13227
83641
40596
37292
61792
43629
89044
42604
30416
71565
26206
85526
34849
58337
89071
76365
12320
25033
76779
33748
21650
67477
83826
18468
33020
2482
96686
24259
99626
39743
35349
95432
32350
58442
93757
66754
85731
62597
52234
5798
31192
55739
92262
72113
57587
56111
15034
98468
87590
49668
35235
95569
27265
33148
66450
2075
49913
8536
15784
16668
53036
981
48575
25402
12351
40374
92295
58487
37144
26824
49619
12340
21446
21852
98462
97781
84943
45936
33175
82041
39761
26196
76696
57873
37357
56217
97506
57238
11169
95734
55404
39296
3756
75644
22281
76431
69811
90340
10123
74357
28499
67874
98935
41582
95535
54662
48507
30532
29160
16933
2488
3809
552
78681
68800
9053
70361
87176
25445
32533
64750
17872
96502
24481
41959
63918
65095
6625
62349
747
3984
63493
99300
2901
98514
17809
12156
43140
10928
62301
94341
80471
54153
22996
31132
97548
74089
65639
84067
35471
19939
66592
52066
51699
42165
63031
55302
66708
79078
10910
19229
4226
17176
22981
16263
57058
63604
3165
85137
58891
3944
78203
960
83257
6175
56040
23963
78163
13170
32551
33193
21148
75372
31006
48491
46191
59970
9880
57178
32584
36095
8526
76184
32253
60452
35191
12200
97769
28509
21389
57416
39157
76741
5084
87497
7794
62945
90162
18918
4281
8413
74105
83664
47365
46083
40051
2588
16952
17687
9320
5899
61273
35435
79945
9393
47533
7849
73992
73471
7253
76137
66533
57203
94891
71221
36293
72624
4411
43868
45745
58333
92715
72166
91665
7511
58265
47823
14882
8062
89481
73143
62036
40146
66164
86502
89370
26717
57522
20916
69996
82138
40569
42278
25302
38932
97898
95805
46820
48086
79342
21033
2354
71181
79583
44137
35443
59407
49231
17258
3629
95744
3604
26887
71885
48711
66899
93541
55021
88755
77991
43483
98027
49525
65574
92719
71030
19249
66821
52400
92514
29027
49107
13684
54064
86471
88598
64294
94393
30180
37301
48203
78413
18500
45892
95057
29327
23640
1691
54051
34970
41870
51762
99678
45934
17864
6289
36139
32950
91952
55903
63397
59632
4847
46091
7891
66403
27707
9430
75375
24958
15139
23798
15270
98239
56153
9843
51116
46114
74783
28554
34925
96184
52428
63751
67093
40887
25650
20051
58352
18237
56042
16981
79843
59035
99132
41751
21491
73719
41480
61334
85894
79180
33651
8571
5266
89385
85077
86435
22009
6747
46975
32556
1391
88927
30825
67593
14636
89002
77802
76309
55892
23406
53595
83578
44245
53670
45785
93596
18844
75614
54364
61550
35402
31507
23683
3225
41876
2755
21880
26487
2869
50400
33145
81932
87459
47651
15937
18590
23870
44642
99398
973
99744
9271
474
63891
785
77932
82810
54830
88218
28377
93975
99784
59489
8253
62758
14644
16898
60541
93318
65943
83608
66282
77640
40308
30627
45777
64598
77688
73772
41024
5170
17444
85830
24195
27015
8286
32972
57600
65854
83640
69159
53790
35322
77516
11745
47081
23308
32082
46184
56524
92378
86895
61659
69348
87025
78128
13718
98988
97952
24615
74059
51758
78800
96549
93933
97302
1669
31828
94225
19394
84616
93613
70406
85955
29825
71732
49182
98469
469
22212
9799
57842
2944
52732
36369
9041
31525
83647
67144
45930
39250
38469
36003
10204
83511
69150
32821
41052
40610
96165
73215
34127
24544
71002
40641
56431
42918
31952
3659
23683
16443
52228
38565
19036
17434
51129
79796
28456
91427
20564
41165
23059
96922
99008
31853
91405
89269
57712
83530
81817
78103
66286
15555
12366
51463
77248
30735
6566
7728
48024
92744
43674
97014
69666
62526
59796
4150
63705
18822
5141
80823
76940
77593
18906
20475
97100
42190
54775
68477
10605
18425
684
98420
13616
13548
64788
63568
5934
40499
99815
7797
76493
29930
64215
51848
47435
80102
77297
5637
86315
49487
71031
69165
84949
442
90208
25624
29937
24104
37852
67507
85742
46608
1339
20793
30228
8968
56519
89825
94280
74741
27968
12468
65118
16198
61895
9333
99147
91093
74337
11991
35506
94699
38811
94863
68409
69180
26750
76084
78115
5662
59440
32900
19311
73022
90340
99051
38540
79185
72465
80591
47248
17940
15813
73359
48631
3830
97184
60572
63640
56560
4962
18127
97685
41518
62895
36668
82502
36846
52729
2133
45895
40437
14616
45845
96716
44033
26407
88614
18690
6460
17690
16596
65702
19601
56559
46268
43452
71548
75785
64279
57462
85045
52035
49497
34092
43843
41715
14357
37651
96522
49752
72957
57731
55966
10425
89885
15508
42998
32887
78855
84568
92342
27243
3468
83221
4092
81564
66263
9379
69016
42225
80918
61360
7195
99620
14860
67055
22158
38569
22694
23260
80389
94135
188
16109
25466
10658
51179
92637
75781
7200
35836
91283
91910
27701
38362
72765
48553
51320
60139
32491
5859
84068
49759
42727
39819
23278
60907
14827
90452
56456
72166
86922
75781
50976
5488
79666
1514
13466
62210
91689
26842
44060
98832
56450
23697
19764
75772
2711
62781
96935
32206
93407
8976
82658
93323
61304
98105
86875
86072
57783
25043
54865
87113
48135
45297
1566
67976
92850
3257
22858
33090
242
50069
68114
92711
24243
82816
65700
79557
69203
89736
49049
55347
12606
49114
73079
25137
88099
31236
60213
10836
14000
70024
57078
68929
95642
2512
81160
44589
57111
44476
40288
30125
10785
68821
22738
47463
1538
88599
73429
89230
37302
48317
35867
77800
69700
20054
10521
5224
36289
20178
30917
87044
82131
47384
18731
83059
84092
2516
33394
4263
5841
18241
9471
78340
73521
34947
86857
1961
23584
95835
25493
22141
22495
48508
87077
22305
24425
2530
49148
5642
70276
40727
302
50640
7135
60985
5585
61637
99797
9981
90020
80386
95201
24223
29937
33813
31200
65405
23242
73270
12465
60478
2803
40404
39448
82745
21125
54583
30748
20016
13114
98559
14902
44910
75237
49291
63746
81736
91013
97679
9101
17042
80159
60606
26390
49890
10327
26932
82282
4952
50549
52855
77802
9996
6118
19022
12399
3032
87904
59741
54583
51540
8552
44241
3729
98587
91135
66376
591
34566
12130
71090
13876
72486
64297
73711
10452
69836
80894
75742
52564
91468
27796
23847
17772
72157
86385
17339
59300
28783
44133
90903
61846
67651
85622
80911
97777
26856
63040
27503
84430
90880
47745
33169
92781
48111
97670
71232
88386
51572
42975
56215
20071
6825
91981
59212
81470
58380
86736
57948
29448
42928
77151
86971
79510
99310
3800
51191
64784
78105
99662
46822
51615
18362
72044
23187
50391
92361
80733
47338
59780
53727
95737
75210
91543
73749
61284
59146
41336
42980
44553
13899
36338
37208
30498
46780
69072
41459
96668
1695
33673
97875
99110
65145
57178
81945
82813
30193
44416
54308
57537
21209
90300
32776
48255
54596
68381
36839
41598
65724
12922
99495
26245
6717
28403
29945
95009
24820
21571
8376
9958
50893
25304
17036
77492
45212
84225
71971
41506
30980
20337
83282
91315
34500
24280
25390
68831
77364
42008
64560
4800
18640
54665
96576
20278
514
69783
53225
10433
7572
87177
11843
69343
56815
58106
91020
82464
95553
76095
55965
15169
73260
58948
54319
52784
9915
53969
33937
85362
75903
10245
50748
46971
44278
92025
31448
25441
97236
65020
74596
67399
6304
16295
51843
27112
80070
61830
54835
89883
63074
48071
28910
94949
36028
79464
91066
39315
11178
74326
19433
8210
55488
6945
42934
40873
59132
56439
55822
15653
31889
29675
86416
61779
33650
49198
64865
41673
22103
37832
9013
12058
98073
45483
63858
31027
50951
36839
65238
97972
24978
89555
26941
38618
22946
35649
94131
89378
73142
79222
66964
38745
57036
64889
60809
62391
21488
17671
54411
77846
31254
22723
99278
12836
47984
92711
65756
5235
50647
49894
23710
49936
90502
52199
16624
7277
24369
92294
78815
9992
85294
25545
36222
52414
36635
38542
4798
53029
50279
67236
94064
42227
36504
77922
51635
72355
25362
68264
41739
7081
38386
43007
81793
34260
53969
24156
12150
87797
35826
98499
87847
94029
69187
52500
96160
20821
13946
98716
94700
3203
99794
55844
81871
73400
46288
33077
34847
76146
6938
94069
12768
59490
24317
54752
85339
48632
10922
88808
66122
62324
89917
72381
86119
52482
16502
99896
23134
95413
60038
90299
39977
18737
73762
64630
62075
81476
635
91687
25171
3722
67891
11379
87782
37608
94819
60000
85955
99819
84287
23032
69569
66171
79221
97093
85646
34015
9787
10230
23719
37720
61420
76453
32375
57167
16139
70172
50067
2504
70363
41711
28482
37281
48368
76677
37488
86490
6816
70833
89528
89100
91387
19174
55722
39836
96731
32502
56162
86615
30810
87129
9702
728
81058
53800
13294
15156
53037
59337
46829
3178
19723
72955
88346
92606
79037
56366
74406
6998
35025
32484
94980
90008
47356
18886
79640
97168
77394
59575
68049
24220
45481
40700
51293
42567
90943
66845
95029
40922
14919
41189
68205
10492
92472
72599
97497
81170
81609
74994
78951
82894
9603
39920
68181
6714
80017
83801
4881
14021
57764
90202
76302
23151
45870
45287
84950
46981
28722
5189
51314
11984
66088
41685
86137
60862
93554
37870
66020
60943
72773
31027
90651
10876
85019
3852
93242
87444
93854
42361
84657
72773
3463
87049
21499
76485
42802
77717
65142
12000
38507
20657
38301
68701
35683
85244
53649
12541
82922
89593
80330
59654
89807
5485
55039
20238
34395
25832
80797
14787
36804
71613
26999
77094
78528
39938
19867
4987
35779
31372
83043
74768
12659
95166
40295
34424
61138
46384
32730
62559
98526
80740
5342
64326
70999
50388
77907
74448
86047
87855
54939
90365
71065
63216
90436
74025
95766
85561
24823
32453
38122
74106
1204
75211
47337
45689
70601
86589
60114
78848
18926
67469
4494
70683
43407
25525
6501
42192
9041
19517
18133
57095
8750
50373
94948
23811
70619
96855
26796
34303
95209
93673
40098
74688
53923
81384
87879
66965
62670
48144
79569
63049
34716
49786
27734
51351
6168
69809
6113
90966
92152
73478
39010
98387
50313
18001
44167
41504
97936
79316
47987
96267
34706
31078
62177
98680
29980
76888
84493
24906
54099
46152
40508
80323
50222
11269
85851
55425
25475
53350
50415
4709
58658
27971
11709
71971
63390
25381
49288
60770
33776
97301
51352
75043
54338
6611
54631
80672
28308
715
94810
98197
79028
89476
93055
66672
59591
74322
17589
56192
68268
93062
87434
13012
12000
30124
94221
57477
58273
16304
51750
337
17600
20422
23176
89923
80752
55205
93940
50059
89074
21908
62428
55870
12265
51797
53984
71201
74413
16681
83832
61655
16414
63969
98884
27266
6638
82682
78620
6192
69423
27431
56898
46525
15413
41129
84961
26869
62756
63444
86822
76435
75941
70719
40379
4327
87208
35843
27896
31298
74910
34017
4196
22245
17530
28173
94885
64479
79174
86419
26422
62735
92182
54297
17634
89408
6381
80392
91427
43541
71282
53665
73505
26350
79446
50346
41117
51881
51471
42904
92979
78313
94465
51051
91926
48686
65108
6834
55309
54128
13610
49942
74824
23198
85039
34873
22020
11746
47535
46620
26521
21744
18578
96654
54840
62157
62664
96957
28404
3365
46421
85899
9843
52939
34770
86930
77369
64173
61882
98266
87033
39049
78886
67645
46640
27757
39835
33238
72264
10359
62957
48156
88942
32137
48521
48620
97020
29427
43003
49186
267
47451
27767
81511
1140
44263
27464
88512
14578
95686
88553
71909
95834
57554
31626
96585
91851
73220
42679
35134
48024
38650
98852
27879
62722
52606
63816
41920
61354
88629
83977
16784
54776
67932
70452
10013
60250
64844
97794
20670
80411
17463
31532
54364
50737
21480
46952
78900
17881
91424
46324
10850
23048
10118
9860
94077
75712
43101
46575
28130
41648
92588
59944
59344
56979
82948
29307
11894
22674
14988
71755
7370
57544
92392
81816
90523
81106
30456
41402
97824
6111
67239
81379
9066
29898
2180
55277
84412
35556
71318
21311
72284
35620
60038
23095
99520
28771
27014
84393
94094
13308
97208
81335
84167
48313
40956
59392
16096
84086
73047
7748
4243
16029
98207
8504
32062
34400
31959
46131
55114
24928
55766
54037
81878
92339
50340
72249
54686
99837
81586
28385
98834
66029
807
12315
61695
19340
86213
43138
8547
91120
71980
34017
16082
38053
9518
44851
3561
81485
51740
5640
74274
51514
6404
86210
51939
41345
31210
94671
52788
74343
93063
80938
13558
83242
85749
66939
42403
37567
96593
45637
65713
34077
14841
8132
63582
8749
35845
25877
59536
43376
10138
47316
58314
2756
5356
10658
32285
82651
69705
10096
48298
57607
68767
86928
38989
32078
4196
72717
76374
81311
87564
66210
66541
8126
73250
41551
7645
65438
47924
31693
47990
45854
12010
92116
69932
78304
5468
28051
95907
13672
97224
53603
51239
92933
63572
59709
18160
6828
24881
3995
80768
19078
76919
45735
33719
12316
7069
44100
56425
58391
75875
93026
31742
44726
95855
92005
23063
27616
545
21275
24564
79202
61479
40576
26472
48330
32964
87797
93852
52986
36218
51473
53023
37555
84179
97889
9367
89033
72474
39576
15253
71634
59942
37211
76387
54817
30180
94300
93489
16793
6488
82547
54350
77782
69487
61676
74221
76707
38933
734
99778
48839
29768
85354
6337
39894
20667
70049
20072
98856
93469
85393
99606
40226
16127
3085
17248
61281
37992
76092
83460
42686
59595
31465
56842
51982
24482
77145
17547
69497
29105
76322
65028
43875
91526
48374
27434
72596
50209
46062
74518
38342
36797
79407
6258
97445
75119
56892
28554
96119
48088
98227
71999
12124
37700
97472
18732
87878
55410
75810
45386
96165
49
70260
85545
63502
34362
76238
8630
9785
64618
77834
10799
18256
79770
79863
53820
69426
14808
6972
86098
48245
16785
94875
1249
18553
29473
8551
30666
68170
78173
53476
92933
68388
85338
12576
73561
9625
65962
64424
47461
47415
62484
25920
42699
11914
95176
82676
29289
75901
18626
5520
57926
24760
95073
72462
37004
23498
84036
34924
50439
89165
68187
9307
8650
78027
27027
20682
91989
85878
8812
68175
22085
99238
76159
13539
77676
60148
72895
2144
53128
27855
3429
75632
22443
41751
92117
82946
34809
19057
11019
51249
29048
69421
80212
27400
66305
14744
63138
2474
56471
37930
13784
52846
18928
65343
77242
99812
3733
62060
26023
31148
5285
23806
28656
2772
66241
5790
69879
76199
46413
61286
46994
31081
73681
53775
32779
30277
28592
72402
67573
41186
98239
59705
59664
81050
39554
95575
56057
49347
92614
70245
61733
65605
97664
22714
97854
48452
65388
63513
69330
14627
83598
97526
81596
51516
66068
821
46142
94760
98228
31434
30815
68632
34977
93012
10301
37132
76081
71371
68507
5680
85570
24728
26940
43331
31984
20373
21297
32102
13796
80828
51265
49654
9402
38775
49439
69381
22741
39812
94712
36951
459
55363
49058
3193
27880
90402
53445
26223
54284
89945
87327
77210
75106
43457
9557
44386
46275
57772
24164
84043
34058
79918
90983
53426
83587
30052
47661
5449
34932
52477
21225
76377
2398
11513
65722
39164
20824
73354
42715
70480
18432
84959
74755
61715
71222
3843
53489
84911
57142
3566
77414
51617
69168
49689
54663
55383
18124
64206
84445
88410
92703
70469
11638
58424
25824
66432
98134
50083
8453
38380
28655
83036
19791
34599
89563
73230
74257
44834
86673
97570
41407
31206
97957
85434
36704
566
42592
41344
96169
39514
55195
33251
45603
90061
61119
99507
10706
7164
11497
69489
44158
61544
28148
73602
26394
7947
65072
59183
64814
7939
48613
39915
22348
44293
73434
28180
59265
59667
73905
92378
99297
42004
44564
31553
15747
85268
33452
89746
35769
91925
67234
40946
19564
20485
46891
53281
84192
52919
45594
148
12963
95056
5568
67568
59897
74627
83245
46136
89664
26169
35401
65770
90730
36942
97902
5909
44084
78934
50491
86930
43105
93772
37642
74495
74784
76003
80562
28698
32653
91819
73184
75927
50684
26108
49931
59631
98501
66335
4158
29062
8475
7492
26047
85560
51167
79480
36920
95083
52740
90360
68906
96184
99353
19932
14757
7770
96682
76612
34639
78166
39147
10986
91178
19981
41869
27537
39947
82569
27989
22683
29361
7853
51411
73099
94500
30733
71183
91988
88161
82813
51622
77035
49494
75042
60432
33001
37465
37126
16502
65838
63011
16986
85176
46495
57358
64445
5304
22843
27623
44922
82069
55192
83036
73594
91349
76439
57823
88755
93761
52903
76140
95216
73732
90395
35532
49297
17400
63238
38269
62714
70727
99481
2705
49536
21616
14988
61538
94461
23214
65087
32244
46097
59024
4582
19226
70497
69149
86386
58856
15513
28674
70109
17985
4522
8310
81992
2397
413
76911
18007
95043
78181
65339
9504
11963
84518
58466
96434
38273
55116
27925
48717
48291
59824
72212
90792
26670
96306
24165
10388
13533
47726
68399
60036
63717
2165
8073
54054
39057
34512
84360
11513
23730
90672
76685
71376
71601
8359
62543
1917
89197
66532
52801
15544
21636
30306
19580
2524
5025
62378
50165
31830
58254
68274
40740
76376
40878
48085
16572
78880
73982
80277
33854
1792
92860
82732
89140
23491
57531
80408
86332
13355
61301
71712
99739
80508
33531
45645
38753
92193
83630
57686
70428
92057
62714
30984
58215
32261
26102
49163
55383
14673
54773
75239
99392
44443
97028
78318
76249
66116
92893
41912
5663
33100
83618
28713
69760
97013
40184
98998
32779
29932
4525
16847
84745
95409
13290
98913
71027
53820
40564
95476
9128
95144
48163
98449
41224
83347
75919
63261
92015
77693
2126
78281
96679
62819
43025
91259
87777
23847
59597
2339
10273
9143
52389
25032
96234
28859
96639
47426
60354
75069
95471
54306
5752
31307
61630
32786
48854
72134
21785
91758
39456
76859
61564
54604
27306
60887
70938
58853
25472
56173
95871
20715
89625
64478
5548
74168
1626
84516
47513
43928
16539
33775
97553
89527
8357
23150
94801
52214
45389
50075
92830
80123
11245
17202
98200
671
30299
20926
59512
87593
94498
37778
97571
41510
29442
44626
59821
88115
60273
3075
31737
76750
18773
97579
58382
38578
56630
51864
13424
26888
49658
42749
56440
73902
11598
3460
68912
61960
22737
24385
94782
20842
73137
2128
63158
8829
50672
99014
41067
70798
14946
76030
56240
49541
67922
70016
13891
71893
99587
71460
50389
89504
98415
42035
45055
64170
91965
10952
78775
63618
95127
23537
72037
60645
63299
42286
99523
78281
25252
39757
1537
44102
14943
10255
45072
23569
75190
90709
34692
69165
79084
47701
8372
24870
62875
98305
30138
76351
70279
90874
78362
32670
35585
2064
24738
288
30962
35907
26988
80255
86377
75896
90649
65626
42277
51277
27648
63332
51038
47204
28788
77247
75135
3188
74075
74747
87073
16374
48727
73697
30353
82456
88666
92759
76311
95202
94391
80506
96190
73752
17326
17050
27667
29423
94712
81016
10746
28365
52651
30485
26627
83655
24841
96989
85481
83378
84326
87386
60327
29458
62226
21536
73062
84061
38967
85601
13334
6002
83150
96058
59133
57606
41353
518
66135
20836
82824
81153
41364
68089
22573
74601
35108
99704
8828
91782
31927
14993
13275
83351
97750
16922
1292
12222
74400
42476
40181
46600
52133
48430
75993
68687
54977
30030
61346
97890
92087
26183
46198
883
22329
79360
26191
85185
59236
79707
23830
33071
22321
45436
98485
86304
81556
49519
25035
42238
55239
56448
81613
97430
76054
38331
40533
98317
62479
8990
10627
8327
43898
57642
13237
51744
53003
39299
19808
68184
42043
37046
227
43015
89730
61746
34278
20787
29072
95191
55638
62062
98634
33593
46820
45754
99753
69204
67689
23925
91995
85232
52106
34887
37334
55697
5672
95787
47680
81817
633
19766
67154
9832
70148
59062
81625
47196
53690
4316
12333
25015
95208
36546
52043
44177
43168
7707
83877
56784
7972
96567
3995
78437
76652
12805
79240
40360
75579
43152
86249
65536
58508
37812
93670
62058
30110
12247
91705
17868
24686
10580
89989
45888
71435
69547
43302
17248
6980
32636
86515
48737
66915
80896
15195
98336
83956
9371
88583
76492
14392
9406
51690
66109
83827
26537
28422
63923
65667
40489
26932
41132
84315
34540
29585
96371
25035
4722
27737
18659
91308
24974
79405
81221
41873
57611
97479
87490
95640
98758
99729
34223
24849
98628
78533
83980
80732
90362
92207
11190
77230
12214
84779
77606
8462
77464
3098
5805
49112
56601
59807
32249
44291
8645
54191
73240
26915
56830
36096
18495
41871
26490
13316
83682
60037
90392
57334
94687
12943
32428
93614
93784
82148
63463
11550
22625
82983
5120
73878
87174
84067
78403
88850
60630
28805
84426
36528
50497
17440
72958
59626
83803
44851
2212
29564
37098
86127
68684
53965
35324
61284
30667
29919
85988
32433
96932
10110
99388
21901
99789
21042
53970
15152
22899
86855
10945
83821
79826
55660
1052
26506
67936
75847
73931
748
55589
43532
95355
99702
95835
38107
72637
92772
36925
29321
95501
84044
24087
95940
13431
69054
76139
47386
42992
50750
43090
40984
78391
33349
61637
69665
78075
68760
86369
52066
46636
75421
55393
30243
26339
36994
36533
23153
38414
21618
70038
84520
42077
20934
27455
71508
89952
92311
49706
23394
47222
94497
41301
33889
78899
78275
19324
58529
75257
92538
42715
69729
63141
9742
59549
97029
72466
48338
14490
21702
35492
14420
40529
61876
10011
98959
22489
56904
74822
79970
75632
25411
83198
43069
2996
8584
92385
32286
30709
47784
67367
97049
69007
49022
46592
45928
2312
50030
99811
30874
85757
62803
97258
94925
18172
63773
32828
93191
89525
62839
79323
76798
40510
9047
92361
72034
49959
82828
71967
89871
52339
18342
66476
22568
13685
12067
36237
24156
81791
62668
35095
63305
56563
30115
46122
11850
25957
96032
93713
37414
83552
19142
27878
21471
86733
83301
39586
22384
65955
32761
38082
8565
44613
105
42019
50893
63508
30025
57422
53229
57893
35084
51102
74988
49695
80869
92669
50553
24710
9505
60385
11138
82141
52660
21152
35962
98976
13455
42495
95665
76758
28803
44673
11230
63785
72193
35836
58134
71714
59999
60333
7074
26007
91488
12837
50100
60969
58561
38691
68825
4543
65180
28829
1122
45922
8620
92497
54470
35821
13205
62564
52500
66688
80752
38267
8558
76237
460
9485
34216
72790
43135
6436
38925
13303
65736
10945
7940
77047
34395
31354
82466
50918
13277
4006
22101
67980
68436
12976
6590
69102
94757
24631
60429
34356
58738
68515
52098
18139
63134
46700
91157
89299
20377
34012
43735
44202
6079
32566
92491
89935
70697
8041
30471
85053
68979
99284
40039
1909
20785
81176
81994
88325
10065
66284
46263
33353
63450
29963
90027
55653
80775
76437
43133
89514
32735
5757
63945
62388
82230
46122
92706
65755
60902
21459
19696
17092
18614
28477
4003
82398
59695
3529
13345
56061
3125
98954
46724
86645
87717
49585
82535
26984
97957
35055
58360
24468
49829
1436
85606
62527
92555
61108
93340
30391
13094
26358
19018
71572
93530
8702
47520
40298
61791
56979
25892
68384
96738
75307
31987
30199
32149
27127
53487
47019
56538
70625
8165
96172
97312
53119
60761
61857
64293
493
30366
53554
55143
87417
42449
88760
42960
76226
62221
30011
77044
48511
2282
85863
16244
94943
14337
31746
4852
26051
60189
47641
78810
98817
16168
55492
11463
20178
65835
85468
80979
30744
60465
52145
51589
3
12782
14281
60395
75820
40189
7870
16588
70269
51387
37897
75597
43305
6948
46900
69333
38098
46665
89357
28151
83024
98715
10522
82947
45062
99995
84485
49555
37569
89282
45367
87578
76068
96575
37991
74157
87099
35716
84842
74986
82000
66583
3529
14385
67718
84849
42036
37108
4925
92476
69123
52260
92474
93161
85259
8174
24368
89712
39229
27255
85364
30716
94989
54354
58488
81117
70071
96757
4860
59802
93180
23883
64835
27846
49235
37825
42193
56082
94969
34977
36207
89413
96186
14127
64738
94547
77981
26060
51651
69179
24474
50613
7707
94022
33392
8080
10429
25558
45394
31952
85122
10297
11574
54618
76237
37496
29331
34207
89607
15369
58005
12757
49501
28907
28872
71731
80850
37572
54472
37305
81057
49564
36443
22783
4476
4289
88673
94901
15458
29734
74750
81003
91790
23367
15856
1198
5690
12563
55543
43598
31417
63947
5952
70569
37689
19579
57765
34091
6272
41814
70170
82660
18842
51403
78016
12122
49983
71785
88310
11311
6185
72128
27028
90196
49520
98030
27635
11604
65526
56258
25211
36972
71737
26124
71176
19342
60762
39379
82020
37770
39139
53687
14664
48260
74125
13909
876
18850
61466
75480
89120
35492
36539
32563
75277
660
18051
58213
40871
22505
94790
33995
4971
58606
69526
1497
7813
93170
73358
67749
63254
11854
43850
80994
73530
95315
79436
955
95378
13476
25064
31371
16865
38074
99113
32876
38765
60415
49561
90076
12481
58238
49428
68972
31994
29861
16332
30459
65571
34482
51677
61734
36897
97447
98448
11818
8121
5904
33086
504
20040
89129
6504
65301
84311
69974
87193
94037
37345
52005
82352
84872
6420
66476
4196
34717
9454
84566
20971
27290
29685
97691
86183
91208
91588
94342
75177
43324
88160
64871
75653
78611
94944
20782
9430
90493
60456
5267
4760
81017
4148
59840
61617
51613
71602
39533
18151
57877
30079
97878
65018
56424
35780
80238
61556
61041
33739
78206
68210
69390
95913
50438
74732
43422
37526
9507
98257
903
11701
15319
88383
78248
61637
78521
37556
67869
21634
57384
91273
33345
36342
6916
13599
81372
15622
38587
35918
86375
39514
14240
31128
24943
22932
61601
30055
5071
51016
80960
44400
95331
1648
2396
54397
73714
66595
1526
70127
86193
84708
19919
86684
5838
98418
25536
82830
33148
35421
93926
99300
40513
29912
45400
90572
25883
56493
91997
71036
33585
76903
48947
62891
44627
9269
61608
98641
74880
28745
51102
66357
65285
35225
37783
14285
24339
97849
84510
14364
71456
34682
86311
22186
96803
15603
75479
67453
30933
75280
30535
68397
12826
21996
50551
64328
88035
81475
1038
61414
67813
22932
63695
91656
48746
58755
67396
37839
95272
35481
35170
82505
8270
43834
66576
91980
8485
7568
48334
96435
2640
30852
36793
28522
48414
12927
20482
14829
27241
40674
61766
37095
92415
97192
26364
61166
75510
59948
13863
41385
15127
29830
95231
15156
85355
46902
62406
97499
99005
65404
33677
56288
68850
70144
27012
39274
90714
15399
8902
54124
64544
83343
15575
96970
96333
93896
83544
2232
19719
9176
55465
46646
10381
25869
40167
11895
97718
19592
22203
82697
94903
17160
49659
18712
97813
76942
3275
30069
80732
18509
53031
11670
88661
66415
2367
49341
59170
38186
70368
1811
36693
16265
66874
85182
658
31952
54381
11789
80685
51375
3378
31560
9196
3057
22920
6421
89870
8677
85974
81462
51605
79576
62444
76418
85090
53141
33749
90847
4699
28754
61319
29519
26048
85094
79927
38375
62681
75958
63291
74581
23386
99720
57855
52280
1116
24010
26502
81448
13486
9712
12317
71073
70710
39414
26278
59864
72289
97075
9858
55315
54005
23081
49066
75975
51380
43124
96259
99830
56782
34591
94876
49448
93127
73987
11584
31577
22623
93785
56495
18175
24235
38741
9814
39336
90762
16907
29678
82979
7990
29970
50824
10318
63331
45121
48202
55204
96635
72854
80293
17229
37017
5631
9707
97802
52023
82547
21310
89029
94926
89911
79206
65614
6887
19501
94516
30597
74683
7186
92999
83424
3982
39099
83392
79161
40503
64329
61149
60850
59615
39286
66164
14840
35094
72774
97793
57844
28695
65930
46140
56447
89423
54247
92872
25075
34263
41888
28065
60346
12343
66358
70229
62728
54869
13774
70620
96574
3669
25377
94347
52897
34032
31280
43334
22668
7299
2196
56355
71742
99464
24804
87838
94848
34262
53902
26167
11450
30779
75687
62129
94686
81105
79061
55805
33361
80368
44695
61184
88013
11803
41140
48388
48554
31165
60540
71560
86667
68432
31363
81572
55063
53909
81254
87422
50617
38528
62788
8636
19728
67560
99629
56182
67577
37225
68746
76720
5791
12618
60867
35444
48148
36084
88581
59875
39690
30542
98132
77247
57225
60244
96754
1851
50553
37646
32578
10606
41298
51994
14536
68241
23586
95365
21335
44462
9969
27771
97694
95374
79367
98341
28317
41993
79631
91741
87320
93514
2304
89418
22510
7309
10460
45434
40146
41279
67344
33043
73103
93715
47696
75705
40186
16627
1319
93175
82232
53267
28617
2973
73965
18785
42459
56969
50178
1948
78457
12617
9623
22621
65143
97745
6105
10634
98535
14678
13168
15728
68450
90146
49339
52200
58202
90319
44042
80841
5089
18387
7111
8638
60109
45705
81759
59412
47317
51670
44073
65821
47737
60721
38090
43383
89672
68247
22923
12372
65037
17168
83087
26195
72145
26244
70804
55240
54453
43707
36331
56910
96622
67231
75308
96474
66481
64884
42042
30341
80693
4287
57836
15013
91922
44449
33553
90595
4029
10624
8195
5482
95510
69635
1727
81707
81197
12282
87697
49983
18186
48090
70016
1153
87169
14875
54174
1585
98004
17931
5547
31106
50975
70504
42867
25731
9013
99916
40817
54635
13198
63532
16359
32830
60305
89479
70777
11931
60457
40462
32222
84570
52993
94281
85794
54960
21582
1223
98338
15889
43182
8909
69427
18362
9296
81177
89550
15707
51835
40935
65996
39599
79358
66691
18076
96066
42144
35455
65987
55529
39050
76082
1956
35371
28596
20224
29605
23906
67813
77094
10032
39084
82083
21562
79400
18882
73153
85083
94437
68458
93580
78079
42231
39131
14022
89971
15327
20940
3736
24356
98010
261
15400
84772
42366
49470
86094
47119
28782
41318
94354
76577
44046
85558
71435
81544
46441
42392
43935
94039
45636
29451
67701
39809
22466
50165
7064
68723
92021
50287
68059
94518
5142
62407
16227
1840
20943
65346
31703
75063
63663
83633
64250
48043
79149
50190
3858
38391
43762
98616
63127
87762
84432
42272
35879
45661
55135
20197
67128
2456
6258
92564
32204
57706
29072
81440
16272
79222
6941
54546
85349
59319
85928
36620
410
19991
95880
63422
38973
77966
5653
24108
347
60395
79062
98075
61104
18008
2624
72884
93042
21334
26589
87754
81129
56603
86650
21873
788
54914
23651
20136
56321
68907
1636
9160
33463
42359
31141
90208
65834
77252
42804
10501
48970
68133
24146
57006
41483
55237
40130
85809
60423
40365
63892
20632
68501
99936
91619
17388
53377
75367
67295
74411
52687
52260
78711
99034
18739
50771
58632
43320
99963
44857
77767
16646
55646
8662
11554
82258
68421
76269
82968
26108
58311
35814
96343
60943
6074
74056
74183
28434
94797
23693
95569
80882
50507
86553
36489
14249
37291
33277
47072
84581
71629
26077
10938
58428
6681
47761
39335
51074
60014
92406
68716
40545
64093
82391
84853
16929
64337
34677
67226
12027
87131
95850
29888
32986
70904
33401
23550
355
6071
69786
28832
57544
29338
6785
69792
74877
30389
24183
56853
6936
50733
80368
65806
50859
47253
12191
53487
11988
2364
9962
57653
45791
78843
22552
12780
80226
34862
45376
12789
25404
39399
16395
20457
3507
17355
25167
64787
43210
12435
81296
88282
62829
76996
70311
5136
72064
26390
77463
43475
75509
36016
32090
50626
44585
24299
98945
23480
21722
53114
65674
11632
68969
69599
93194
86097
90796
59754
26043
88507
9069
26213
19139
88579
11604
92204
55647
49368
1995
41003
16066
96919
80608
57941
45120
96939
76420
56341
41791
85642
6152
37741
37087
96574
55805
56602
73955
36253
12331
83991
16952
43441
27701
62002
591
86004
32441
18213
37923
13984
17875
11762
40518
5191
64168
4633
72000
29389
15377
7733
40933
28872
61889
6086
38399
99664
50111
82796
23375
15224
30308
46638
25379
37816
35690
31788
30043
26593
48558
80814
77737
47046
12821
73062
91828
85306
54193
90439
25539
32337
92770
40466
19158
68972
30412
3217
55485
49472
83041
18333
33384
27580
1288
38574
25740
86052
65131
9930
7824
64834
49708
89583
64417
38054
53366
40887
48822
98287
42666
35157
50562
52671
70414
3308
85273
23000
36868
18295
88385
13207
92589
66480
120
8378
44052
35482
51506
96585
17113
56346
18333
74105
36995
29668
55283
51970
14882
63537
206
56404
72866
5943
88969
35196
93441
20092
19284
70416
24080
6596
27889
19505
74880
67244
59624
11360
74610
52764
17534
93710
30881
65792
15730
90562
2098
8094
10523
7761
66915
44081
275
38492
98181
15441
51430
32511
17697
35670
15730
14194
49119
17010
81850
70415
59818
29268
16813
48075
35608
85505
56041
18072
55989
32972
73964
25706
76149
27171
1096
89512
53388
30311
54832
71523
68323
84975
37332
37798
65611
32788
29495
42727
40185
80167
34804
1449
80355
25248
71945
42105
40388
98373
33294
86808
82132
68100
40249
24101
70115
71120
62332
57906
93603
67876
52537
68612
81329
75432
34021
21136
8993
51584
92282
76478
77618
30136
77819
97590
86975
6744
31772
45705
74013
80027
55046
62777
29747
26296
83300
87719
70882
76713
10208
57054
93039
15571
27318
22039
20480
51859
66782
36003
36999
96351
98327
73532
81934
53822
60921
8663
31932
42720
7260
27581
5764
36300
46361
89496
45077
46156
74607
21786
31214
26039
7425
70622
52780
14181
47844
12733
46329
16624
1205
49049
35989
56729
42123
67667
77210
66715
9104
59383
92931
47890
94946
29277
27964
33255
76548
14020
48810
53486
68419
15956
76002
51658
31473
96255
97197
25206
28801
99623
4767
217
29637
5925
990
79006
6104
72118
47008
38922
33310
54732
62132
84146
32689
36289
21761
49555
11049
93099
44325