46171
89733
51610
25282
58669
1338
89074
41418
31764
23483
60347
96724
15944
19074
82492
54730
30450
58893
25414
23073
19931
52096
45028
65650
19267
75622
76401
11647
30581
5221
81726
55902
14733
63501
32783
38857
93595
26365
13271
68286
68572
91202
42975
16260
55720
17979
13480
18567
32712
43161
39866
71327
66535
86911
10353
20935
28996
22078
52825
40054
96744
27460
85396
88716
51180
83498
22637
40231
11552
4837
88260
85668
42027
66680
26506
79983
78967
71650
8846
40575
63613
90679
84114
48858
25041
67082
99458
28318
72204
12966
5092
19405
71
64489
82632
61124
3323
49512
90663
68294
61189
76566
86426
76537
57759
60386
18689
98650
75228
63273
46922
29673
5077
72596
45056
21970
6567
98869
533
70867
82091
16260
9965
74770
82558
97138
57966
15307
2411
76927
6317
96203
99908
20239
95096
81844
31439
7012
29235
40756
2987
81586
94836
92410
59356
56147
68667
8449
38157
53232
24089
23531
58476
30303
82065
70560
23095
24842
63269
88399
44437
90860
23839
26705
77731
41756
18544
50411
54250
37337
13627
39368
98245
58747
64563
33691
81412
66179
85272
17821
90328
84910
15504
20216
62694
93015
16393
80696
12137
58073
88249
31264
59682
84676
42130
94146
72109
26843
87158
85280
12281
66973
27012
1375
78846
7565
12488
65610
39831
85217
41869
87486
57441
67795
28220
73831
44029
21818
31074
13879
93134
80901
68223
86079
65770
59873
24215
99080
67105
46364
41833
2735
74534
81320
3712
33590
46725
23055
42025
34527
58518
77096
31507
68856
15392
790
94199
77409
10700
55333
81007
55902
6254
71825
45994
13175
99110
78609
58791
8383
93368
75379
45140
27441
70980
53582
47332
9213
59936
43716
72531
30986
50326
20568
159
27392
77813
92736
76220
21411
6840
84583
20221
55349
72775
91011
14357
74029
83735
58192
67141
59100
10159
36415
71882
23200
74156
73078
28954
469
10621
83143
56888
11972
76650
70759
80992
43567
91433
37548
99577
91753
69076
3446
89563
37663
39846
93930
12736
17922
92260
61434
76573
27456
4042
14922
44311
48750
70259
88693
47685
7514
4055
24917
64086
75398
30337
3571
86053
8358
77358
43166
96508
26201
6260
48448
80056
49659
25549
64543
67810
99562
58821
77423
14932
99059
13177
30702
14899
94866
52837
25626
35431
54776
61569
15116
39264
35242
15116
59500
62064
79951
22286
65678
39603
96793
1425
45792
1335
44676
31647
15869
87052
29931
20658
83914
30750
9355
19814
53971
81190
17337
2486
18765
41763
95348
70770
43518
80200
18554
75050
67736
25389
66425
6817
3753
58540
16422
96237
71798
92667
63807
20026
36223
11955
9184
73820
84794
27931
75827
40341
40953
5486
94465
48326
25258
40839
86553
32163
87102
40653
43992
65236
2467
94098
15442
59112
6868
3041
52938
61701
13468
38136
17099
6844
76488
49637
55741
60448
28325
54168
27142
63990
9398
94263
4329
79669
11812
5692
58079
50825
6743
91841
30507
55924
64299
45466
26911
11877
97045
46568
15280
50947
68660
83508
21343
29990
2723
20537
30387
46229
14490
87685
35070
95045
93336
14163
72856
15012
6466
84275
89798
82633
9020
38336
13421
24854
20201
23269
11735
83768
45992
143
94559
38579
36396
13239
64064
72845
41328
86620
71640
76498
80329
74945
23136
56752
39573
66734
52694
55181
97013
52672
8361
69161
37906
17324
22342
58234
48143
45764
97353
57165
96906
91912
82327
12280
40269
59800
41637
98865
46183
26943
57474
44439
95233
51503
8011
40549
34158
87992
14372
66590
70815
72577
69733
94001
59904
27349
64989
70703
24567
16595
13943
73239
15282
1855
74916
10755
39002
87688
22393
57509
60107
36282
12979
8228
9988
11530
2095
51065
99226
70269
23168
191
90300
53978
83056
57740
63522
38221
33553
58715
15794
35676
20502
13456
20857
98422
1776
19475
69050
85209
43264
73282
88083
56091
81633
96176
72149
29354
45917
54371
36795
18562
20718
46468
10558
70925
133
14570
9884
8768
43899
44795
30712
93375
17471
98806
68244
53687
57371
89928
10113
11592
45140
22016
94954
11548
60267
3867
79452
19964
68170
53088
21057
98850
67608
95311
26160
16709
32598
26144
87020
82127
29596
20889
90202
25941
69351
25051
1800
45880
97133
27754
59347
65449
74399
64431
10741
55489
17239
35378
73396
89392
38664
11076
99331
24759
66930
44421
37082
2005
92596
19888
96196
79022
1836
34643
45854
75142
25563
95234
667
85771
77976
85388
86594
88824
50033
89288
40805
41431
16786
87070
62568
47865
54126
61254
18321
68673
45401
78496
8814
74953
26904
5158
90462
23972
49442
41387
39582
58136
69475
1288
77945
46401
87417
91141
3658
73119
21972
76625
20638
30938
14554
99791
25082
94094
95990
30361
41810
13370
95030
17244
64731
29790
60883
69878
10415
99150
32015
53441
80558
15423
54365
79591
38923
6345
27133
25173
93377
87142
15607
39802
34609
7199
25970
38223
83440
83109
36073
34809
61768
47636
33804
31678
84088
95415
35622
92695
32367
61380
76680
55782
95221
94685
14427
23445
1764
124
25458
26665
72566
7565
7811
45082
32419
50957
30757
42840
85161
89190
33976
11980
4370
19754
36916
22088
24769
66653
85621
66445
72714
40672
13904
5502
22463
9121
59962
26139
49691
91020
78561
41299
13225
58824
987
43339
7657
17510
86682
52774
39666
92702
48991
48601
18247
29007
57808
26973
17975
84079
11
5332
87897
45294
15551
57940
15954
12187
36554
28750
32272
99196
2879
80338
98463
46604
2793
98917
79438
36360
3156
63396
4879
4854
99736
94937
91449
26729
14691
57726
62631
83783
65573
3356
9207
70082
97891
91583
95276
75929
87053
66271
91786
74178
25604
43575
76671
26845
18895
83037
35917
17330
74958
97446
28419
21183
29277
88673
37220
54331
36411
14422
45347
18220
85995
90096
44408
94542
85199
98321
40829
16605
53608
55902
83214
12099
50538
9586
98584
77926
92451
75605
52761
58189
96450
33132
27815
59550
46983
68661
60160
38880
44508
72373
16908
49859
4294
22611
51606
11260
54168
46635
91248
51504
96942
75726
30944
69822
64469
85869
45170
55324
52432
66744
95130
69536
27973
75305
95490
54443
98068
93521
86204
90538
18786
97376
75894
38461
9981
86927
68964
76163
96120
31061
28582
99605
50654
52704
65964
14710
81368
53589
52352
99092
20151
6939
79351
85780
75681
13451
23346
78067
35161
70693
37902
67085
39027
53440
31036
50773
21126
48854
62427
77442
15193
72973
41770
64236
20130
51746
79832
21250
4850
38010
12925
60378
18305
10149
83317
16734
3747
78868
59872
86375
8961
79104
90163
94064
833
52966
63768
13848
7702
40996
16023
3619
68668
59302
70058
61091
99856
2449
22571
7723
52472
6447
76350
53453
9093
49565
98433
93096
42265
2408
98152
76152
22826
81850
85674
12923
41955
10450
69734
16941
31736
10465
14770
71958
55929
44661
97190
23383
85366
58199
73854
99847
83682
46969
30389
82478
41813
45429
90832
29265
65045
3165
80464
25792
56703
28929
46080
4501
15451
95590
38078
16743
46915
6183
92580
12421
30967
88488
17184
39148
25075
63552
35939
18919
18273
24058
31335
41530
25811
74016
70207
55196
80224
20930
54456
27207
9676
10379
24950
96978
44671
63007
72952
2566
62288
16906
40531
30185
87757
42591
85653
15376
91039
23675
88817
16549
78422
11632
88760
16331
69181
11794
46415
4927
55794
94383
19689
60078
46083
82793
32961
35239
84246
66232
3740
63134
70485
35304
82904
26265
26126
34332
78697
20691
55298
47929
7260
9064
13481
19260
75897
34757
66979
15292
54216
67467
99096
72757
6425
6280
25568
71920
3536
38678
27124
3550
13288
37629
60573
69344
73944
30117
4422
54225
25756
45886
61577
199
84701
44007
51609
30338
72914
54086
54267
75155
80701
5748
98258
82599
20893
23216
75487
28053
49401
96552
42651
74926
62969
81386
7544
37737
73061
59397
27923
41661
96031
2455
34392
8392
29481
88695
19112
31299
46494
45649
40061
72558
83368
75554
60454
17389
36593
40075
57195
86058
45162
50480
94495
45339
1446
67950
46754
41566
20937
45009
75736
48223
9433
21817
20467
70822
2038
10204
17870
92142
22540
70582
35291
83355
55157
59189
74467
43359
83573
64908
81483
62394
25124
83570
60607
42487
21805
21821
7654
21205
17932
82358
69047
11301
8147
39372
16471
21670
43598
64980
41439
5980
505
597
27436
8472
74098
68923
26149
96480
87451
83571
39388
33982
64446
54104
49944
29530
98336
66881
40283
76864
69448
95559
17143
30634
77022
17226
68909
38728
67536
99011
28224
1278
78246
78777
98329
52772
41206
51864
62031
81828
66198
36195
34168
91871
18125
44403
83399
8760
45441
67907
46676
66474
25283
59665
97568
24663
55287
63334
96585
50108
11513
99860
28894
28362
38320
73227
66310
75348
58963
37461
70084
61284
27966
13040
82413
53712
23241
45825
665
64656
21632
47922
26500
59846
86149
39037
91341
64910
44836
51631
91820
95581
87782
91017
67741
42533
28697
40782
5227
76086
28828
18135
43124
7488
97998
7582
47244
24739
15880
12069
30190
11036
41522
8441
51810
26230
43890
22031
64801
9536
43534
73462
21538
13729
22532
20920
73681
6067
62966
16493
72698
44781
93079
89515
35999
93849
51876
17764
33160
23763
23439
87133
86036
9235
6779
48289
56586
87849
22192
30770
62786
17640
39635
21641
21734
2723
13155
50399
16680
62602
53839
2914
37541
36782
56373
69584
50022
71373
73184
53696
12939
9602
89753
91274
15016
34286
70521
67175
70419
53442
94854
92554
50292
57121
36954
65346
15189
2918
322
48028
93094
1533
68546
73028
9602
52150
71094
76811
20386
64782
3967
6048
91231
33139
74670
74440
12864
78895
91952
69752
37079
6057
58592
94951
27020
1477
73007
73102
73562
67479
42084
23004
14937
32251
37457
87186
90915
94617
25033
27874
11830
10020
43169
87289
18836
24469
82076
56628
6557
53059
44683
18208
34239
89548
16376
904
92528
36149
23978
92799
5647
42338
95692
29320
67606
53557
61599
8873
11441
90573
78838
39124
2927
92144
56485
14103
71461
74267
80376
61995
39549
9126
55537
31532
80656
54785
36632
23115
14885
71912
87168
92858
92541
22036
31529
92966
23798
39604
65498
37918
39610
17241
51210
75143
74177
47988
94150
14796
97769
96605
44078
61366
54966
73846
63275
14064
35520
7656
22109
7394
63411
17799
29892
34730
14201
39625
96946
22841
41775
85680
18675
70931
17366
16680
51836
94374
26835
24392
89200
46589
74146
20820
90100
41163
17041
72967
30811
51951
28452
44707
92790
90013
38852
31011
30725
33089
53605
50651
53108
64610
13342
3517
15502
43240
64372
59619
64277
97505
69437
91672
15401
77683
56194
81555
5061
62711
75271
55529
84289
88516
91219
8005
45113
1090
58286
2128
51861
42165
56687
37258
4053
76153
30161
89368
29777
63229
88624
98288
96975
85713
86487
7316
49557
49307
42456
69614
60550
38101
47385
78654
49635
13373
83238
25631
59258
76308
86708
12506
95184
14955
1887
62846
93035
43620
41987
56856
11239
97556
48435
59362
3335
84387
28487
78574
79806
1503
77087
58396
30937
90588
50684
56559
50027
98851
54355
79611
36452
85048
30237
11475
80042
44164
33189
57280
76729
14459
74764
78590
2698
41655
88058
56436
39447
16239
98132
60588
13329
20935
14219
58844
59700
83184
49012
64673
8257
20631
72276
46555
15516
52406
38499
28298
31652
68321
51198
28989
25616
64984
50032
65397
23181
72663
11399
61247
56093
56224
3429
77662
3073
95353
99078
36574
73809
836
51655
43521
87779
4184
77100
83474
22555
23639
80970
68285
36902
29216
26002
93023
2651
56974
62613
18629
93184
88182
9568
27367
4886
81078
45
22416
59671
97137
86121
6465
25865
56864
42843
42082
10559
51613
17108
69454
88603
84714
7147
23974
906
57177
44788
14382
47129
24034
90708
99949
55833
14204
69974
4540
73568
21385
4040
66459
40339
27875
96467
79589
48228
34229
10194
71609
74203
24397
77280
80590
34647
46476
87383
33154
98140
43435
51092
2959
42249
90948
42008
41424
31914
42816
22351
12798
93231
30858
54065
16941
16121
22475
72505
7853
16344
77146
21693
71131
19169
9693
37639
62287
46533
19487
85136
40430
44145
48543
43259
88859
40462
57542
42056
92695
21543
31287
78889
77434
3162
97985
38202
81760
68904
8250
55207
28953
30407
1062
17923
30585
75107
73595
406
23726
84216
93954
2335
66470
88530
43179
49480
16835
70062
74090
95447
82177
11393
89913
66818
34974
4795
46543
48208
85144
96385
9507
10475
45248
26101
90215
43281
29161
36864
20147
28385
16096
3563
4913
13328
28143
93187
21942
49128
1141
68728
19749
91663
23761
56492
84551
20866
43392
12177
42083
79915
49280
2135
51357
35506
57800
97352
87438
54066
65107
26302
25181
75440
92789
32385
11176
35866
87287
86776
48551
39871
61688
46340
18719
45102
23862
77840
39677
15055
54886
43809
27200
90286
66025
79463
15461
21809
8608
28882
27786
69010
31024
47236
74816
16832
73441
75827
56363
61708
79485
17846
76276
55737
35764
44159
84602
40530
42622
93654
4715
61294
71513
44750
58309
29483
90988
86236
92823
93606
62823
56899
97921
33573
16784
45131
74726
23071
943
49682
53474
10835
91789
5638
18665
11895
68633
99684
91486
5983
7922
70420
99879
55529
70038
10120
71982
95262
4151
86844
78467
4745
25211
68801
71227
55144
63617
59691
64282
80614
83145
90705
94696
12275
88022
48390
87580
88315
44599
89222
27740
7128
29551
55132
92128
22618
54116
62662
48094
24295
22834
5916
81276
77263
86234
30417
42201
89323
44443
57949
50584
28456
58347
53247
5972
64882
55849
88091
15526
58434
83316
86916
34018
84361
12467
68649
93511
15942
66638
38753
6691
91530
52766
51215
93982
79347
5655
30993
39605
58112
46691
78579
89128
92296
88331
82701
95347
4050
33545
59209
2189
68729
41629
37298
44804
55932
98668
95356
4155
77401
2985
99492
77327
77075
39843
95772
36083
38895
59531
83497
29973
11348
25826
33643
94986
3847
4046
85791
3625
14082
54762
16360
64848
37766
824
19918
91722
25043
31186
7887
50037
1677
87219
16837
94927
75274
42275
5582
86368
51457
4436
87233
46186
90709
43238
56230
47438
71175
94651
59883
32579
76112
21270
51486
50716
3022
59137
38142
78929
84369
16167
99719
74474
58682
27073
93262
45105
5363
78457
37883
11767
55642
1230
48194
79953
92571
88621
541
96237
10424
96450
91590
2453
39011
65117
72405
15823
47844
4050
13696
32500
87292
51688
55101
60933
90370
82695
76734
16811
85028
64394
30609
20984
40201
22169
12887
89748
66599
13917
99119
32717
83303
71914
65479
41116
94979
8794
54
84879
86146
52220
78599
12532
95588
32988
13145
86998
26516
21631
26592
55280
99554
98264
29572
18446
58521
6615
34915
26028
802
37213
93552
48243
25795
52786
64171
86195
49574
64783
66066
4549
65223
21421
30914
52389
99267
52921
57330
57249
56650
88474
77001
45586
9061
9617
44766
72774
40948
55425
54952
25953
71587
79784
29532
7562
90610
32430
98038
51052
77608
71418
72164
46113
60893
3723
16739
22477
85669
43841
97452
45366
18202
6366
49589
38561
95150
5811
77690
52877
43809
67593
38056
17166
70639
65900
24680
7407
22101
92365
59704
63617
70504
16427
46085
32442
80396
68484
91791
77705
67031
93711
86545
92807
61966
9393
79419
22344
56357
61887
68278
26728
40267
98346
60057
26381
49852
26911
744
56893
81697
50881
12964
10694
31250
9510
14681
84322
16004
17829
63415
78457
86039
32611
40247
46298
73646
24039
87071
25364
75138
13787
31719
22614
54100
67038
98640
46994
41094
21465
86111
59331
6100
19888
92914
38364
17513
39332
73683
61094
23503
66634
51601
35776
5948
62747
8467
85637
94971
49643
6128
36696
15854
36847
13908
74358
27835
58209
8690
14755
53309
51443
23763
68658
85636
21880
30122
67818
88618
76640
45308
91581
30297
18196
67042
11707
68711
7715
93091
1624
47536
27633
77346
77954
37284
45501
46591
74233
11968
7334
10976
46787
9046
20352
79210
38230
26330
32056
82201
86401
59888
67415
55797
81085
61489
6273
58116
84413
96559
67903
83060
65500
63774
71132
83990
76444
35984
54852
95741
35300
3146
84558
1910
71336
3632
48094
62109
29872
56595
19169
37006
371
15117
98845
10672
15164
42344
29474
67635
7308
16005
17369
82281
69922
52547
71341
80869
29887
74136
35054
35557
52478
50887
41274
82829
38111
50178
63157
76024
63961
937
49137
42683
71528
11418
63835
86680
1416
55255
80134
72523
79853
75755
80656
84271
50682
59723
37651
22609
84436
24652
96073
53341
85002
58517
92614
90578
20073
28213
96849
97277
72562
99178
13027
75951
86416
91100
55873
16096
56538
51332
59719
29258
37474
93762
69913
45831
88751
59442
32035
15616
2534
2903
311
93991
16647
77961
32594
77000
20328
3711
75217
79464
59041
63119
80685
66177
55912
76300
49555
25283
96048
19511
91086
41853
3835
56838
89237
23976
27010
32187
21204
55269
35726
44314
11181
29030
49212
7577
57412
54043
66930
15316
5845
83358
20905
39046
42969
46244
44171
1155
30317
71874
40385
48939
39191
27478
81269
61537
86282
67457
9437
57543
19639
18904
87815
65165
27888
58852
22760
51996
67914
72228
14841
40592
55209
22915
36504
93278
80022
38882
4290
78006
80855
94019
25423
42276
8194
80365
44511
11936
31511
78086
69454
80410
6067
4511
68735
71051
5702
12707
73640
50259
91287
10469
68700
34496
53469
1647
82908
48186
40153
86703
54811
74111
54178
31293
28362
46548
60366
5329
67431
80835
92668
82953
99772
99550
1043
79391
81983
63912
3242
58238
41797
8602
42681
25267
41022
70426
79842
36000
30707
38217
77526
53529
58632
31674
33093
80618
46392
96496
4442
76741
41434
70352
87850
65670
43583
19241
64341
57830
7654
62558
40633
9026
35986
70344
23350
31714
38051
56350
23046
34593
88924
6296
72808
1457
53311
62414
2570
7232
85104
11467
98814
68619
89261
7898
3417
74588
96556
72322
48252
41756
85801
72713
45776
81885
62067
83611
80836
16971
24034
90995
6807
27446
76548
97634
68312
74101
88059
94869
22680
96182
62875
75355
31184
45579
49571
85503
41833
57988
32563
32582
71279
21394
82130
50481
22723
41397
29011
45929
57142
93205
59654
79975
37187
32165
13792
45935
14983
45239
99586
88100
27928
61699
33012
77471
95385
9150
1903
85960
29005
68874
86752
85112
59247
61265
59761
2248
47671
8044
78912
68988
61642
75274
45840
20605
32380
86092
35786
86134
95369
30684
60140
92915
20060
80836
70093
81261
1871
90099
46578
98212
77793
53015
21455
38903
91860
21004
20357
20297
21926
83365
44513
41452
80738
26760
51296
97828
31671
53599
92547
48859
95648
88117
98479
61337
83495
22957
17794
85230
42356
89702
73380
76243
55306
48105
1279
38963
67919
54539
1333
41523
84042
53672
5808
35229
6444
34313
26368
26654
85323
33160
60789
39100
76167
71544
41008
6183
51558
20054
11466
36847
74607
58336
69484
66640
66205
58561
33309
60408
65947
88299
67202
59114
75184
95077
1485
52834
57458
13533
79217
54056
86387
48939
25811
84666
76
53333
92555
17603
97063
71921
34798
58161
95943
72806
56157
73901
55077
74707
32828
70737
66694
59291
12145
82144
2577
49440
4618
10541
31107
51638
14330
72415
88040
93567
51694
19095
77250
10770
28614
67012
9458
74186
30403
23627
61657
60969
90408
92137
77675
91638
59124
42380
70777
4433
230
26
71223
93772
31049
39041
44965
47974
9536
90173
12332
67819
88131
53481
16981
58079
17893
45962
5850
21267
61599
24767
72566
63175
26567
62557
38640
54713
14331
56388
4843
54349
8396
34562
95273
99698
61073
95800
63101
81301
14913
74330
61735
57707
92163
54840
66882
53754
76664
14773
66178
49893
22607
38176
67814
69987
11787
90120
88685
47275
7822
5684
28364
3722
32426
18410
27982
83285
26242
37672
82947
15803
43276
94256
71519
97861
76833
21339
62169
33262
78667
69236
84215
22660
5960
70009
18661
53931
53558
88207
58069
7249
84900
24701
56899
78324
87756
79936
50213
490
46400
10530
97998
33171
17093
84889
77050
72842
19083
66242
33047
10051
53563
13672
26589
39050
80939
27027
77619
22214
53408
25807
8426
57289
83167
4084
63191
45660
43240
62893
26601
32290
66607
90605
91832
29092
297
36480
68183
88095
97270
57787
86112
71204
52402
11197
15365
72854
24684
49075
91383
39061
87674
73257
43115
96355
49674
6118
80055
88572
56452
45583
12057
36280
72585
88076
71977
17011
26438
40241
15180
16048
58910
18223
5439
58465
64028
34111
22211
5721
45998
65987
70219
12384
95017
7424
67326
49803
15109
40237
8807
71066
82629
94232
6705
30071
5824
10724
48501
30637
79406
10896
8593
7665
40470
26256
12531
70898
96366
31556
37935
3648
41475
43537
73897
4142
40421
55408
59864
45203
51324
28421
52371
67542
24501
96668
55352
10714
16531
12276
74951
44911
9395
4056
32575
38567
17200
62987
43571
39696
55679
38745
37206
35003
95822
68890
70938
47597
51968
62304
48328
40717
72991
69734
6024
50423
31265
41836
54964
32919
80124
78575
24772
54070
69283
37209
19196
23903
14984
47930
6568
25780
97152
74620
78002
80414
22021
23474
63162
42691
41658
75822
24438
23152
84442
73153
99583
46724
63156
88423
68065
62065
65869
53612
56546
92500
64164
92279
19116
76424
89556
44833
25788
47940
35305
42996
15176
58283
76813
43800
51955
29571
12312
16054
2534
19010
83070
1261
13023
28279
20715
12693
60447
37406
47268
1352
1242
38563
86589
98964
4637
87449
23423
44349
83374
87139
96559
75886
42647
64988
78115
70611
19542
29725
89070
89608
80862
63390
73936
64504
3799
78788
23980
71826
96513
46387
35158
71026
66272
49802
30389
28647
43644
35991
49373
99987
25011
38921
27113
40258
8038
9143
56669
22261
33663
65741
23981
77564
14255
21568
37474
574
49734
63636
47243
81061
31823
6371
82864
49990
55670
4226
76121
18082
53122
4775
69617
43336
82188
30834
4538
98484
700
32966
2251
57750
21996
81471
31380
31918
81538
4425
48235
49096
66828
89121
32058
6970
68995
65687
92082
52603
23335
58202
48987
97039
60071
98486
83201
49062
84663
91750
84508
37627
5243
42611
68994
44416
59288
5742
96581
83547
99622
99010
3605
5151
76913
13428
89056
95549
60732
67686
81972
36339
94766
97085
94610
70102
79232
53165
59770
63048
41500
91371
55836
288
35052
34045
90401
28514
6329
48653
50626
11410
94864
58271
51967
49722
20248
52514
20559
95878
41826
21902
33518
17241
48993
27657
7738
83315
4406
20612
70244
25506
92787
9496
54327
38174
46450
53344
54589
49935
76648
32744
20846
97104
12105
54171
10036
18220
67794
14533
76742
33912
15373
26468
63451
6925
41904
31103
43263
51340
2145
60188
3454
13393
7189
70962
3184
43968
74376
4188
89036
41197
71590
57657
3829
36061
45496
89081
3299
99950
12369
25146
65071
65695
66344
93099
63362
90008
78776
60294
36587
92698
82285
75903
37411
93220
88246
12010
83870
83784
84294
14424
11987
34371
78156
4278
13100
61266
51624
33675
84932
22062
680
32205
70170
81056
10556
73999
1366
32649
16527
85130
79924
1209
11719
26482
44790
49969
35980
46065
20667
63804
34185
78223
90425
21673
46205
55712
35742
50498
70172
18817
29890
11876
67232
78623
78923
34744
22855
30768
51090
55977
48889
46252
41712
88616
89724
21912
28954
28374
45109
67040
2574
16966
97137
69862
25727
88528
83957
92755
89047
34921
91414
53066
22533
15387
55958
83244
19139
13671
89813
86493
26547
98097
20113
63760
54613
6989
64483
531
90079
9893
17511
57225
99500
90642
9709
5858
24013
12858
35764
97299
14286
12372
73118
12634
10880
66598
11420
1704
65330
90551
35676
99080
13389
32173
44304
36295
42764
84037
55578
85471
27925
45771
89483
38031
68446
22003
20258
36508
98650
96428
57488
79555
62288
44308
55702
29522
23274
3017
23658
87117
87922
63239
28616
27196
93870
49951
82367
67980
18444
84849
88617
28361
54423
49344
91532
26831
10113
7123
85960
44482
90002
35019
29444
97715
16805
5677
891
89577
49924
42593
66533
64710
70773
52488
75218
42118
96488
37701
91413
29287
48389
84370
16648
58749
59238
79394
6931
63978
29979
24281
56635
31154
61056
70209
79925
77339
20253
74589
63527
34432
1755
12758
30571
97024
92474
37100
88798
39698
84797
19212
24317
66835
64274
38464
17638
83654
7234
67672
26709
58895
40599
31442
46785
40945
98264
76871
15864
93298
63053
80960
22793
51297
86233
93225
16116
86695
46051
17482
71445
35160
19027
26507
15958
11030
88860
87607
65073
9493
32967
64395
68794
4128
74260
18196
99218
41037
93837
22939
34684
18449
96327
44107
61943
20192
29702
48687
97150
42829
73703
3192
31725
14328
93060
84336
22465
60640
2521
62567
42525
21796
94204
12461
90281
2126
43315
53074
21699
29791
47446
16232
84730
17149
47166
50768
52096
93619
1693
68443
16195
35919
307
80259
75359
34909
54516
79940
88235
34521
4584
38300
6380
17749
93055
35690
51398
88520
38415
39884
90823
70125
51545
61118
28751
33002
29648
57440
19326
84688
53858
81263
85745
70978
73562
54182
18877
26104
62308
25635
96888
5920
25207
4799
47996
99800
8081
65285
90502
33811
69105
18001
87002
70092
80497
68577
52215
30474
42918
70806
21278
85369
6633
29872
58191
73554
95456
38073
2062
92510
39362
20013
731
52203
33114
5261
58324
96725
47536
25216
23333
93704
99590
16683
68261
48354
67863
69764
59307
20993
64454
37817
51689
53898
40108
49659
39350
29936
85581
24515
74165
15888
29484
7474
90438
73750
56122
74082
65310
70334
78188
9982
25227
5648
91034
76491
67677
52701
19715
75404
66604
24622
91186
6358
5381
14612
99552
10337
78322
59823
23831
63349
42168
48638
74691
68861
61381
22781
47973
68599
25370
85274
58010
74791
14398
10373
23898
77874
21962
78587
97373
7652
68814
72199
68344
61682
89006
21392
2917
71061
15405
54767
76899
25081
2107
8385
88324
3526
37017
60433
48920
28220
50190
28985
48483
7550
61260
32917
77236
32362
51289
16194
31901
65274
5979
19887
86
72459
24250
21422
94558
1973
42777
84652
99450
57355
84639
58182
8667
79523
54530
24960
62572
49332
42423
942
42259
19911
99269
47050
82850
13274
40302
18449
88091
81470
50204
27341
10491
90216
74075
29032
75908
71458
10433
50261
84149
96113
99012
30442
17135
6865
78657
11165
47984
68951
99043
38689
9944
98554
92144
5399
53528
64391
79440
70627
69451
30633
98232
16728
84018
93474
24062
60644
32684
465
66719
12377
78611
54375
10076
40901
84678
17686
26629
44190
94412
34284
38797
66350
16692
37402
74454
37842
51230
93119
35885
87217
75257
81892
25597
4017
73112
36352
85038
22603
78020
23988
74913
79770
98826
51156
26498
2417
44480
18988
6833
45099
7983
9905
93550
34381
15732
26247
9386
79786
20846
25573
54408
97048
69049
61164
75641
84176
86945
72627
9617
9228
76339
17063
72509
45038
33849
63761
37384
24613
93477
68468
63335
15894
60343
82434
42474
98958
27508
77484
40846
92173
8686
47057
71699
67636
69256
97547
43242
38820
46232
49588
66898
47905
31713
12676
43096
83340
60643
15301
58816
93028
71177
977
55028
4679
94701
88827
91649
96037
49549
71508
5353
48510
292
65779
52785
36906
79881
8801
98214
12916
96436
19357
20609
50584
81770
93165
47757
98156
75218
74680
31006
40314
90329
33750
11085
3630
5124
91584
97541
31959
55685
38213
72559
45353
1792
90273
27840
901
85860
66448
38154
88350
95547
40772
83344
17195
66611
30407
66834
9508
73781
6537
53882
92333
25139
10516
43556
63037
94573
32059
29267
49830
51181
45732
87396
93553
3290
22761
23346
26508
74202
51704
18786
95547
88680
52265
14683
2672
87178
74346
73467
57323
76082
79864
35523
91825
97726
4630
34649
67235
7736
15940
56931
35986
15398
59862
80772
22513
99752
49598
88079
81876
32729
89328
55136
1147
9630
82986
34958
87762
99143
2329
9952
82350
81199
81265
36314
69202
86720
82271
76283
76186
58460
51833
5971
14663
77716
32867
12211
4896
93789
16191
54370
79512
77639
67020
80355
17264
12730
99654
96831
22224
25752
13888
13616
18702
18501
94769
42909
5596
71489
67507
62824
60905
6588
5380
34024
42747
15310
70890
22919
93729
72503
10705
48917
37384
71019
84984
18703
70101
56459
99413
49824
55419
52645
95736
65357
51274
76952
47992
3906
24109
33373
57310
90093
79468
34939
10533
47522
53060
28588
20494
6381
12940
10009
70547
23163
64149
563
65763
11863
97468
16182
28190
9132
41840
53010
16477
68738
77528
69143
26554
44174
99888
43855
57197
52375
5058
13444
56464
51352
69774
94861
26562
82377
49446
53698
20262
42646
87572
16451
3460
74465
33410
32301
54560
88889
22044
53468
77465
17640
10914
13714
25080
67647
21548
84349
31374
71461
14372
3157
49927
17067
89010
92836
66716
34945
13401
83052
56362
72327
79903
30952
74969
58869
4468
58384
24933
93168
17069
10741
45716
12776
57721
4690
98169
43379
40781
86691
99056
45219
61701
35652
17193
11186
69170
21995
41332
34466
25409
4117
83973
57303
24880
68759
64929
8684
12198
37401
82840
58005
41168
89372
93832
52340
53587
90989
43410
43983
98750
24361
70990
62299
91484
59125
75661
85881
71556
43263
57891
77315
89052
73565
75311
97294
21234
11898
31808
53666
20046
6525
31060
12016
25093
98588
10236
98883
45537
36292
38139
30758
81217
38692
1215
33145
47761
88475
4121
28941
7030
1420
51705
59824
12185
65806
43388
36718
9569
3473
97785
52891
76741
21367
13290
33644
58445
83552
88589
53836
26387
12706
71399
18441
1990
16784
44255
50670
17011
50195
51024
90343
1803
55394
5665
14664
99450
9449
56090
18828
69534
98433
45959
83205
89606
45245
19901
70294
83574
42925
91030
56514
88558
92181
34096
25256
87854
37761
65831
14229
21175
24609
49193
17415
49572
75517
95527
25062
81132
22342
76295
66370
60190
74316
51426
6298
54095
54877
44202
94860
3895
41705
34064
95449
45052
82181
11371
73010
51940
26997
68947
23457
83382
5427
51989
92538
17989
90401
93132
48968
96097
28640
34577
65566
13031
25973
98638
19332
12948
48804
94958
76895
36795
25664
49527
99921
5505
30429
40405
98488
35051
46820
7072
82799
69420
4045
62770
89298
94094
36119
12297
26422
69755
40682
86989
91727
90056
23300
26321
76778
38669
77942
26710
77252
47242
51637
58120
92177
88479
20836
31645
62993
35888
28233
96143
55423
69947
50657
32715
1007
71441
81962
80941
29616
93493
30150
72515
95052
63275
90808
16412
27020
2081
91241
8263
69200
22469
56310
15077
68761
62417
12752
39509
68208
47738
66779
42601
23024
86787
87626
82863
42324
95507
56798
63115
3655
54105
75405
39410
7719
94888
10880
25771
1701
59582
4823
87113
32908
48967
7984
20778
78600
52844
22831
32049
16919
4835
32189
68502
52036
34246
5085
56533
67437
69150
98743
46832
8488
99339
53849
57267
15562
15789
75851
34160
44658
70043
52696
2057
36731
75414
68664
45881
96721
15222
43068
98341
66063
82509
98187
22285
78256
97409
34413
28311
4271
63507
80405
6915
23277
45907
75552
94034
7565
44794
99112
46162
98420
95759
68050
64178
54890
81431
44735
4095
26598
86405
49179
77634
48440
29999
38040
73947
37607
13906
8644
98193
55851
55802
50577
99685
89545
79399
21765
84648
33030
56715
98385
65698
54714
85161
48087
24463
57600
23493
69614
16835
24033
48126
7566
59902
37750
37007
77479
3226
6882
66031
79346
16319
40130
47041
76440
37643
87336
9360
846
26168
37345
92916
14318
94196
1141
31081
63403
48370
44586
27899
95215
29057
5854
24661
95426
88725
33290
65246
4472
14029
90903
24793
53523
85273
3445
94995
19795
82161
9284
71887
43914
4723
23455
24
95699
79831
98210
79714
27935
69440
23077
73674
65761
62868
41897
85871
86157
83346
36258
90629
57372
39639
23431
94106
42235
84475
5117
77287
17382
51717
79245
62240
12856
16231
10634
56883
45999
80798
2428
26513
29876
45455
6951
59752
77211
7559
29827
99174
20348
1625
6325
48480
67583
9408
34192
79370
60552
61558
60393
77997
79083
67450
61107
81253
83696
92597
45592
36835
43771
75521
26643
58580
64244
40674
74173
46069
74190
41521
32928
67694
90616
80460
9303
68113
40519
57196
87360
10543
96651
83329
71645
1451
94207
58924
55394
63658
5588
25466
57755
92786
76558
24821
31991
1135
11298
13177
51461
34025
82569
38973
79338
36635
39784
49965
36702
68918
5893
25938
33605
18368
38842
13669
1095
9927
72266
72690
87307
6008
80857
98122
84164
84546
4480
20263
90364
17170
12013
74624
82962
15220
46124
39651
51577
12236
63736
36828
29092
66870
47559
83067
56221
28803
26683
89947
82026
90652
41136
93480
2715
47606
89940
12391
54193
35315
41519
58547
6712
43258
70976
96749
95032
24474
96148
4033
73612
14732
44352
78895
24076
55241
79274
25296
89665
44981
54637
9368
46840
16967
27648
79481
40269
39368
9613
88428
30427
99635
506
39564
35169
30800
96157
63529
96071
47265
61941
97485
52896
67410
13557
4256
14311
22180
55341
9796
67666
91334
72063
74387
54589
56691
4717
76991
2599
73301
5180
83421
68824
60898
89982
55913
88063
49481
73363
93549
60533
49176
43339
23642
59583
21984
415
42873
81215
22369
58129
81073
83029
3438
20106
68554
27985
70591
19605
75851
92373
33167
71120
75061
77626
21976
613
48465
99287
47489
8526
79384
93380
11211
96773
58121
96023
11205
61737
64406
74277
86294
87894
28400
15927
47873
8574
66031
64202
8552
29550
7718
12083
45619
73111
14023
37498
13190
97203
90164
48270
68893
71925
16641
64268
44452
79660
96391
10963
39501
13008
44026
86812
1960
42268
15539
91194
90410
29560
63078
82
20194
79627
92808
36567
17190
57645
33105
912
12274
36185
96135
8108
32232
20891
72120
5832
57170
34656
84734
18351
91753
10568
93832
12573
74400
35137
83860
436
22225
4163
13929
4769
87986
72029
52662
40923
67391
7904
15883
61723
84507
38667
31099
81710
64864
1914
2956
41160
91256
31256
9290
34715
59577
26989
56051
77598
943
92063
64354
10065
24265
39960
34798
79406
49117
59428
19391
54536
108
86729
67680
28833
84711
34750
63695
81023
36419
6890
19962
52753
98197
3626
12590
10502
28640
91171
8663
21771
18750
30447
51904
81289
49281
34844
23583
52192
19453
25873
908
20019
11628
97482
94479
43111
60287
85962
17097
93882
66005
90405
34452
33009
32166
57300
68000
64467
60672
95687
32847
9080
99255
79249
16553
81391
54378
66917
30774
52041
13841
68966
64970
18394
25762
3532
84302
4876
5037
2676
53298
80441
70126
58413
19938
675
56576
80761
66967
52676
38172
39045
12741
38502
8194
30394
538
74157
25164
91034
72776
13053
76380
76669
77879
51575
23906
34291
62985
9198
48720
77251
57261
20968
36624
95955
96910
35530
86187
68017
47515
95219
81123
33092
41442
45997
55282
21156
69547
71991
85081
64936
14820
36268
57236
14479
19156
44457
32384
86186
51060
94438
13910
54026
81879
27218
82482
59649
65381
44029
82238
41721
36120
11912
69483
35497
93159
17135
67997
23607
53224
66746
20452
84239
69591
46326
30870
59739
13353
43198
9711
74102
25581
36043
74293
40229
48654
90019
92874
66572
18087
98313
59572
68321
47017
39446
2796
32813
85488
46053
35586
80492
77102
12585
70836
46761
49686
13583
82532
32515
5539
99226
91021
99003
37926
56309
94059
45588
13293
7903
40176
44879
29765
29034
65324
89721
45923
64548
56204
73040
57334
18115
22115
26834
81233
54083
80179
35733
87865
22000
99066
19955
10720
54230
52831
39579
10374
6179
88753
24577
24502
77568
21500
74883
75795
17168
21347
88375
88111
52143
81297
85868
55783
38762
65668
59158
58152
99997
19502
43531
2706
84490
53549
36041
91717
57462
28207
37529
45931
40772
68569
12357
22826
29068
16355
57938
82039
24296
33005
52233
84019
45894
72035
28811
98629
65950
62429
88367
98304
41162
14474
51911
91868
81769
45379
14440
77628
95539
66845
45334
98731
39296
76780
4544
13102
73708
86830
6278
78100
46514
24326
6173
43367
256
28221
73416
83215
84458
93972
93888
24101
1755
34427
77495
29874
45108
96643
24860
65890
65180
13222
89128
68630
63605
94799
16518
30349
70710
56627
53671
6999
17232
61636
45981
71468
43511
49612
14318
11635
73639
21295
76631
8155
32555
46084
41846
6686
78414
40257
64569
39111
61320
80867
22625
61626
51102
3878
43316
88464
92325
12927
63659
85168
7662
22037
19263
24474
66321
24683
17385
98390
45173
40701
43582
5231
62407
20790
66619
99295
21261
73602
8097
81879
40132
92192
44419
50483
2906
37120
47377
39916
95601
37243
10092
20147
86600
42613
61326
98511
93507
45717
2016
32123
97509
33002
13685
18960
18300
74226
6848
30703
48855
38648
67860
46700
73925
66846
10723
61354
48409
8951
64970
98439
99229
84422
967
40452
78108
43297
36469
55193
25259
50285
5854
36012
19011
36695
52975
17199
58008
84941
22040
92318
28133
55884
35625
48821
91038
88513
14104
29175
62833
9208
60593
45755
86733
7249
87239
37983
52577
10931
89962
48277
17749
11682
18303
47307
74223
35565
47130
88321
90272
52164
92567
9207
17564
76591
62787
91371
80055
15949
17569
35425
37146
14159
12673
65653
48901
98351
80091
34178
89782
48005
30560
31477
26418
4911
63283
97645
74138
69495
85123
76628
84267
51841
38064
34220
1945
49393
48927
66178
6345
72534
98201
73767
43281
55471
65499
60700
76853
50044
99843
67161
73619
14521
15704
55458
39077
1810
52194
23
21427
32370
6296
23592
25256
63508
86322
20402
48158
99448
65774
44824
50674
54497
85851
23892
37488
44794
3314
98167
20190
56669
60997
45025
35525
57764
23556
96507
81848
22887
30604
39394
18212
49648
94976
46572
14849
62989
96040
56599
7992
88511
81148
37685
98003
50300
95586
42308
27502
64670
38777
16975
97107
79416
43278
42366
93488
27027
44912
62584
590
54225
99141
59282
5478
3967
29556
12875
77869
80456
62542
96189
74455
6485
84461
87296
93425
80582
34190
1603
34138
34228
79040
35672
25663
32727
35464
38697
60468
70362
80689
72862
33249
31225
23311
44868
66962
31816
5076
60751
61581
39094
86255
46389
43111
24107
55155
27521
59965
8121
48724
94916
84791
4798
85167
92732
64242
90741
16694
53584
6402
4979
18226
39624
64975
83877
433
33321
39402
30038
1518
89537
1941
47461
4387
47644
67836
50195
92764
20491
76322
27857
79883
21401
80811
11801
91743
12769
41078
54157
20849
59650
33900
77688
51096
6101
71822
11048
24844
37446
57947
56330
87953
36361
63424
34957
64531
73323
7940
14709
59586
57642
41742
36648
87897
82610
52355
7185
47509
56111
93221
22016
10793
64399
75370
74910
55022
67312
25192
69614
67976
28244
18956
29381
56544
89408
37249
95033
64326
64277
10051
22956
66424
61469
16011
35781
41845
86744
20534
28225
32452
57078
49196
61392
76770
19820
89951
54170
43474
23966
31580
61367
27483
97997
11404
49343
94022
302
65091
90288
61317
15369
46211
45334
956
67024
83150
97444
6335
16491
24890
92338
71656
98913
50144
96233
64441
6935
1937
58795
40815
94019
94485
20427
73947
33233
78117
8753
26970
23574
66171
6931
75241
34570
58927
95840
40506
44783
51156
14557
66421
82054
17252
23372
62978
6542
13001
93116
99058
46334
34385
90485
6606
66542
90851
70529
62150
94682
95240
17404
96118
35049
72028
91267
58277
14690
84051
9197
43285
73628
47613
62523
86889
97639
85187
75090
709
77452
97983
31506
35906
88745
63724
59263
45055
13504
12828
46918
14224
34426
43402
69481
82657
80866
44619
38082
70045
51680
45828
75505
73486
79700
91370
41453
52892
7987
17296
51898
98418
83718
47431
89078
91186
31902
32623
47763
17857
73753
45045
16368
9147
97281
79635
49759
14078
83493
8332
60546
56165
60912
74595
64969
70803
43115
95440
18512
79596
73400
45821
23701
8283
75973
35835
40622
91472
39832
17063
85998
24859
87549
43648
27402
33076
45523
36605
4002
38814
29915
47039
67798
2908
51890
32562
25879
19600
99095
86943
1149
30218
61214
51135
98539
65487
7429
40719
45263
28321
81476
22752
67392
53712
74993
38018
91215
45840
35838
22618
74199
40400
90420
82339
37685
84606
49699
79042
39288
91459
66429
60377
96222
55079
46104
34801
79462
70091
77347
73706
27141
64137
88617
87338
31635
58630
86785
71440
63796
31096
34167
36809
66143
36777
69637
34568
21888
39537
72027
99205
25303
88407
6082
70152
59459
65261
36
93230
22450
58513
9295
82287
65699
17031
60263
25520
80034
17067
39707
70454
1540
10651
90433
19815
838
40860
81241
57628
71428
82633
77698
62102
92431
13369
27677
98544
17893
9694
32338
64787
79824
69998
54374
36539
16722
28037
50529
56249
28161
13589
67311
50722
13244
42582
55374
46723
89085
50183
36915
29166
92660
21148
15635
31556
4805
21880
54331
28534
78172
86093
28707
413
22835
14514
81713
64835
76076
3419
30945
52066
22405
86735
2114
24857
1031
4728
12095
18302
39187
98714
43970
79317
21036
38392
78733
64874
59645
35935
29517
61718
27370
262
85240
87678
54137
14399
749
93399
4899
51480
90623
92874
39157
62068
38119
8142
19611
38950
6842
79618
63056
87385
11673
6655
93533
24388
91668
51959
744
12370
43555
15293
31572
57996
75207
42804
82495
39862
47534
67409
73528
26093
39712
9035
22844
23476
37124
56346
55366
4816
17239
55510
20341
21914
36971
13537
12380
72845
44228
99215
75336
29926
18278
74489
61605
26086
62325
24981
43664
71078
81462
33923
16418
45734
27510
38334
14290
41158
54994
36130
71063
77739
27945
71111
25036
17620
89078
23142
35216
39510
6672
16848
43671
17086
11241
67739
72004
96656
51522
31667
83954
50495
91242
62298
49884
54973
51132
74188
20454
83449
4302
42533
44049
85679
38764
61822
85750
16079
80515
68916
77992
48611
13625
81373
79520
14603
87199
4073
6556
56697
13973
58011
67096
74008
73465
99172
49303
1756
28323
87578
61239
68969
86711
63945
23721
65461
67132
178
75789
99596
58934
63283
70844
79255
41502
35402
73680
83659
50883
75706
94761
16369
81023
59798
61747
4259
23418
24882
45264
3459
320
12514
53025
13113
76010
5428
41146
22202
17431
18135
99400
25777
72524
46321
10297
28128
5034
38393
55079
27178
78151
82588
91636
96861
75538
88515
33457
64916
58241
63035
93992
17040
13510
54033
57666
32156
88200
81869
20074
4650
5600
44177
9723
7286
35793
416
91962
6694
18386
45278
47588
31012
28596
57284
72793
17730
35858
54658
44345
39085
53844
90575
56935
65773
84074
50044
52826
26489
17806
70744
60970
39222
34599
23351
21887
3676
16861
80037
41540
17591
96708
8024
89971
73243
84897
87811
16841
41885
57054
67900
26916
20841
5678
23136
1757
81266
98817
88030
17674
62191
91136
85064
77186
45472
23709
15634
64356
71648
77945
94823
43165
13944
25821
68259
44061
14044
89473
55564
50618
549
8514
5239
99339
80547
67841
51544
37163
99186
88104
52023
28019
39761
39183
49300
30182
67344
28061
22733
13729
28923
21109
65386
54722
61697
89972
44176
84135
12864
40937
35360
61927
21745
76144
26393
65581
71799
29979
97895
92212
6284
89876
85670
7961
1468
70940
76282
15649
28261
67021
40865
48543
29955
16070
88289
83596
43847
25123
98767
78279
18159
79881
73386
38432
11641
85886
40986
79531
26597
44745
53586
14671
95251
24686
73551
98829
44406
63922
65419
26713
39312
79501
4051
38933
83172
5708
37496
42174
57191
17541
70614
94659
53453
86608
37057
52125
7599
39956
54957
65500
40868
56674
69875
37472
6244
86868
76485
43846
405
53228
69258
24417
45763
31968
78784
56328
67274
43735
74492
72792
13871
98563
19518
35041
23319
18470
75270
84631
7306
95731
23089
87937
89043
218
31557
35791
85137
80970
62880
60706
81329
16330
13197
23359
3329
79896
95642
66936
44420
94725
67837
7847
36380
87137
81588
82827
10019
2426
58140
6186
37373
15127
62005
42240
57138
72858
60998
69215
40334
52458
57248
93690
98554
27346
21946
9433
95515
10675
92994
64170
18300
90961
60376
74286
66142
68032
39947
75131
61226
67574
63853
93710
51505
30700
91900
72882
26985
12914
94384
83524
9537
64965
7554
2219
7414
37420
8321
18996
50639
87252
91831
53890
60709
6547
28414
11395
85224
89984
64565
12451
67693
53868
8110
61078
80473
10244
45705
35483
23096
64194
24076
42284
83925
95500
53065
38776
15222
14697
74021
34818
67737
89142
59307
25082
21633
73402
20002
34575
3149
18241
89905
42182
26272
79149
69081
32165
97759
4810
71186
60858
4321
67829
76275
57084
81396
6833
70686
63879
74598
74872
14986
7765
68136
48514
29040
32681
14118
62271
85028
62702
34000
45814
8030
71951
87497
87807
29088
31402
56208
42663
34771
38639
67560
90475
46085
85811
19312
60248
57374
46703
96870
10013
63020
15575
33648
40457
34630
49657
85518
23559
90499
70314
94051
53104
19401
84762
32154
73524
56579
23200
57060
55386
57258
40642
91229
71050
16327
20327
97972
17878
53957
2611
34116
87284
82152
87960
41500
83324
82809
60295
25490
54303
61830
54762
59361
95517
56762
39674
5041
32986
19360
90704
56307
31998
17296
76941
40604
85804
36913
40030
81884
32777
59254
92526
61211
12980
78688
55806
86244
2671
18229
89375
83949
55405
19743
40060
26289
96249
91163
13407
96225
29389
49167
73231
81652
791
52807
39728
97225
39545
8415
8266
75237
89578
35922
53452
99376
86963
99601
81795
60882
78091
64765
46000
29831
91051
21794
85412
29769
39355
48490
6201
81646
90593
5925
8415
24915
10946
25558
41866
99847
97537
58452
79952
72060
36462
5544
55819
68381
75927
41313
19261
16214
47272
18408
11787
26496
72400
72521
48025
89788
44738
96033
24519
69440
54432
44721
22727
80957
89089
72883
12132
57026
64778
99643
19885
21810
36549
71092
10872
96629
15194
53026
93960
27154
66547
42940
76912
28126
65668
44143
19729
86694
50370
55705
20517
24276
88677
23077
60103
90288
64360
38317
28426
86059
2834
27913
32483
73659
94987
13191
939
90212
48317
48545
45391
38560
93279
95609
87004
99511
56700
53201
76073
19332
81052
1350
22266
94233
78898
27369
10829
11565
1811
25328
68880
27113
1809
88772
3927
8838
33286
86278
79941
27873
31011
3508
14421
93433
1241
67852
75615
21510
91024
44056
18136
56642
96993
86291
10306
15875
14282
27365
32303
29773
37874
25631
75818
84768
57538
48463
75843
4318
27199
52578
78088
17663
81703
11572
36120
86956
2416
42047
44944
63607
84864
59367
72905
47051
21177
87472
25424
13510
62053
30441
21705
2731
90595
96523
98945
79946
52852
24987
50898
77292
73661
9271
26679
18329
52127
91482
92778
72504
6666
32951
1924
45847
33512
77568
85341
21905
59527
54495
84192
47939
99780
21848
58642
52540
42239
17452
85631
96950
9444
44064
95145
11811
89456
29735
80527
37101
76205
64954
64578
60565
14494
97041
30258
15983
19146
1294
35044
7056
62356
52134
17080
36220
21541
36209
54238
96469
81791
19223
84549
84643
51922
87576
29700
50654
31006
31961
68759
16739
64531
30185
39232
80178
51031
95658
64451
15225
43859
90551
78826
59287
38639
32402
2905
86958
3466
26763
85522
25227
53862
37531
28813
76349
27370
46351
93364
33456
30729
81079
26300
83294
65613
98513
50869
51427
14349
97471
87293
83355
88994
89248
57926
29012
50042
2303
54762
6909
73659
91004
81113
78239
87621
80848
54019
44214
87822
20793
92438
90887
74656
86451
48598
81155
71389
62227
63367
95381
78393
74486
3057
62274
19587
60373
71204
42018
10325
78336
61854
29247
21390
26819
70361
2762
37186
19291
59589
99559
75118
25047
43343
13801
4079
32165
4423
67649
60105
61606
30196
79053
29964
24605
80867
41343
358
57228
7821
73158
65796
93012
83756
13136
90443
15458
17389
31280
2591
68310
52394
44187
11713
62343
20248
93135
11286
7689
65615
85818
67305
26115
20854
24276
1438
93688
43507
60434
52576
62208
21635
27600
9817
97747
90278
88000
86680
82281
23533
1882
2636
23331
71166
46081
65649
14889
22028
12519
69464
62478
94623
54630
41370
29835
83663
60150
26819
73963
87836
74194
58800
18795
43364
13261
77103
76027
70274
7907
46325
69028
28503
25315
16866
4929
13879
58638
93952
11948
89861
91235
90760
7471
42368
12235
46423
38394
11655
1444
58858
68425
56778
47362
45267
90124
79694
38660
67290
63940
2170
80522
80916
22074
90675
11262
52198
16190
90539
59115
97784
83647
29171
44275
80903
60662
49484
73899
75368
74758
83677
78163
37139
42381
58302
886
51103
22969
70027
67157
32317
44502
18218
11168
68360
97496
18737
83285
23788
60047
62189
20784
12274
24211
86914
52246
81287
42701
63860
98639
39746
38466
71916
64908
77520
1727
66788
41166
61956
1265
70
65174
33679
12785
36415
53196
62427
58574
86811
30711
40217
48138
89491
57244
64965
57006
90610
25348
63786
35304
81757
5646
13514
83072
29969
48680
9595
5574
42722
46344
52466
41186
514
43792
19293
7138
29587
26692
48938
71646
41195
84533
83806
7019
27265
44779
33327
20663
38035
7636
45991
33996
37206
95908
33611
2723
16582
22163
7541
78168
97121
62701
75700
34723
95887
77318
59991
88512
68802
79785
42434
7149
27058
79637
84822
66160
37649
55023
51639
3629
58192
60414
45076
26736
26453
95608
59583
95054
57401
22408
60560
56159
79961
26322
88326
56273
29926
30389
54865
27102
1763
59484
93933
93079
26685
99292
18878
7890
53278
44022
58232
5091
35717
13832
37549
21524
18846
61752
54032
92967
92501
73945
60685
2267
15007
19712
84909
77767
8573
46709
29658
14488
19718
33147
99054
2938
12996
62932
34755
48841
96235
35564
66879
27102
21167
54966
65937
43438
78536
84446
14055
74717
44137
24614
67496
91101
80310
68267
9536
99132
80011
35017
21735
12197
89578
41469
26598
35486
75990
44338
9664
74345
17235
24411
44787
68064
11918
17546
11810
63460
6197
18938
31059
91263
56793
28450
47098
75085
28996
81272
52610
33027
70683
17665
70032
30712
17134
16219
17441
68646
20145
63933
78981
18148
49100
71744
30701
78526
7069
5543
54999
87969
49870
53190
26428
92727
95103
67657
22369
52984
68091
94138
98890
61237
98889
12303
32576
30849
43208
3345
74499
94854
30197
39915
34501
90360
1457
95630
55257
86276
81262
29061
94405
13031
15663
28562
44228
98512
35290
77705
67671
36177
53634
76017
45175
88163
35683
87134
72184
7833
2773
92280
51612
63521
71106
78314
35944
15219
56051
97141
42012
28653
27096
1468
52188
27730
86173
57781
40460
35328
15045
21495
50537
37424
1765
45223
33313
25498
33057
16224
13847
29471
94923
51732
15518
19671
46246
74814
23262
52923
63921
81644
37494
44978
5119
25791
32521
73624
23324
32140
82332
30750
39793
43115
92605
71296
61417
49006
50688
14350
55180
89419
17924
71483
53658
44844
68841
22403
44665
54346
91898
1670
65535
91614
7549
96295
29014
53536
93979
61273
42850
91650
2502
64342
57962
32498
20298
8895
62068
62002
34984
61720
5179
24366
60267
47047
26248
41881
60937
77089
37555
88002
20353
98891
97134
92724
52871
30455
88034
49015
72066
9900
32739
36275
80026
58737
4060
38699
90789
15225
66911
12389
26087
6602
62638
54357
34605
66761
42032
12359
17509
20250
75653
87633
63157
10812
4580
58368
60797
79953
96299
67548
26150
89082
37042
70029
76994
78772
40480
11538
39614
70937
40750
83753
33406
61319
41654
39275
62996
26610
37127
16062
98275
69396
32816
39946
21014
95567
28218
34517
61894
25782
79548
50649
61501
77913
98022
27498
73841
17914
61059
69479
40070
24630
24004
24439
75764
87777
32159
21882
94778
58171
32507
44255
66262
39320
41980
37960
24645
18161
66774
635
23138
44418
48349
62287
21684
34480
72878
83134
95100
42388
22804
89305
35685
65876
77614
89553
45873
31870
12016
95280
55454
31141
82834
71909
54673
17642
71423
79330
14846
13566
84197
9807
38559
34481
47056
77747
20403
51848
44223
98071
13349
47786
24589
41241
98689
49014
2477
67237
88234
75460
56397
20341
22991
9443
13051
13230
86086
84170
85188
73804
54016
69240
68394
62052
45781
26550
22013
22830
81575
70794
83523
44457
7575
293
39607
56342
13524
49393
48531
19666
84501
216
73380
68379
47983
35708
42074
71339
69453
27000
50741
56351
93272
47442
83269
92133
71224
7677
95874
53182
29662
30772
97596
43888
48863
52264
24256
33977
42726
31167
29204
28142
10641
86626
35910
50382
26149
52689
17291
32634
28969
54303
20285
73932
45876
25464
27834
16528
3184
67931
82464
81354
20957
61884
55243
76467
97223
16756
63571
70987
21140
53040
18344
9602
21648
80547
16248
75896
28647
90566
20526
39495
98821
39247
9118
58675
38308
56150
58824
91942
76175
5085
25538
38618
89253
79686
52411
77573
41368
92876
78129
13125
66809
13523
59475
6411
61857
39923
84726
26710
74854
53602
32268
6585
81560
99180
64423
56397
85277
21785
13034
28454
79550
20518
99311
99537
11121
16059
61554
59861
1578
84767
20708
59229
42763
28939
53113
5494
40268
50795
71174
14843
23651
83930
33465
11707
96216
41130
17474
15188
33047
62401
97114
31627
7601
84738
28691
50521
763
19311
31608
286
39497
54988
47017
56579
99027
64448
12446
54123
86054
62185
84401
83627
57425
14504
45102
44136
26523
64837
44059
424
71887
74256
44215
34720
23286
4261
84813
75272
91523
11692
38563
38910
7262
18957
53459
55081
29214
61944
55074
6462
41142
78459
52487
74044
90037
70187
38203
58349
76714
33329
33152
24599
3546
61689
92088
67377
35399
48969
43752
75275
47630
63432
69729
21649
62596
19214
16984
3832
81486
61616
77320
71950
78794
27566
13078
93383
25691
61478
86783
95638
9810
80743
89759
28689
32912
2729
99304
82578
72961
50843
63266
81046
73328
26383
24203
54689
17720
87608
11374
3779
46383
70526
51939
98366
32192
14265
78562
4526
54656
47706
50394
21858
84440
12451
9274
36505
99364
40419
96300
27046
99187
51602
14671
42618
21161
32439
68679
98673
85057
81276
83702
85004
84957
23522
26203
2695
9852
80424
41890
62031
17698
88879
84666
31234
71485
35812
34192
56036
82459
6783
16386
73803
37857
11120
17406
79820
33701
88793
62654
96457
31052
80205
72044
27839
54264
42581
95964
29718
34503
17251
64889
79604
44168
38314
64680
51176
33821
30398
3384
50818
55173
73841
17746
21067
73009
69082
7646
13533
13084
11712
7901
45290
29594
3053
20144
81595
63095
96426
15863
63944
90150
25602
13341
56583
92599
85908
40238
95232
22934
32047
81561
85910
13359
89447
50749
37949
21267
69559
55161
42849
27922
5685
93052
8254
3589
96813
53449
26760
72625
56788
4405
67875
41964
27665
78650
18332
24982
46488
25005
13198
1756
16149
11540
59595
95740
38059
69816
44030
5344
13730
20936
80416
96745
44536
13015
15884
98541
16239
76068
76065
23187
90379
62807
68217
57989
32082
21867
78439
40489
41669
92473
10136
19522
71970
52300
93321
96405
26235
7031
35326
64854
96251
16483
70835
69068
41230
54231
94400
32961
83720
13490
93991
41806
78668
7382
25695
65239
84272
82223
96592
1476
52199
41970
15857
51850
80421
77573
7917
63404
31859
91650
85805
32370
52764
59372
25573
87945
92569
30435
59670
29293
73913
37678
34809
57128
63579
98148
23432
42388
74736
99820
38865
5346
63232
7427
93535
87116
9535
99133
95786
94354
60298
58109
8865
59913
83806
71800
73169
6689
84015
65030
44034
61901
64985
28740
71380
38611
20490
57054
33997
9861
57457
77091
78348
40315
80488
18411
69112
8619
39141
32495
73108
35170
17649
20677
64345
77782
2596
39927
62476
95638
35126
98045
27471
4029
31582
8044
63898
70442
26707
97100
91244
80038
99510
23499
30588
35843
16304
51224
14896
17684
12653
18999
31788
22639
45122
84568
61748
28042
82675
77310
74643
78651
48360
28873
45514
21958
87349
41910
83828
95266
83303
74767
3844
20820
38336
76076
75626
38470
12808
12294
5542
49758
32213
46847
6834
64188
56308
96525
2693
43811
65373
19289
17232
29016
97881
57633
30497
79054
3124
4149
82754
47461
52277
25894
1033
38982
7847
4668
65043
4284
39291
62087
43303
77428
24016
17450
39612
25976
27280
99864
83247
51249
78209
43119
20828
4822
41420
55306
85380
49930
58019
42068
1645
9554
27371
17794
52293
41137
56382
74125
58103
51122
36153
86432
81660
71438
75230
40168
70422
57615
99684
13314
55354
39983
79975
34565
89937
18851
50996
60407
53647
45988
81707
72842
62974
135
11837
85122
78768
12930
39955
86141
78378
12442
9121
38358
90886
46838
82188
71418
62043
61103
57515
62956
52776
68075
21093
45898
5794
99710
64889
66740
12692
25957
60650
41707
83978
68141
33708
45134
16452
89571
69259
27693
87086
86865
73269
83710
68044
94409
24960
43860
16266
72011
97883
57023
2565
51804
36409
8290
80914
17566
39305
23654
69545
9999
63672
41736
42493
84941
68159
64949
83258
11085
51258
28740
48616
62768
91313
21685
39659
44149
22644
76610
74053
68404
23857
19974
3744
84703
26261
33468
77725
86128
23243
57468
97055
67350
61507
81120
80941
16839
71614
41987
97097
96091
22906
22501
86106
59721
30091
64132
81006
26174
63359
48723
43753
26732
16019
11564
11905
420
73637
72568
79614
92382
35472
68268
20605
31334
82380
85472
47864
34003
49774
24451
55859
23097
71039
96397
51351
41439
85542
30062
94479
14052
51220
79289
20736
29002
56883
20920
20447
89335
87487
32215
97948
95951
51969
44120
39539
12346
80900
43263
61190
3890
26890
47458
15122
51355
93722
9892
17380
96334
73678
52008
76521
46411
53360
14230
53913
11829
90476
6831
88584
36400
51554
59430
8547
41228
61083
93908
33150
2009
45560
17056
35055
62235
52168
41836
82843
39962
59666
33363
2789
54679
57144
27237
72209
86062
35218
24765
50046
56013
74285
79562
60497
9049
81298
43886
73990
57973
48289
15955
35371
74170
65737
62954
72316
97549
5811
76860
83464
51184
24538
9518
8707
44046
61473
49134
62630
49643
31623
31243
66907
42657
56954
97095
78950
3314
44175
4702
9543
89184
90890
26454
68718
46396
72845
11140
75966
66358
2383
58150
26988
12762
30992
66989
74031
23655
64866
23408
30146
42145
41399
29110
9597
23862
23231
29542
51631
46526
84060
89262
1183
45655
21734
90641
46302
76901
68725
54444
89237
30781
72599
24573
80105
69353
54187
50235
40419
89081
63871
46678
83462
43218
16212
85941
2567
41412
22876
83566
18189
81604
53657
57467
76376
37793
27698
89616
98051
97245
46589
29602
95726
63142
75474
48840
24196
5433
60971
54024
69220
1843
35477
55939
37169
81931
97756
91377
49071
10439
85325
5111
67854
48806
93909
36174
34221
57923
77515
48101
53256
85014
40768
91445
58324
31013
82476
32207
53119
6527
48584
44293
35759
75185
90201
82791
41345
41713
47243
12803
76412
69978
15960
26557
96622
41505
77631
36359
62426
44040
30653
15449
28584
59951
55035
19646
92559
29827
28615
71932
82945
88601
34101
48847
11383
57153
58020
45577
98520
75168
92675
47445
53039
83202
91649
99193
61669
13914
80748
47398
31956
60470
66547
12596
11674
22692
7215
66023
60455
40668
89690
37530
93774
45983
99462
93629
50710
32335
52392
66480
33243
39705
32254
54976
83538
32818
22687
85311
52321
34674
53124
22805
46199
39998
11540
6449
42252
42231
53984
19975
47972
54381
26982
55596
73816
73883
87126
22843
22212
23417
17227
58414
80415
30266
41759
62194
43151
31618
25351
82653
13457
27138
91661
85910
38330
70791
36765
60860
30749
63186
60507
40439
34046
50922
34616
26123
1307
50478
82519
41363
86762
13923
25063
7252
45639
87763
76093
30130
43146
8638
33645
69475
53288
90771
46419
21902
12084
85349
5241
92875
90896
21842
74587
11999
90050
10368
87246
31154
83884
78912
72451
62313
42198
1371
17142
34164
95158
30581
89875
65693
50700
48509
27418
99473
30772
59874
97829
24797
69515
76932
1686
42126
61872
26136
72765
49924
39583
32056
33348
85861
13632
93084
38676
82809
30288
83789
91767
83988
96907
68870
60165
36079
56083
80855
93586
96180
19390
94068
28737
57002
92494
47827
7692
96453
4059
78880
21524
45576
27987
31170
98182
61649
21693
86971
67165
47463
53814
5577
20358
32844
37879
35567
91521
44637
99539
94476
20662
74937
16811
19145
14784
24526
17564
61674
22026
83400
5841
98834
49840
48456
19990
32600
22545
50073
41428
38159
24867
8061
63474
91729
21917
67193
13883
27122
28580
82463
64994
53729
5774
29939
43213
5582
20029
45366
60850
89425
48305
17973
33063
7366
87097
21367
21071
46670
15086
17802
52743
32939
87004
69764
49138
51026
77105
25180
67109
67857
63066
85452
84003
56312
58022
52355
85713
18975
73504
60505
24610
41318
73310
15604
81442
38135
27591
91033
18103
46583
50032
58976
9976
62642
28794
96239
70867
27232
70454
89821
6519
34654
27532
95543
12888
53969
39384
55478
34413
67917
55924
13700
60990
42606
57198
66133
21232
49523
73105
50685
16408
66104
36337
10671
20895
6213
46886
20473
38808
80978
70574
95284
21530
42929
50995
18902
33184
84133
44206
73063
17908
16941
56919
89907
35812
94501
12319
24956
4900
80293
46088
54702
26441
14675
30591
2139
5658
93106
58056
88808
46555
94803
71647
77967
56017
44066
75784
95688
96044
502
2910
82001
25382
22012
58069
7602
80902
12310
47968
13368
80986
99960
42256
75258
7780
30312
48318
46202
52825
8763
74633
89514
69317
44946
39035
43295
29933
6296
38894
5914
53639
82561
85356
71672
97255
49215
4095
48800
12051
80677
5227
30966
90636
29540
74384
39344
38054
9126
5996
85968
73679
43002
75523
34857
31340
35394
47032
47413
36495
7227
16230
43695
37505
60066
55897
24421
75277
19983
93763
91362
14207
37878
22843
568
86374
62999
59328
3629
42301
99142
74191
6633
15813
76344
11098
58235
39871
21095
30672
53203
91903
23402
73406
8399
81720
72832
12903
99040
32854
75831
52188
99998
29598
71128
28865
9410
99867
45314
90960
17280
81861
36001
94862
79291
42203
75936
36829
93972
21946
66579
74793
44926
76490
28859
54604
60548
96045
8381
4160
52525
57758
31232
68871
76240
13289
19801
20699
97794
42375
96865
60191
89286
60566
10832
67849
28375
48628
49870
13605
54474
70456
45654
85307
44318
4814
98953
44533
47228
29023
54525
52928
76118
35552
16154
10266
23025
40168
89026
31171
77969
59556
15458
26587
26084
92381
45221
55778
19188
35741
51158
12154
41286
83500
31121
71717
51008
97045
43126
87646
35699
5365
20016
42288
70533
83365
72107
47569
91366
83547
17814
15112
55413
15551
45930
68354
99578
82424
85199
23135
53828
20520
75292
58067
65062
4058
98214
25231
13325
85877
50438
74322
11124
31533
2140
91778
84703
41093
75112
91775
30356
57156
32440
96443
39964
52761
27793
78198
821
88277
66598
54668
82088
6174
19810
81217
95434
72727
88722
26509
36673
40832
73537
13661
73607
53702
49601
91223
45665
74672
76316
17495
12848
11152
92466
95958
64208
28835
72103
24628
62963
72590
55654
22290
12084
75139
48588
53384
97137
65008
18385
18406
30136
31326
4931
8811
67942
16884
27409
70391
57812
10988
31514
22062
21085
33298
68221
38665
50221
41295
89481
53448
34269
70197
57535
21723
70107
18176
90158
19867
24774
49577
60128
89659
11402
49099
97818
43623
4558
45484
14005
35427
96674
68
22872
58547
99861
43908
80763
36925
42047
59532
80729
29710
82450
20805
64161
55247
93421
55587
85962
2253
77847
19134
15553
66562
94419
40334
29057
7887
36145
33024
52730
2132
37622
77215
79166
98742
41037
9829
23299
94710
44300
56707
63261
91859
7182
85304
91669
89448
38652
33600
43566
25389
51033
28406
74909
49888
69989
88711
48370
50880
3547
24051
818