1386
1831
537
1209
21
1577
1804
1718
531
537
618
132
1987
435
1923
315
1982
35
1744
1210
1997
761
485
26
935
1351
517
246
1163
1474
44
744
1050
1703
1064
966
174
23
1055
1199
556
1064
1136
1591
1989
658
1921
1718
268
1377
360
121
682
180
894
1320
1828
1490
441
1851
953
167
84
283
1204
1987
648
1152
1459
1084
370
1719
515
727
697
1282
622
1595
130
171
334
1010
256
595
1562
1692
289
180
1675
777
780
1693
1374
706
429
1937
1951
1034
1667
114
1988
1046
1594
111
930
1794
54
1026
183
758
906
1865
624
807
233
1857
1339
216
1829
972
866
355
411
1696
1112
1622
1552
1097
1911
1914
194
1934
865
262
973
1132
1338
754
1213
1588
411
1068
1005
642
101
676
385
385
1512
1338
273
166
913
527
458
1670
1722
1745
1360
768
1298
1747
42
1802
1568
517
1800
358
1375
1922
1880
1292
1769
1241
1047
1243
987
1864
258
1718
224
672
1268
1852
1683
1533
1045
381
1990
669
1770
899
1782
477
1745
362
1841
1075
950
1242
203
1393
1197
1057
1193
1654
1237
641
983
1243
1252
901
473
1091
223
120
1311
1106
1255
823
1011
1424
1915
533
165
275
224
316
1622
61
1469
1972
1670
745
1955
1928
760
1955
1396
1513
862
1840
384
1548
160
1520
1751
1137
1746
1422
168
927
634
738
1599
12
587
1806
1755
494
225
1729
471
1
37
986
1261
290
164
1195
1460
529
116
1933
704
701
116
571
910
1452
353
381
558
700
785
133
1465
1423
360
558
37
537
1224
56
33
381
478
118
1175
417
1634
1371
99
1913
1089
387
1619
470
1703
461
970
211
365
1919
1732
1415
1945
266
1033
1838
1939
1424
154
1255
402
93
949
1368
1460
1363
1737
828
67
1176
973
1060
859
684
1259
544
1139
1512
61
162
464
1720
1364
385
1718
1112
1954
768
818
1216
926
1560
43
591
1913
352
1682
675
911
1989
767
1221
323
87
1586
780
1817
1392
1982
702
1801
1520
1379
72
1558
73
421
852
993
863
308
165
1151
160
312
1176
1456
1803
1181
985
1496
616
1314
414
969
1628
1291
683
1289
903
1028
363
841
1157
1610
64
577
1945
118
805
1425
1893
722
1686
453
714
607
916
813
287
1619
1269
390
15
1707
1933
1651
471
1008
1188
1930
862
1412
614
646
749
1316
391
1243
1757
1129
1043
1722
84
1815
1359
730
619
875
281
1276
861
107
1221
1665
1617
1942
805
1326
1944
1902
406
1031
1327
467
1764
1572
299
991
1557
1575
1360
1127
702
1460
1042
199
949
738
1793
867
1210
1535
337
865
1088
1418
954
1030
1634
37
831
1372
1761
366
212
516
320
1403
1239
1025
670
1435
183
833
1169
1959
1669
1200
1078
794
1454
485
316
549
88
829
1505
20
742
1196
1346
164
1614
868
628
111
272
1033
1493
31
1899
603
480
519
577
1581
1870
1654
1696
1098
1386
4
28
1191
1552
1847
568
1161
1125
668
15
1924
135
826
1550
1280
1684
385
1122
1602
468
1210
625
553
1441
293
1415
518
1698
567
1075
939
1966
1778
131
259
37
1028
701
860
652
73
446
58
1243
83
823
309
1473
481
8
965
260
1621
1077
43
1182
1726
450
1680
1629
18
1052
43
842
472
649
1709
1905
1330
1414
259
1791
1472
343
1450
894
1998
1294
270
797
376
799
1111
128
722
1006
1109
1813
1755
1186
1972
636
1648
1493
790
1911
1124
1763
38
303
1067
1651
683
160
177
704
320
1818
68
1237
647
1427
799
522
127
919
983
709
1340
714
1974
1808
1661
1770
1724
1069
1796
319
128
1552
255
509
1515
495
283
1968
1186
1856
1011
1566
395
590
1371
468
498
518
1204
1778
1830
150
1501
613
1468
294
400
471
5
1371
334
193
842
1413
1046
1309
1030
1886
1012
1732
1992
248
891
1053
1094
1159
1564
33
1250
322
1071
947
1069
177
1901
1120
223
1044
709
1787
1862
498
1915
1129
905
1777
820
34
1823
1168
1991
829
1614
981
643
1917
147
485
1258
884
1974
1294
198
948
1715
1670
869
1004
908
182
1680
249
1347
60
785
1331
1459
751
760
308
619
1621
708
1382
1084
17
408
1830
1179
83
1209
923
1657
1101
1680
894
1440
1253
74
1359
1692
1590
1145
1336
33
1394
1008
1873
1804
844
212
1537
1976
1682
1113
170
1690
1682
519
1185
1600
286
1859
290
1091
518
1773
1726
424
367
1021
1867
41
638
1199
1698
939
1608
103
604
797
402
1375
444
785
1623
1158
890
1530
1231
1800
1333
659
1704
1296
1386
1181
125
207
862
1111
1197
1805
1266
238
212
931
43
584
349
0
1608
87
794
1225
1870
638
143
1987
1678
1210
1927
1841
1351
448
1493
17
332
316
1996
1617
1678
274
1811
1513
343
1728
1962
1892
60
1087
129
919
576
1097
1081
454
1210
268
1597
203
1444
524
1531
1551
1421
1637
1581
221
1789
1782
390
79
1528
1138
629
697
1444
899
569
439
679
1734
1327
835
1601
934
684
1738
261
722
655
1312
1818
448
13
1165
1422
191
254
1458
1047
541
1780
1112
1937
1718
170
1654
693
1290
185
68
651
1525
1690
1920
1470
615
1934
1866
927
493
1352
1290
339
868
1387
137
833
1861
1304
1223
767
378
1083
241
353
490
1620
351
778
796
1640
114
305
735
1240
1938
1768
1855
1897
1784
14
1672
171