10000 7000
8901 666
574 7500
7037 4324
1815 5335
1460 9871
7410 1963
9335 7604
2462 6401
3377 9085
409 8375
3770 3148
1109 6014
5488 381
7343 5650
6859 4395
1781 6829
9417 5003
4150 1861
7756 5977
5233 4275
8008 949
2663 7166
6037 9750
8528 3000
7961 7714
9371 7385
800 1446
3 8916
5165 1206
6946 4258
3262 594
1328 8476
3391 2174
1080 182
8570 7851
2145 4775
2690 2509
9666 8830
1505 7439
9140 8269
4679 9903
8598 7821
8062 6112
9043 7423
2128 9602
951 1548
1845 5096
6005 298
5598 9077
5996 9244
718 3600
8945 911
8994 8359
2871 8959
9878 5850
164 5517
2306 7766
6751 8782
6392 2322
6426 6376
4178 5684
2847 1746
3307 5788
3343 4765
3809 9357
5306 4241
6998 2283
7233 3797
3367 4978
5462 8432
6549 5956
4232 6709
8760 3258
5355 8493
7392 3790
2325 5981
3810 4565
1610 2105
1138 4343
5986 9441
1793 2920
3438 6588
2865 2304
73 2072
2440 3100
8867 2160
8904 2281
9741 2967
2900 9224
5236 3650
3833 1668
5317 3161
1458 4985
4535 8289
1736 9633
1741 4007
1965 6558
2424 6160
8577 6637
9072 4915
4990 5408
4768 8832
9672 311
6001 9984
9575 5747
9147 3161
6522 1851
1634 421
2823 6135
4965 3183
4 6213
9862 294
2992 177
8951 52
9713 6343
8340 1034
2271 8291
7364 3003
6576 9786
3189 2794
4699 5118
5494 7543
6373 9915
2809 5045
7161 4846
8255 528
3732 8789
6126 6158
6735 7481
1485 8099
5504 7328
4374 3725
2590 6367
738 1021
486 1778
259 6326
2318 958
687 827
4395 7569
5415 4844
5747 5241
8693 3454
7717 6164
6717 4421
853 7471
4602 5056
373 9575
4869 1869
4065 9953
8713 3958
3528 3766
121 6523
6062 2662
6802 9918
4470 2605
3467 7885
1918 8372
7560 6768
5783 8887
677 5850
8404 6424
3052 1318
1391 2265
8674 7048
6481 5392
5015 7185
2227 5118
3315 7922
8877 2689
6559 677
1722 9738
6620 6579
4918 3276
4107 5242
1581 8385
8172 7906
233 6808
8360 3730
759 6009
6870 2438
9982 6200
4061 3056
9556 5296
4267 5312
4801 2618
714 8941
8235 2854
3336 3933
2256 6783
3899 7347
6377 7762
8468 2528
1935 7087
290 8473
6217 9100
5898 9984
8102 9029
9959 7759
9105 348
8470 281
5619 4983
1963 8069
9602 7331
4324 1600
810 9459
697 5354
5971 4788
3715 127
3515 1737
6644 8256
3498 4317
6637 3082
6514 5077
823 3025
1635 5640
9342 7260
7683 8544
154 57
3908 9067
3959 1161
9756 7540
5455 9791
7788 4512
6247 9908
7870 7957
6981 2999
2642 9198
5212 5505
4413 1356
6706 9748
1885 5652
4535 5928
7910 9843
7838 701
9444 8559
2371 536
8632 7476
6134 2283
9644 1306
9729 710
7339 1431
1039 8982
2538 8216
5838 1969
7170 4807
5318 7093
1289 222
6367 2665
6263 2403
8452 4409
5022 3829
8539 6442
180 5177
1699 8319
7995 2299
2283 413
4908 1899
8443 2032
1258 9597
224 6269
216 7570
4035 1287
4528 2138
4002 9637
1473 1675
6418 9787
6795 5488
8019 6138
4196 6411
3554 4567
6478 4062
6151 2519
5963 7789
7673 9534
4167 7435
6705 4236
9447 8506
9502 5880
8880 1165
2298 3168
4448 5524
5698 7024
2796 3936
5641 2900
4794 8784
2739 1843
306 2031
4164 8296
6473 4590
1603 8171
7191 8989
5800 9259
1320 9985
4679 3447
328 7775
3449 3018
4558 2904
5046 2468
3375 8003
7484 7490
5939 8663
9656 6112
4411 7326
5201 7174
895 9551
7300 6130
9791 521
5519 3516
5648 8974
8384 5664
82 9622
3889 6799
4548 6045
4646 4149
6851 9668
4806 5755
8693 3266
8914 8304
3683 3087
4255 2765
4153 2798
1920 702
7323 148
6660 9813
5327 215
2084 2356
4640 9985
2471 2268
782 556
8290 7269
5754 9975
5762 6753
9504 3551
4027 4942
700 2580
1794 3964
6002 4466
4940 9375
7843 931
3159 4041
3324 3878
1281 5664
4003 880
1368 7257
8137 8554
3542 9471
4988 2681
5922 9846
3818 5560
114 5865
3409 2880
6883 8279
6035 7511
6333 8425
5571 9316
4781 477
5897 6390
212 8546
1741 3209
3290 1084
1628 1978
5269 7979
9632 5498
1843 2637
3184 1857
2056 2419
8945 699
6975 8168
8981 9330
8401 4980
2740 4341
21 1439
7325 8742
8122 6023
3204 7102
1297 1052
9967 962
1032 3781
7803 3438
4079 9140
5489 9259
8055 1280
9422 2595
2751 5814
2091 5681
1421 7235
8304 1374
8840 3328
7090 5845
6130 9488
7894 2121
5344 2845
3263 6786
4614 3125
2605 6433
8620 1852
2480 5207
3350 1742
7002 226
4904 1054
3805 5952
7369 607
1977 5187
5375 4912
5997 8716
2263 9230
1472 4874
1842 1162
2968 5400
6437 1072
256 369
9062 4102
429 7603
5713 2512
6400 9950
8652 9202
2351 1991
8477 7224
8080 554
865 6530
4120 145
1295 6524
258 8027
5363 9993
9053 6944
6098 6883
9321 5003
1832 748
1328 3571
3118 9547
4434 355
8455 6282
8312 1932
1686 456
8929 2898
9247 2864
7762 4656
3206 3420
393 5303
165 2384
1746 2563
4521 5460
8417 5904
6017 6259
8772 5164
5345 6199
8367 1925
8471 8165
2068 185
7655 904
8431 9043
855 1117
1993 9000
6736 9730
5154 1566
7831 1764
7772 4020
4029 8477
9925 8633
5398 585
9205 3950
6536 2338
2801 6475
4130 3441
3414 6368
3611 4914
196 5910
6210 737
9393 582
4315 4849
9540 4741
5038 590
1727 9603
6734 7078
2083 8439
1469 9844
3708 6412
6607 3580
1694 4638
8237 3979
1140 7555
6319 1647
3564 548
5624 4046
9792 6488
6079 8427
3176 6733
1101 2712
1834 7438
2596 1540
7558 3475
60 1699
442 5454
2993 3680
5799 5279
9541 5842
3197 3247
2968 9291
855 7747
2247 1719
3619 7101
2501 713
4270 7334
9886 6397
4451 4484
1164 3169
4070 4377
7592 4195
9532 1996
4325 7434
7915 6963
2091 3551
4704 4464
3274 4456
1165 480
8777 3547
5085 3104
8059 3939
853 6664
7491 9625
8333 3905
4931 9918
9742 3632
4117 1962
1588 4773
9470 5103
6343 3761
8865 5062
5180 1743
8348 6438
8193 5184
9484 5478
1255 3166
9307 197
824 153
4978 3164
4437 8368
8732 4475
1367 3390
6882 197
8136 7742
8240 2889
6560 8866
1524 5053
166 8629
1361 7577
7998 825
4785 9399
2675 6355
7064 4973
4649 9273
487 5293
7747 9904
3769 952
1036 1361
6528 3385
6857 5361
7943 365
3135 210
9746 65
6761 9039
7500 4739
7520 6360
1568 403
6136 579
913 4203
5253 3706
7714 9302
5242 993
1394 4886
1390 6779
7257 4586
670 4050
7028 3268
899 3102
3193 9860
9895 6975
3795 3884
4792 9667
6496 6718
845 9058
7177 4554
1552 8027
4028 5382
475 2525
5557 4408
6524 1757
6806 633
1925 71
2642 7255
12 7559
976 1949
8370 4574
1999 1443
8093 1056
2737 3097
9797 2184
4017 5620
2047 7486
1447 791
3202 425
5179 2082
2365 1102
7066 8792
8417 3972
3746 385
3671 7908
9007 2134
6141 4684
961 4211
1918 7080
6971 7410
9479 4522
3750 8108
8001 7186
2001 8360
9650 7504
854 3047
2315 6049
4076 9616
8962 32
863 4104
4268 977
2565 7291
5209 7520
765 7966
5190 7255
1525 5578
6922 9963
7721 3539
4550 4742
1235 3789
1841 8218
4130 5290
1359 997
5550 4012
1247 4098
24 9823
6254 6201
8675 4305
2310 6035
3267 3567
4173 7616
6416 5164
3962 1133
854 3946
6229 6520
110 954
2587 4020
9616 5501
2822 3948
3107 7744
2132 6243
1216 4269
5059 7060
6959 8574
4555 6098
5170 4285
3426 4503
8098 4028
9788 5838
6447 5294
8118 6082
7213 9957
6879 3501
7651 8901
6800 9187
9812 9478
4178 2737
9329 8120
8775 9238
6960 9558
6684 3708
1497 4357
3408 911
9836 8790
2502 6157
2699 5373
1138 7239
6678 9730
2382 6661
8292 6739
521 1615
3661 9853
5171 8404
1065 5476
5736 7791
7639 413
2868 3007
6876 7485
9001 5307
1465 6031
1862 4083
524 6228
9374 5681
16 8481
9991 773
9538 1585
2850 3593
3139 7385
34 3478
6667 6805
3392 8865
897 1284
1249 9169
5155 3843
4249 5505
1148 9238
4647 2596
2947 5118
3248 4699
9153 856
4934 9486
4810 3619
5347 7424
8265 3492
6202 8441
5296 9774
9206 2953
4816 7676
6213 3817
3965 7491
3667 2633
2186 184
4061 8560
3612 6087
4807 6225
1231 5448
2874 1233
4964 216
8325 3098
2589 549
2364 9316
8342 6736
8111 9880
3492 6852
5525 2400
9334 5469
845 1707
144 6035
6 1406
2404 5285
7434 9930
7250 2305
5793 6570
6202 5312
7197 47
4030 9504
8458 1558
8354 5697
5070 4429
463 2969
9854 7192
418 8225
284 9619
9123 2109
9537 4279
9049 1883
7902 1197
4965 6496
4892 9546
9298 7624
6079 9336
3005 8665
7505 2794
3953 4359
1306 9246
2502 4529
9714 1228
9552 3592
7556 9733
3205 2670
5045 2522
4479 1071
6721 1014
6256 8984
5966 8680
8627 8032
2738 5681
820 6263
5077 8116
3116 2788
2024 5337
6483 13
3587 6059
2879 914
250 4941
3015 1215
4241 70
6046 787
1651 5322
312 6426
1353 2869
6507 4107
5061 962
1760 6117
8766 1972
2142 5662
5104 5362
7344 1104
2316 5981
8773 9272
4828 1901
1459 3460
2220 544
6036 6937
3766 7299
6603 4913
2610 1130
4599 578
245 8145
996 8876
1606 6213
3119 529
1184 4456
688 2622
2953 421
7078 8677
7436 1562
5463 1309
1029 6021
4007 2137
8607 4286
3406 4557
5918 7955
7711 471
770 7142
7546 8233
4428 80
5799 6221
4810 996
6150 7031
8744 1897
2504 8742
860 7988
1245 2718
3515 2694
8634 4428
898 1293
8300 4910
961 3749
278 519
2851 2977
4612 4722
3025 9656
7606 438
7835 9976
6452 3302
8677 6747
6583 3303
5076 825
5374 8437
3230 841
4348 5792
8731 7822
990 668
7434 8345
8574 1979
8539 2429
9565 2245
3096 3226
5980 7901
5507 5590
2637 999
1796 5881
597 3162
6330 1445
4699 8966
4065 9686
349 841
5827 4435
4974 4702
90 811
6777 7792
662 3424
3078 665
2406 9418
1699 8643
6786 4754
3310 3556
3078 7585
7591 9036
1327 4233
6092 4220
6346 4637
6933 5040
5342 9720
9704 3066
457 7518
1554 905
8642 8496
1378 9252
7021 3465
9759 3917
6488 2222
7556 4554
9494 8774
296 1684
1100 1842
9632 8740
7854 4076
9439 1457
6063 2926
3604 7265
9564 780
966 3630
5256 7580
2233 6831
6626 7691
7383 3600
4327 812
598 3663
2681 4973
6356 2529
3963 7873
9633 8897
5497 9770
6200 149
3062 9571
5524 1883
1523 3944
9077 312
3903 4345
6699 4782
5821 7553
1559 3075
4046 3613
2741 4307
7952 3557
8419 2039
7339 8358
7805 3181
9004 2621
9063 5135
2194 6152
9698 9723
7539 3607
4947 4631
7691 599
7697 6511
1117 2623
7423 1670
1263 4055
5273 1820
8600 8081
5166 7690
3585 3306
7772 3681
706 3651
2284 7079
5894 3752
9867 345
8208 7812
6146 9311
4223 2256
1356 3008
253 2726
6733 162
9247 2000
2051 3666
1315 9933
7570 5982
3034 809
9471 4545
7892 2195
1148 7765
7063 9072
1126 4324
7612 9159
3558 1684
8855 1708
6936 4762
4101 8057
5396 3662
6573 6307
1635 5088
8588 2759
5933 3935
6467 7954
1156 7386
5356 6010
2087 9955
1370 8000
9211 4827
9096 8920
7991 2643
5128 3716
7431 1947
896 2139
1639 5404
7532 7887
2619 6192
9284 2540
2773 662
1946 1019
1899 1940
1490 8733
1928 1608
2994 1177
3106 3755
1318 5557
6381 925
6042 3597
6578 1810
6779 4651
3560 7366
6639 567
7454 349
2660 1984
1435 5293
8728 5333
6255 9836
5769 4298
906 3765
6534 5664
2535 7149
1876 7052
9814 4980
5753 8254
1713 3106
3647 4233
6111 589
7788 9541
2452 8594
7299 3317
8555 4618
8049 4376
2585 6101
1563 1217
4019 833
3382 7582
3104 53
9362 6836
9868 9047
1208 1202
7517 838
2671 9766
5836 9635
9552 7191
3070 6041
3986 7223
4112 780
3415 4794
3313 3032
7257 4496
4318 1020
6297 3156
1469 3642
5757 3382
8429 4164
4287 5448
218 4010
824 1805
6093 3286
3107 697
1484 9706
9373 3967
3330 5014
2584 5541
8799 9433
5131 4875
9788 8264
888 528
5311 1729
3329 8079
6065 9516
3057 361
6308 1005
1884 6578
8993 3126
2163 1255
4691 6501
8924 907
5119 3205
9254 5938
6358 7634
2461 293
2522 1026
5983 5248
4267 4150
9277 8976
5382 6007
5642 7043
5443 5930
9025 2504
819 2004
8151 9559
2102 9096
978 8564
5866 6253
7641 2269
2834 6395
6162 2843
6685 7155
4439 8274
5595 1915
3595 5461
5347 6733
4361 7264
6461 7947
7712 1833
572 4025
785 6352
5206 2386
7146 9020
3421 1463
4031 4202
7522 9885
6945 3580
4534 3651
7981 1324
1576 4449
8217 3351
1190 6938
4134 6820
4436 5636
856 1361
4396 6138
5242 8969
3598 8730
8992 2532
1485 524
3463 5557
8689 4058
4120 6084
545 2734
2683 8251
1635 688
9620 2842
8203 3004
4323 396
3057 5312
5690 3241
4551 9750
7359 5874
1998 9954
9181 3061
3371 9436
6677 8216
3477 4772
5874 7853
2412 9624
7331 9893
3523 5490
159 8618
4949 4535
3873 9317
1294 5523
7163 9843
5601 2759
5010 7067
6524 7426
3412 9959
4893 9578
1150 2004
7978 3647
3681 9027
372 7560
8944 5123
3656 2463
356 4913
7595 9764
991 1502
4041 3960
5091 9510
8472 9059
489 9860
497 945
7156 1945
7193 1584
454 394
9187 5554
1800 8147
9915 3028
7688 7453
1727 7277
3802 6341
9102 3694
1386 9297
5525 8138
2119 979
6484 9616
4360 5287
7696 3806
7516 897
813 933
718 8685
3186 8274
9232 6710
6301 2344
5058 3846
213 3464
3899 4465
4330 5329
5961 3195
7627 7956
9589 9092
4744 3089
3973 3218
5582 7485
8722 6982
822 6574
7734 54
9032 48
4528 5951
1554 2557
3202 1267
8618 6818
5116 8176
712 2849
5266 9904
6378 2100
4363 2853
6221 7921
8493 3757
1578 5365
4056 3748
5609 1717
1451 563
4567 3249
6717 5337
5798 1402
3666 7751
9584 8932
1715 3055
1424 3812
6335 3499
7805 1341
9799 647
5274 5978
1444 7799
886 1783
8015 2880
4250 4877
2040 5528
1284 5968
5390 6249
3279 1457
7824 16
7673 8449
8556 6767
7144 3556
3039 2854
8806 3734
3043 5140
6781 2921
5012 7000
7958 4511
8120 603
5489 1158
4745 7821
5904 6923
1919 6361
2674 3232
6590 932
880 8947
438 3643
7567 6295
5455 7402
1001 9912
6510 9398
3308 1954
1544 1629
5670 293
9316 8682
4695 5477
1368 6359
5206 3081
4650 8401
382 7129
7184 8732
2988 6146
3229 1736
4254 6351
5714 6316
8906 4747
3370 8811
1403 1438
4220 3393
8880 9151
6917 5919
9256 4500
7215 8453
8978 8683
3343 9453
267 1850
4324 6475
5823 5875
9201 8609
6376 5091
7231 6220
8552 7589
1011 9882
1791 2985
7883 266
1929 8222
746 6105
946 3840
3561 6884
8050 5539
2548 4868
1149 9294
2623 7646
9266 3604
3912 8359
1516 6679
6687 7283
6119 2475
6797 7908
5436 5285
289 5205
2199 530
7073 3081
4351 5197
1888 8259
4338 8765
3959 9502
7678 2665
1766 8493
8175 5582
3842 298
2424 9610
112 9938
6883 2495
4204 3701
5300 9672
4783 2490
2982 9232
5828 4935
9632 3841
7047 1151
1011 1260
1906 1874
3752 3325
4116 1707
5730 115
5192 2842
1626 3988
8890 2398
2136 296
7913 5239
27 4819
5549 3162
4329 9389
9932 1201
6176 9901
2113 6157
82 6636
9249 8832
9509 3516
6865 6799
3098 684
8937 6536
9067 600
1859 2205
4070 223
5971 1068
7318 607
6568 3458
8820 2689
714 9499
2731 3858
6529 2811
4848 9982
1793 8801
8774 846
506 1997
1567 8591
2065 2837
863 8905
835 142
9028 9804
3216 9635
2768 4294
6675 3536
4979 7965
3942 8419
4423 5370
6271 6380
3145 6301
1722 2915
8439 4958
9456 4754
9263 6245
9392 4877
9581 8821
7296 187
6862 4432
5092 9303
345 4100
723 7960
2157 1945
33 5965
9313 6783
3003 7737
2342 9372
1469 3334
2939 3386
5468 8690
6640 2339
8903 1583
4617 3228
2564 8657
7578 4076
327 7571
8984 2785
2305 6364
3095 3826
5340 6972
3319 8350
5517 8430
4358 7049
9784 6851
3423 6206
4675 468
4677 3815
7846 3880
4385 7535
8554 8665
8529 5763
1752 1360
2257 9050
6704 7379
4776 892
7352 9685
6380 646
4856 8917
3369 1980
1008 4422
4878 5951
3855 7317
5818 7373
7067 3196
7682 467
7256 2868
3506 557
8675 7853
7559 3219
4207 7958
6556 6555
3386 9575
3321 4614
9386 7593
2000 1255
3673 4819
8845 8716
6036 6393
551 555
3432 489
6779 8021
9829 5296
4786 9331
8630 5169
2120 6476
3280 7768
8071 7836
6070 3955
724 1144
1905 6727
8215 6403
2658 9041
1884 2318
897 1669
7613 8647
5950 4307
8114 6982
3027 3366
2287 6707
7444 9311
2204 3108
9523 4039
1710 387
1303 6120
4346 4868
3178 5233
2192 8724
8605 8959
3081 4400
4344 6202
8247 152
7340 7284
2872 4138
5640 3727
6324 4402
7031 808
2469 517
5551 6200
8468 9472
1506 2665
9877 5196
4160 4672
1482 5403
6099 9970
8782 8828
4382 115
2676 8415
3397 515
9389 1906
9040 8182
8020 8726
7361 1384
6919 2959
5731 7873
3931 4021
2653 6654
5587 5233
1017 6297
1709 1958
2387 2422
8245 1452
8874 3332
4466 5986
8074 5583
2657 8138
7039 7204
5252 6986
8164 3677
7286 4646
2389 4133
1234 1516
9179 8087
8505 822
4184 1168
1021 9902
6448 4264
1182 5301
8810 2522
5710 4357
5090 9119
35 283
5818 1173
5443 8440
2496 5009
6241 1264
728 8710
5055 4983
2766 1928
3008 5612
7967 6332
1947 5857
9614 3250
4202 8578
7472 263
6001 6077
6909 5273
6955 2845
2571 7215
3236 8521
6442 9765
9758 1109
4656 1517
8915 2274
506 6714
2238 3121
32 8771
189 7762
1153 814
4312 8296
4414 4228
678 6241
4500 6867
669 1198
3510 6601
2954 4829
8047 8316
6538 5263
710 3704
2501 6019
1118 1348
4931 8328
8657 7263
9542 4135
6138 4035
6668 4586
5568 7424
1118 4713
8862 8073
260 3131
5121 8829
6054 9810
5543 557
2206 1694
2833 8108
1211 8832
3874 6202
5341 2727
7355 3611
8180 2088
3762 9416
6931 469
9182 5759
9567 9948
3325 8915
7288 374
8962 9507
9541 950
4473 2155
2537 5137
9193 7303
635 7498
8891 6472
9360 657
3047 5527
6238 3829
1705 9768
6865 2620
3557 8725
9743 8777
924 2406
2938 6445
8900 7305
3064 480
1568 7504
7178 8709
2925 1485
2301 2329
9120 1823
1035 4026
4055 3035
4766 758
3066 5383
3130 6770
4170 4785
5106 8269
9307 2028
6442 5643
8515 1900
6549 5984
9172 5898
609 4913
4015 3068
5552 7643
2445 6803
2203 8201
5731 7224
3298 9982
3981 9626
3189 4796
2149 350
6322 1820
9358 4903
127 2069
4407 9916
1573 7887
4138 2079
8196 3173
5336 6637
1592 6439
1206 1492
8788 182
6573 4184
9832 2041
3450 4337
2220 3187
7481 7423
8102 4683
6096 279
9582 6229
2123 6961
3191 978
6476 8117
7023 7364
5166 2573
1712 8480
904 5274
6002 2638
9083 6874
3318 5972
389 3319
438 9699
5845 1719
1722 440
2206 3412
519 6418
5387 8777
5239 5435
5728 7876
9753 1762
177 7434
1785 7305
3072 4460
6733 9864
7189 7443
927 3198
8943 8730
4519 8703
9072 4345
4172 6503
3351 1393
2127 8832
3870 7589
5972 5895
2299 3089
5764 2916
6102 2899
4829 700
8634 949
8947 7093
2267 2165
2249 3169
9829 5076
5533 1217
247 8437
9296 1353
7414 7209
1566 9785
5046 1334
7985 8753
7517 9029
2278 3721
670 9309
5929 3902
3273 5151
3959 9484
6256 9264
4694 9893
8002 2772
1838 388
1046 3966
7607 7528
3577 1004
203 5895
3948 4504
3661 1918
2396 3602
595 7935
953 3466
5018 1547
2264 8970
3285 896
1261 9181
9330 5948
8502 9877
4884 6914
4251 7281
2947 9314
5329 1741
2692 823
4989 9799
1834 7016
1378 6111
2432 9108
8594 1658
2422 9292
1926 8196
8227 8804
9653 481
4941 6952
6138 8070
9834 2503
1014 3647
5210 7134
3472 3642
8248 3474
3212 3841
9351 1585
8635 3681
9530 5855
1318 6186
5568 2494
8259 9483
5966 7686
8437 8255
7752 7484
2446 6707
1548 3080
9817 5983
5554 3286
1607 7290
4979 8257
7248 4083
7920 3274
13 7152
1215 158
6359 3452
5467 3479
8221 6254
35 1053
9786 4825
8042 3887
5367 8118
7803 2508
6505 5800
7484 323
9958 7497
9843 3020
6796 8204
2954 9134
4504 8919
6103 4740
7725 408
456 9853
1504 9975
4386 2823
9406 7513
2698 9963
8636 1916
7014 1114
8070 2744
6023 7090
7136 1671
1375 6514
5592 9487
1535 5202
874 9536
9659 1125
6537 523
2939 4896
84 2844
3593 1830
9946 5661
5604 5761
113 3831
2812 6266
9818 6719
5804 6947
9344 8165
8183 842
1697 8532
1285 9367
1139 663
4755 2876
9990 6317
5261 7162
5811 995
1028 6131
2681 8611
4662 378
119 8880
7504 4492
658 2457
8891 8739
4069 8793
770 8332
9824 9219
8016 4113
4761 5824
6878 5695
4173 7052
708 508
823 3441
5177 6525
8642 1956
6151 7578
9631 4633
2143 5165
8341 2707
7372 8154
633 9881
5551 3999
4591 1689
3445 6225
6991 9629
8638 923
6234 3634
4336 2996
1812 7735
5729 9443
3702 4740
9385 4767
8444 6295
6665 2639
2255 9736
5214 5377
7209 8573
632 2814
1160 5409
1639 1147
5832 563
9521 4697
3640 2579
5339 2232
9000 4883
9867 7932
9377 7209
260 7926
9889 1922
2623 9749
934 2609
3200 5647
2479 68
1177 5236
4508 1098
5533 7766
6264 6964
942 2788
7136 5941
5151 8998
263 5902
7922 7025
2779 4984
8513 6191
8644 9004
3565 5859
9947 6892
7133 8048
3170 9319
2912 4276
3069 9556
3174 9956
8863 3694
3435 1879
7584 1203
1159 9118
9293 2304
8833 5641
3280 7278
1723 9229
2234 9655
3021 6825
947 4853
1401 7287
4899 9762
7361 1265
1525 4464
693 7942
414 6715
528 9412
9647 3343
9330 390
4436 882
4913 7018
1716 5827
4734 1014
4905 7777
2335 6168
6957 7948
3614 9556
7407 8004
7945 81
8762 9867
9815 9519
6393 529
2000 9262
1417 2612
7249 9856
2753 70
5841 9899
6080 7559
9195 22
7723 3945
8867 2038
7059 7112
3961 804
185 5268
5131 1706
8025 1374
7417 452
804 1933
5807 3601
3256 1162
3351 9841
1390 8330
7229 1135
8130 2798
9120 4899
7768 2923
1117 1584
3093 4627
9360 5926
7195 816
6161 4707
8365 424
2115 8476
5397 8626
5554 7746
7593 8800
3575 9591
3912 6615
6845 9812
7283 9699
8210 9317
9716 4469
6975 6936
1362 9449
3153 8184
7047 1684
257 142
8708 1789
6174 7369
7063 8487
4494 8971
5699 7394
8296 239
1909 3670
4041 8335
3758 124
173 8121
3990 5029
5360 4098
1201 332
2845 6883
4332 8394
7349 5880
778 7441
7844 6876
5253 5934
3872 7445
7896 4900
8766 2373
2254 2802
1096 8650
867 8262
2560 7888
7794 4663
2068 7640
2432 7520
9212 6119
916 3595
4805 2471
6398 3676
7314 4859
9713 9658
2254 7579
4780 9197
6365 3693
3596 9642
2013 8270
5037 358
5635 6979
8041 4580
4089 332
2333 1451
4061 4578
6972 515
8384 3525
4227 6420
9866 294
7463 1793
9853 7021
1526 2536
6373 4416
3570 9018
5927 8867
9865 6136
9526 2093
1590 462
1169 8040
673 7822
8118 2085
9732 9675
8334 4238
3125 5402
7130 1601
3083 4295
1004 1178
3746 8739
6200 9427
1233 7039
4819 8482
7444 6678
5634 9849
1167 8821
7585 4413
7519 8198
1776 7915
6595 7386
8860 6068
6807 4043
5303 7241
4057 4999
9725 3958
6869 9733
8794 4461
2161 4863
5514 6367
6705 3421
4144 8104
8911 1352
6139 2239
2337 6371
1424 6716
4320 1296
5640 5504
8680 3934
4141 9210
9805 2181
3272 327
4596 6845
6273 4725
8785 8168
8403 1946
2214 4152
3248 874
1465 5992
4850 4129
6656 5975
1155 516
2054 4136
8027 9138
1310 6957
5015 4386
1301 9928
3949 6944
2388 9921
7160 8794
6101 1693
8805 2637
8068 8657
7176 4647
1405 7679
9816 8786
113 1336
9643 2654
5592 3711
7547 8311
7628 3628
1240 1735
3418 9847
9242 9507
958 821
8853 1049
585 1236
7185 9953
8809 5549
7477 7613
2992 7933
8862 5306
7193 3256
2261 1572
7196 6005
6356 6126
7276 1704
4121 1125
3871 7036
8742 1174
7240 6298
8051 6816
2636 8215
8066 5987
8785 3844
3642 2044
847 7299
1906 8837
6116 6676
6301 7755
9932 1353
8235 6881
4518 4532
4729 3149
5401 5064
8384 6232
5005 9326
2487 4731
4143 6856
6056 2869
4983 6534
4193 2081
6777 2685
5456 3326
8583 6208
9046 9403
9209 2784
948 1687
6070 4694
2411 4623
5525 4833
9644 4281
5189 1859
4659 4965
5750 9557
2467 5182
5530 2193
9447 1112
6109 6545
7029 4602
7312 7799
3819 7666
4892 6584
5093 9349
4152 6519
7554 2044
107 885
1849 4456
8243 8768
5820 5883
1423 4732
3482 6196
48 1877
9547 2916
8253 3184
4639 4411
4812 1136
2437 4302
9865 4927
1459 2800
8538 545
326 2903
4590 2314
8968 923
2397 3044
1427 982
3723 9331
7994 3499
9451 165
7462 2070
6048 1313
1956 6448
5846 8363
5025 4743
9513 7155
4440 5023
6704 3627
9069 517
1947 9834
6803 8780
5389 7799
4685 5133
1115 50
55 2912
5083 5700
9727 7513
7943 1477
7320 7869
4992 8552
8081 285
863 752
6495 6169
9470 8717
5099 1597
8763 9491
9454 8410
88 9480
4593 3624
6516 7557
1034 1684
1316 943
1860 4933
9926 2597
5041 6808
3377 4908
1475 1541
9551 8069
5961 8325
5520 3312
4734 4249
4108 7245
8691 5795
2404 4387
4878 4419
6104 5227
1932 4696
3629 1752
5022 3782
7173 9996
4137 8017
9090 7555
3685 1851
7017 3180
3648 7995
9448 6326
7459 8018
9410 3985
6340 4580
7307 3053
9183 9602
6400 7799
8939 2319
7881 7843
6445 8762
3286 6966
3405 8917
3071 6422
2280 2448
5804 8454
2170 207
9281 3356
4319 5433
3401 4153
8053 6316
4409 5263
7375 8553
1929 3459
4794 3986
7618 4416
6851 5836
7537 6766
9133 3002
3699 7928
8291 3716
3938 1381
1922 6212
3133 9160
9072 4917
7197 6501
3073 2379
4757 9884
8611 2124
1792 7112
1378 562
133 4205
4074 9170
4896 325
1792 5672
7016 6374
8286 2686
483 2839
9483 331
3147 9714
441 3932
6939 7091
9901 6522
4843 9065
3776 1676
6907 3397
1065 8030
2757 484
2876 8596
1896 8425
5785 9849
9574 137
1977 253
3711 4731
9199 7709
2427 6975
8099 2216
9360 8537
4991 9588
7193 4100
1883 9887
6670 2354
628 8902
6166 5947
7775 185
6612 2080
3989 4014
5879 6786
5829 286
4726 5297
1587 1375
7532 8445
4505 5787
1028 462
7227 8568
7442 903
8031 6143
2121 6688
1455 6032
1973 3849
6644 8691
6173 1295
4771 4534
5132 9117
9813 6710
5356 9201
9129 4130
8789 5699
3970 1996
5469 3150
5836 3332
211 2951
8839 406
8290 7325
2804 9566
878 6660
4549 5562
5381 763
4558 5485
1059 4054
4181 5437
1842 1175
5241 3957
5999 8122
4990 3545
2505 9011
7141 8033
3551 1994
6184 1121
7811 641
122 9638
8446 750
9967 5445
2078 4259
2762 9268
4493 2769
5857 3560
4244 1922
1924 6332
7627 1572
759 7101
9274 9781
5954 246
2416 6726
994 3704
829 6443
4006 3779
2632 9487
7223 6778
4599 838
1632 799
5976 7599
6663 514
5241 8366
9824 9016
8442 7500
3305 667
5778 4683
8582 5857
7544 5702
6426 2001
9999 5724
6792 237
3663 9751
9331 5609
5769 9091
3156 780
1313 1054
6602 2676
7447 6968
962 5323
5637 1789
175 172
6722 3206
524 2715
3492 3557
2503 8285
7999 361
8788 8203
6266 1201
2420 482
1866 5924
5517 3229
5483 2773
1803 8887
3468 2323
6472 9518
3285 9924
7836 5829
6415 6012
726 6096
5352 6189
5037 2609
861 2927
4774 1300
8544 674
1425 9486
8398 3317
1717 8666
9162 666
2934 8240
6510 1325
1211 7149
2020 2856
8202 661
1595 9506
6809 6702
1471 8072
756 592
1618 2656
6898 4922
3422 6557
7987 6206
538 3717
1108 119
9384 1307
9513 2206
5005 8158
8358 7832
5082 4498
8923 4462
9538 7716
4365 9806
7177 4732
7720 9891
5895 5409
2209 6269
6469 6201
5203 8167
5298 8548
6857 9520
5075 5905
5301 3687
5734 6482
2660 5043
8713 2367
4584 8591
690 4796
5385 6421
5379 6711
4309 5402
681 3163
2137 5673
8019 2952
4104 5714
5692 7303
6342 5225
767 6802
6247 2400
3115 1928
2011 561
121 2895
236 1319
4344 8896
1061 3616
9373 7267
6521 5127
2752 23
1044 7296
1115 8243
7729 1490
4171 6042
2979 927
6442 6563
9188 458
5750 1141
4873 160
730 8766
8314 7701
5120 5949
2243 7025
6241 5958
9625 2284
2871 8119
6098 6110
3037 8140
7014 8042
9075 7791
6140 1236
5784 2957
8473 6310
2297 1816
72 1017
910 2824
5278 4394
6739 3242
8114 2779
2259 4208
1548 7222
4428 4660
222 388
8001 3042
992 4033
5966 5765
6901 1724
7911 8763
416 8305
289 9791
3172 474
5302 6053
8188 5024
6619 2713
2509 3567
5199 1093
3024 2763
3756 6800
5245 176
8869 7698
6290 1114
9232 7107
5870 1717
9848 312
9113 1823
9378 544
3990 2331
4426 4325
2015 7292
5172 4519
805 7495
934 7963
1382 45
6827 1330
6627 6725
3816 4983
7012 7824
8495 8055
9348 1798
9406 7558
9536 8740
4381 1923
8098 2189
5427 3470
9053 4823
8940 1412
1283 1448
1438 4762
8049 619
8925 182
7151 2804
3148 5414
3602 2815
8247 8599
178 3658
4069 2892
9334 8665
6172 4267
5494 5857
3100 9672
6076 4359
3911 7547
8584 5405
7835 1049
855 3771
212 8237
1026 7020
1668 983
9065 1083
7724 4077
3151 9805
7872 6275
4686 8970
2457 7657
4827 3283
7458 5970
6885 599
5263 6530
5175 7305
5918 1052
7080 6441
414 9078
4721 5122
6303 1471
3646 3601
9673 5057
7564 650
4690 8336
602 3986
7012 455
210 3905
7531 9811
1829 3156
3640 8566
7854 8808
2539 6737
1262 2102
6356 1515
261 8452
6416 7621
3919 7706
9117 1270
5825 3000
2314 512
6663 2237
9728 9342
6908 4811
4568 8027
4572 8922
1255 7624
7449 5824
3458 1750
6134 1616
3053 1787
3444 3738
1252 5734
3026 9135
628 9675
8611 8232
3763 7069
3518 6358
7026 7998
8451 7532
9060 178
1629 1521
8638 9498
7796 6710
7213 9233
7873 7316
3408 2796
4014 5845
5295 8532
4329 3784
2219 4154
4496 3763
7089 2573
1821 613
6289 7267
3171 3523
162 7748
7195 7983
2152 496
2457 1483
4950 7299
607 3872
8613 5027
1287 1693
8445 4769
8043 155
4126 6336
2065 9616
1008 2837
5793 1738
7065 4934
3682 6572
7293 9334
1154 6652
9065 9159
1966 2879
5589 6472
5068 797
2257 9387
5218 3956
4443 9593
1678 6641
4337 8071
1552 7169
1029 2055
8314 133
4907 2377
1940 1273
718 9293
8947 997
2005 9003
3954 7492
3336 5089
2180 123
3011 5809
1495 8222
6969 2150
4295 2170
3546 4736
5135 940
264 4598
6878 4256
6936 8876
3721 5459
702 6684
713 8806
6504 9566
8766 8159
3389 2499
2939 8731
6994 9304
9134 9036
4776 4837
118 5222
382 4935
5778 3326
1642 6484
433 9337
9202 6208
4843 4398
2371 3785
8099 1007
3298 5722
2058 9405
4620 6364
8233 1114
6811 8676
8759 5918
1900 4648
1718 6750
7817 1597
1159 265
4253 4444
9456 3817
2546 5841
210 618
5505 709
1877 7819
9942 709
8446 1660
8869 9978
3983 8081
2985 9567
8366 3026
6667 3723
8183 46
4295 8055
538 7284
1963 4058
538 9954
5329 4550
1178 3434
9408 4728
3635 7472
928 1017
2815 1636
5651 2457
2082 4301
8607 5842
6689 4042
1565 1196
9118 5706
9963 2065
5572 1362
9760 8751
8013 6114
1203 7868
1741 2775
8385 8675
5364 8262
6973 3107
5846 6726
4698 2678
7571 6173
3341 4184
2393 3724
9498 557
7705 1576
5882 3591
4811 3335
1974 6444
7352 7668
377 7639
1284 4694
6410 2244
8339 1671
7177 6614
9855 4594
1156 9500
9248 260
2064 6413
6596 741
3287 1205
1562 4050
759 4227
3612 1880
467 2188
9065 4066
5804 8332
5623 7593
9080 5243
9313 44
144 7017
3552 1946
8257 9032
2404 5572
734 1963
7748 1553
8539 5807
5785 5190
5387 6232
3575 6444
7430 6255
8611 45
2275 9007
278 316
1313 9923
2617 7090
9377 2228
1650 7836
6109 8750
804 2630
8505 3990
8309 4748
7663 6225
8877 7413
8127 9668
2204 8102
6623 9695
3461 5170
4413 2789
7568 320
6653 5885
2473 1906
2839 192
9628 8713
1239 3926
4286 2241
4001 7561
2714 86
2761 5809
7388 900
7770 2755
2130 2857
6996 8264
173 4560
6156 8411
9416 4864
929 6271
7510 2417
6867 4767
733 3610
6689 2193
7286 2487
88 1519
704 7999
3281 4576
9865 824
4604 2458
1028 535
349 5140
2026 2670
9310 9929
9300 7502
3542 7954
3544 7092
1422 9045
4137 8333
6006 7902
797 1465
3406 9693
7852 2946
94 2437
3525 5117
8811 6596
300 2456
8004 5159
4775 8041
324 7289
4638 1333
2550 8008
7934 5999
4390 843
7156 426
2378 3271
1165 1322
8499 1498
6770 326
3222 780
1458 3168
8706 7914
2959 1619
7930 2592
3619 3054
5614 1991
5721 8187
3838 9482
659 4393
5791 7425
3193 9636
6706 3104
3239 6184
4300 6554
9514 6569
1998 4386
5587 3866
7393 6855
5482 6861
1480 8342
448 5846
484 8598
4960 1868
5495 3435
443 8717
9606 4216
5719 629
3312 3592
3776 4356
1832 4839
1825 3417
5314 3382
7280 2052
660 3579
9107 8472
3478 4690
6466 9661
5622 1822
5368 6556
2824 1023
9797 3518
8062 1828
7174 3936
4424 9210
8124 5236
528 9418
6808 1513
27 1871
7134 2160
9829 56
6326 8681
6975 8806
7142 5476
2369 5750
7006 2683
923 8120
7788 353
2332 8016
2829 5349
3612 1576
427 9363
8459 7896
4861 3971
6401 3877
3857 4257
9561 7271
9536 1606
846 2395
149 7946
7300 7318
7861 8328
2084 2786
3801 1969
8945 7667
1877 403
6498 5491
2725 2227
9732 1219
1688 4940
7865 5518
7259 9391
3401 9650
4926 27
8169 519
387 2796
2599 568
7615 8825
7515 9418
6172 6981
3395 4857
1348 5004
4114 7334
9506 9265
2579 5154
3928 5901
5127 8963
7739 1667
6059 3809
817 3288
2029 33
151 3757
7674 2843
1789 3647
5505 699
548 431
7128 3103
1578 8050
5114 9028
8088 7663
7849 4956
9266 6311
6569 497
8234 7407
5851 5222
660 2436
3947 2320
1694 8400
3556 256
7223 946
173 7986
1577 7991
3935 5341
3005 6462
5177 5129
2281 2775
8945 3016
6167 7954
5306 6301
4372 5993
4701 3381
558 5634
2093 2930
7575 7593
9702 7227
4741 1238
2411 173
3734 9567
6602 7766
1466 7423
3436 9885
3088 3910
7778 2085
9486 111
1129 8895
4794 9414
4683 1210
4068 7931
9118 7346
9967 2411
6644 9664
2687 7993
4357 7937
6649 9108
1544 3529
6813 7256
4863 6628
9946 2932
8538 6236
315 7671
4603 5517
4281 4096
3941 2763
7541 1812
165 6234
4949 3603
1955 5941
9719 3266
9648 7306
81 23
8228 6408
4004 2250
2579 2077
7390 2321
8704 6951
793 1423
692 7336
1180 4960
3167 5390
8402 3805
4887 518
8903 3966
7401 2058
9376 244
657 5534
9933 4614
9936 9536
7972 8661
5577 2351
9217 7528
4024 6118
8380 9992
8637 2369
398 5076
3622 8639
7320 7215
954 2301
6550 2354
1449 171
9600 7971
9303 602
1306 39
1612 2459
6115 6688
1101 161
8672 9199
8249 4390
9068 2613
165 1071
5015 1709
1727 6935
1427 1159
6702 6080
5571 5411
9581 3561
6460 7966
5776 9910
8432 8282
5484 8301
2629 4625
7568 1840
4130 4374
9179 1750
1069 6480
5282 6969
5226 2124
2144 4454
4496 7798
3486 2583
8856 2489
8919 489
1988 9858
9724 5309
2858 5873
4774 9856
5009 5123
6677 4428
8954 911
5568 6708
9357 5667
1945 2767
7957 9737
4686 1739
8291 3900
394 7900
7455 6244
9767 9273
7179 3979
467 2207
5100 5241
5607 2840
7596 4178
9297 7310
7687 9449
6740 69
9504 4423
7797 213
1649 3612
5273 5272
2062 8686
698 9767
1619 3565
8394 8229
6857 8909
2153 1050
7193 1256
8774 5091
7427 3481
9171 2125
8883 174
211 4500
8411 5409
4776 1672
8559 9317
9009 3246
1281 6730
6077 3775
1879 1218
9117 207
1167 874
3582 8276
2477 2919
5767 9086
1393 1862
3842 9413
2453 4160
6477 5588
7725 4325
1484 2288
7586 6711
6678 8693
6732 5084
5330 6616
236 4687
7156 7060
7125 1724
671 2959
4482 4982
169 3648
7131 9954
467 8001
1597 7874
4612 5501
2790 5224
9127 3614
828 2330
2315 4996
5230 7328
2649 6689
5789 2435
1099 5953
4737 9617
7044 6524
6945 6981
6305 5850
7247 7777
7712 1486
9386 4060
7725 6057
7650 2758
2007 5091
5544 2810
203 9332
9400 3303
5308 7774
2817 2264
8416 6999
6639 2348
5219 636
8715 889
82 5729
9551 2058
1399 4994
6747 76
4512 9985
6156 6095
9792 2354
6680 5571
7066 7764
8462 1701
3909 9264
6294 8110
1637 3929
1611 3442
7611 6518
5865 5104
8351 3025
6884 3138
4704 1413
3503 6241
787 778
8126 815
2382 5068
5861 1419
365 7485
2550 2390
3543 6310
4970 5565
2193 984
8798 394
5792 6505
6956 8464
7701 9279
9933 8346
1150 401
2503 8870
9626 5640
8561 482
1395 6841
287 6717
8204 4742
3886 3194
7429 796
6640 8454
513 5345
7807 9085
6491 2690
6379 7475
9623 4165
8920 5580
9023 9229
4041 2568
1664 8314
7108 3864
8251 6338
291 1262
1073 1623
1415 7208
4 2014
1796 744
8957 5825
1103 8636
1167 1246
6473 4281
6092 9282
463 7549
762 9958
8595 8895
5571 9942
6395 4351
9865 1047
5084 6894
99 9355
2187 3401
824 4770
5255 8008
5061 5755
9244 207
9549 8213
8461 2758
4932 100
8666 143
6751 524
9201 9571
5944 8673
1210 6394
2762 6418
1724 8011
2111 1105
1361 317
7932 8725
9488 5541
7578 6877
9115 7664
131 2381
7538 9728
3148 4474
5571 6634
2895 7840
1298 1945
927 1348
3123 5875
4750 4359
6582 5993
4535 8730
8319 9727
5674 8476
1204 467
4629 5024
9541 5606
2075 1793
9148 2193
722 4506
2599 9010
8712 7174
7895 6219
7447 4354
5163 3867
4796 3684
3635 5754
6372 459
7597 402
7100 9795
276 1687
7755 7602
6981 4659
3748 2024
8859 2288
1187 6241
4962 7608
756 8717
2044 9227
15 7320
9999 2606
2741 4728
7286 2582
6875 9896
1229 7683
7236 6661
9916 7889
6067 924
2121 8799
3288 8976
5343 2381
2525 8286
2439 9282
2617 4680
5610 6944
1456 8430
248 86
3391 8428
377 3169
8892 8171
4214 2770
6480 3211
9228 4081
6915 2182
6258 5053
7834 7184
3740 4203
309 1210
1446 5731
5530 289
6399 4827
5811 9307
3551 5864
5417 7118
5815 4547
6410 8093
5244 5089
5955 7031
88 2276
7213 297
8733 8942
6379 662
2290 9844
4172 7522
7362 5704
5847 5813
9471 5215
2936 6335
3498 8281
6874 8796
7563 2080
8270 3089
2275 3896
2957 7379
8224 1985
4256 1482
8394 296
6690 8267
6224 9358
3342 5503
1846 5708
2660 2708
5737 7492
4930 4133
9269 6637
8184 8048
9236 2295
3749 3595
1957 6644
6263 4672
299 2782
1698 3601
9368 3776
2160 1375
1315 8002
8353 9236
1308 6685
7240 7589
4994 697
8035 8202
6678 5576
3434 3277
6170 6528
9861 2304
4383 3456
7414 7156
5701 5364
9521 4233
7631 6601
4266 2719
705 7296
9385 4831
9148 4721
4479 8970
4281 6353
1641 9810
7648 3355
779 4986
2250 67
2643 8876
7564 1194
4366 5984
1230 8629
3188 6389
2794 9784
4821 2012
3707 754
5929 311
4432 8351
8835 8930
1506 3810
5583 1552
9534 8493
442 4736
40 5925
6445 6805
3835 2715
5947 4501
6684 3656
3336 6474
8438 8658
6185 3217
6707 1785
8141 4691
9006 6430
2377 5785
6422 7969
1561 1472
5452 4858
4681 4653
7937 2901
746 3617
4363 9049
1578 5462
1822 8982
4503 8269
9513 1681
6465 889
5395 9603
8158 8615
1432 7828
9659 7628
8023 2104
9846 6037
2329 3160
6855 163
2749 7464
2900 1866
5656 2122
8791 9937
46 8500
6964 1282
3143 6950
9427 8373
6609 4877
7396 3077
8560 8502
6424 8415
5873 2422
4822 9475
7416 9704
750 5496
667 9610
5211 872
5647 5861
2446 797
1920 2816
3302 9463
4070 8908
6397 3353
2599 8768
3359 3431
6975 9433
5317 9108
7013 8685
2769 9716
8304 5282
5161 9616
2689 8483
483 2018
6039 6091
1709 1164
2767 3040
4042 9317
5005 3909
8180 9108
6029 3158
5569 7778
246 8909
4553 4628
1736 6869
1474 9135
5628 1970
3026 41
3135 1813
3234 8552
7550 3301
9052 14
4505 5492
3468 9217
7800 3743
9330 3871
7334 9911
3919 9420
5457 5244
2328 2370
1123 5301
1196 2366
186 3340
832 3264
7896 9052
3918 8440
822 5189
7273 462
7870 2158
290 4537
3691 8386
56 4858
6370 3439
5146 126
2403 7366
4288 5069
8953 9381
1000 9640
695 6430
8831 3097
1844 4219
4252 6225
5011 2247
9305 7604
91 7886
2100 8591
3105 1619
7643 3258
5084 1254
3345 2236
4854 9504
5512 7783
260 122
6676 8634
4455 2160
5433 3208
4303 8024
5143 5090
6388 8588
8678 6991
6915 5865
6663 4983
6173 213
611 4397
5008 4412
9681 4518
5015 151
8087 4903
943 3036
4806 3157
1134 4864
7044 1697
1347 4400
9490 3757
6918 2135
2930 7991
5666 1360
7400 5345
5686 8560
1715 7852
8549 1795
6451 7895
5767 2601
875 7210
2103 8644
8267 5411
536 3752
6742 932
3617 4429
1753 5269
5481 7818
5802 2667
4284 4477
5625 5518
7748 7620
5803 1472
7512 7278
9959 1978
8400 5325
9709 2501
2155 2268
8289 2128
4567 3659
4633 8648
2463 6006
3440 8109
7754 2806
5151 8250
1383 3650
747 2163
4832 9176
5362 4153
2703 3223
6774 9476
1650 421
9347 5297
3 3664
2903 6396
4414 1187
7393 9962
9817 5092
60 6682
3401 9557
688 7470
6729 846
7926 7965
7278 5115
2078 9393
1902 3252
6750 7661
3020 5294
986 4158
5955 8721
739 2405
1896 8308
7164 6422
7055 310
1200 8123
7050 2618
7426 6876
6537 6291
133 1185
517 9421
4295 1895
774 5696
4417 7519
1415 3709
4202 1031
4138 8960
3394 5538
3065 3395
3377 3088
4586 4667
7009 7073
8499 6685
7330 7605
6464 780
5398 5752
8760 1087
6951 7436
3989 7375
9668 3081
432 5071
7813 1572
3089 6566
498 9841
3674 8151
3866 109
7998 3461
9304 5732
8584 6476
2109 7602
9114 2290
4146 6463
5174 7424
9423 7054
7087 9891
5641 3032
7211 6939
8956 3311
3210 5493
3569 4086
6145 5067
5817 6690
1753 358
6291 3035
6428 9218
2515 8147
2572 2429
3541 792
3562 943
7111 1226
4941 7611
906 293
4365 8827
6151 1435
572 3998
9898 7595
7524 8577
6000 3186
7398 4585
6537 4017
1271 9907
7704 8455
2539 11
2700 1670
5394 4980
5984 1283
646 7743
8489 4382
1593 2376
232 9276
657 50
1553 3074
3751 9037
2337 1662
5171 8700
9819 5664
1718 7072
2216 2416
339 9231
4632 8755
1382 3987
5338 9251
2217 6129
2129 3068
8550 5101
4257 9414
371 2900
977 3877
2929 6424
5396 1685
710 6186
8033 3425
17 1383
9355 848
8231 562
1845 8918
972 7598
5774 1905
1838 7347
5431 2408
8382 2112
3080 3281
4507 4803
1689 6681
5591 5513
2297 3359
5585 2715
2939 6256
4962 4173
1369 7821
4746 4165
5751 7502
6362 8697
110 3715
2006 4496
2099 5798
3892 2162
8735 8607
7020 2360
6056 5386
5259 8925
7947 1780
9736 8529
9151 732
6246 6541
9619 6693
5096 9564
6568 647
2501 2105
8091 1872
1344 330
7339 2282
8747 7942
3651 4598
3031 3603
6223 7209
1028 5719
8119 1211
6574 5775
2789 646
4139 5605
4866 1362
7500 4167
2298 4466
7904 4561
4025 2117
9933 8622
3871 3299
2806 1267
4594 4544
2127 4922
6 5119
4169 6894
3663 4859
3285 4643
7069 5026
5872 9268
7285 5515
3842 3915
9952 6750
5336 5784
8466 8359
5347 4824
9540 5478
6232 7680
5091 7387
1303 3914
716 7823
1555 755
9249 2329
9447 5574
2458 6782
7502 6506
7276 4303
6794 7430
562 9316
4184 5356
4733 1797
5730 6959
4119 8651
6904 4922
8001 2343
2022 6721
8117 7543
7193 164
3143 6661
8158 8176
2883 8105
7298 3059
2119 8515
2068 1339
3457 3924
4577 4924
8181 9526
9967 4432
5102 229
8764 1645
6838 3979
6038 9033
6336 4283
7297 3846
8674 109
5110 2264
9612 4525
5517 4250
5817 607
3563 8073
9738 4514
2754 4727
6819 7560
5946 2804
9930 6785
3673 9525
9501 1094
7284 9520
879 8955
5527 2871
4056 9188
5002 6500
8087 2399
9026 9406
808 6936
4989 6704
1290 1174
7021 8767
8019 1521
7868 3388
3734 2115
7436 948
801 208
4357 5945
5257 5775
866 697
8230 2007
6280 7137
4871 5950
3519 2958
2739 4058
6892 9637
8780 9819
8226 3153
1341 6869
3308 6959
5839 2015
9337 1526
1933 2769
767 8227
6106 5480
9388 3170
1227 6207
6270 3768
7795 9843
6439 4500
2297 2722
1957 4085
6402 507
8501 2768
2799 7414
4722 2651
9461 1028
451 902
9493 4429
9205 2252
326 5375
3025 9085
2279 5117
8489 9582
3336 5082
1316 1069
2490 5627
4144 5682
484 7306
8002 2751
7814 8412
703 2850
4535 3112
5429 5040
3184 6547
4298 5445
9546 7109
4391 6475
6511 6390
4354 5806
5654 2264
3929 5158
7253 5043
1480 5750
2911 3266
4861 5321
9925 230
2964 2060
2091 2
9466 7985
5127 3459
3532 4816
1060 7174
7380 7561
9099 5781
3442 5686
21 7208
8950 7523
2020 9830
8241 53
6097 1185
9440 6088
9204 5111
8912 9290
4298 2520
6046 1621
5216 3116
3228 4406
2979 9152
8898 7460
7889 4057
2440 9184
574 537
8286 4964
7098 2826
4420 9693
5380 2437
4140 5435
3668 3828
3080 9657
5341 368
4893 5738
4606 3631
9068 6421
5352 5340
7775 9239
7572 144
8942 9694
4057 6047
1028 4006
9754 2635
5359 6552
950 8598
2797 5623
4765 3780
5301 3843
5399 7813
9446 9472
4958 4245
620 4138
7738 2270
7953 2000
4387 3127
835 1171
3096 3360
5282 7932
5659 8550
2583 543
5408 7456
2006 7833
7864 4442
7436 6419
8997 94
8261 1843
6915 8928
1712 8766
9543 3662
3709 9607
5263 9456
1675 6424
3476 2799
1359 4366
6469 8791
6301 2527
6400 8247
5731 353
4509 3511
4455 5140
7384 6177
9405 4877
5346 738
6337 1223
4115 6645
3655 1568
4959 729
6595 8386
3915 4256
3353 6079
1269 9684
1988 2188
9230 8010
4101 7481
8337 6669
5941 6439
1863 4729
3653 5353
3714 5228
2282 8802
7400 4304
845 9664
8070 2259
7196 8781
4555 4687
8729 1628
9069 9065
2222 8273
8465 9729
5646 9000
4326 7792
7054 9193
2690 667
9917 1385
202 1142
2323 2427
4281 9243
1861 8944
412 9381
3777 281
6168 2110
1427 3417
799 4783
9816 6949
9887 3616
1339 7563
1363 5749
6187 1157
9607 5372
2994 9662
5056 5626
5506 9118
5114 9939
4785 170
2998 5699
2691 2508
288 8409
1410 3747
7372 4141
5780 4648
4621 9049
8202 4873
46 2032
303 6375
5276 4435
3549 9786
7351 5425
1494 8633
267 4756
7836 2733
2879 7176
389 974
7490 8677
364 1746
1193 712
5738 4886
149 6390
4491 335
8162 9408
2803 1475
1002 1830
129 1219
1259 7424
1940 2229
9365 4221
210 1044
3202 7580
8395 2154
3072 8308
1598 9398
1420 4379
7508 4768
1543 4055
2223 5481
4169 4302
8426 7289
8111 1277
3 635
7405 7274
9073 469
3548 2021
87 5100
1527 5123
8981 2747
1842 8953
7898 177
3427 7153
1053 3527
9558 775
1795 7990
6209 9998
298 3242
1243 8083
2185 4449
5887 5711
9376 9398
4234 4968
6483 8727
7583 6582
2857 7209
5382 1497
8423 1998
1937 9457
8764 9806
5111 2938
6477 6149
8954 4241
7898 6629
4742 1754
414 4386
9601 7721
7415 6707
3710 7965
171 3927
2225 4691
964 1252
1330 5716
3189 6096
6744 9263
1076 9775
3294 9458
4644 4058
8028 490
2952 6674
5181 3639
1672 5465
7024 7182
8249 3046
6677 4303
1765 1950
6493 4940
4801 3273
5325 2570
6145 7843
5936 886
8227 5220
292 7829
2889 9341
4142 7660
263 1895
6590 5632
9357 7820
3748 7689
5455 8123
9486 9964
6351 6509
7193 1392
7011 3214
4163 4456
477 9558
7041 2631
1872 8938
2129 3786
2658 5176
3563 6367
950 912
8888 5997
5653 1983
1188 8939
971 3696
1582 7112
9926 3741
7620 6359
5095 6200
2400 6589
5768 5031
2873 7796
6189 5965
7904 4399
8586 9790
7142 7781
685 5358
4349 145
5951 7652
9928 3363
3692 3740
4849 7849
1244 3109
912 4889
2971 7358
7041 7952
7255 5101
5153 8360
6699 2886
4238 9814
3691 1929
2308 677
1830 1041
6186 3913
3374 2620
8058 936
1601 8780
413 5483
3614 2617
7660 7516
8002 310
507 1870
9916 3600
1983 3590
4187 2278
3528 9277
6477 6742
1108 7461
7311 4073
3082 255
4557 8702
1068 9703
1524 7780
7708 7021
1265 13
4373 3363
6739 4885
733 8963
7749 2582
697 1686
4727 5154
7641 248
6912 8454
3430 797
4229 1707
9910 6149
1337 7228
2487 2886
1372 3841
3971 3685
7317 8236
609 1453
5122 2438
3059 6177
6790 8733
6342 1550
4028 6462
9885 5378
7376 4127
6992 2745
1457 8170
8674 8180
469 7384
2410 4565
3853 8389
2762 7424
3734 2064
585 6279
4914 4107
4300 1590
3992 5952
944 3872
6367 4607
94 2110
8594 6435
5392 1328
1753 9581
592 476
8915 5725
685 8857
7074 4521
3388 933
6921 7546
7972 139
5036 6910
5197 7767
6960 1008
6320 2354
791 1910
2120 6805
5633 9510
5742 989
4211 9431
4927 6101
9645 7546
1961 5837
1141 5791
904 7348
8120 9918
6265 5061
2646 5823
8100 3707
1947 9756
5634 9075
8542 188
4869 7249
8139 2218
2488 9809
4744 8519
7497 3637
6020 2292
463 9179
665 9308
1711 7481
5332 8678
2809 7806
2005 9664
9985 8513
2183 5093
8491 9618
5073 6270
2068 647
2312 251
663 3524
7636 5146
6740 6310
3455 3361
8931 9636
5851 1335
8615 1361
5385 3872
2547 7277
1507 556
2583 6854
5777 4714
9943 5658
8602 1343
4216 446
7532 6147
4367 3447
3331 2949
7006 3428
543 4547
6120 3497
8111 3999
9313 3135
1811 7897
9415 8103
4013 1373
8390 5765
7624 5472
5101 3460
8304 643
6850 9560
8000 5174
9845 1436
2687 4484
6357 5887
4940 3537
3986 6083
2760 3581
7788 7442
4369 3739
9367 3120
1748 7203
717 4383
1950 1703
2968 7919
1232 3096
8449 7841
6045 4720
6801 2791
6411 302
7019 9320
1294 6362
4474 5294
3840 813
7853 5889
8593 9995
5531 5557
4957 6044
92 4185
6579 823
2649 2916
379 4496
5529 3979
3711 3989
9732 7287
1521 6691
7981 8782
8476 3176
5368 3327
1236 3817
1906 7230
7325 3883
4855 4894
698 8353
9603 7014
2567 976
681 1745
5821 7955
8870 6796
7059 1806
4862 8248
3671 9872
2862 6722
8751 9643
7276 5039
6412 6558
390 8455
9999 9269
6955 9166
6924 8606
3619 1482
410 861
8766 1517
4154 6829
3543 242
472 2920
4093 5024
2033 1821
9013 1887
4522 6909
352 2906
8776 8774
6612 2421
6447 7995
4348 1585
8434 8645
1210 1809
4815 6593
9289 2816
4195 787
7454 9500
3096 8050
998 8249
113 9352
5659 3162
1355 655
8511 809
7093 7134
2066 2284
8923 5526
7298 3208
972 408
616 9526
4585 1705
7928 8349
606 8422
8539 6375
1527 6286
5601 3289
3630 2367
8376 3379
4949 8682
4520 8469
7875 4823
8425 376
6167 906
4331 7785
6407 2454
10 1336
5911 800
8875 9001
4709 987
2470 3353
2595 6366
4767 7464
7317 5586
5592 1744
3295 2339
8384 9732
7481 8643
232 3760
1321 1484
2728 9291
6436 5871
2351 8706
4534 6447
1448 9917
7465 6623
2937 1557
7690 7060
1586 9540
3797 4268
104 7340
4706 4817
4066 4170
8974 548
5117 7772
1525 3989
3053 7075
5689 8211
2474 5323
9409 4354
9501 2900
2706 7378
767 5851
6989 6534
6514 8151
576 4809
9131 3020
1932 5113
2737 9125
1686 3465
5662 2131
6049 2495
1614 4286
7790 8731
9156 316
480 3113
6011 2707
9482 1331
7591 507
8455 5530
5259 5522
7041 240
2819 4266
9333 1596
1582 5989
1059 9356
2983 3984
7611 4549
1162 2217
1787 6139
9792 1066
4489 3552
2756 6340
8102 6889
5161 3636
1243 1060
672 3995
2490 2913
7697 5196
5482 9592
7569 232
5317 2640
1367 9411
3601 2369
3335 7074
1169 3961
3002 8961
7620 1844
1757 2359
7480 8720
6624 5166
6249 4232
7033 2280
2386 9388
6248 5524
5369 5744
404 3224
1880 9553
6163 6492
2679 7216
7725 4732
401 9567
4172 1350
2924 4828
760 2849
7341 9475
9831 1797
4580 4888
6895 2690
1225 42
3955 1969
2359 8296
9316 9819
9304 8350
2935 7729
9418 7676
8270 4701
5975 3780
7767 4929
9841 6943
5840 8046
3933 8131
107 3746
9101 8796
8297 1250
4353 2317
9045 5547
289 362
9567 8343
4219 9316
756 4001
9526 4762
7221 5308
7701 2801
3461 2868
5229 3317
283 7672
2138 6010
5488 6160
9932 5179
4311 2827
4914 4361
6103 4627
1655 8124
6475 1727
3594 9627
5636 6210
9084 1174
5174 2633
6890 2802
6198 1540
4680 9424
839 8968
7667 7959
5832 5585
256 8438
5750 4477
7789 5098
4699 8032
8329 1243
9371 5272
8539 3520
2426 5111
9962 8266
8649 6961
9674 7468
641 6327
8382 922
7602 9954
5514 7365
6127 5486
272 7873
7337 4515
4087 344
2598 4968
9009 5368
7648 594
6454 4943
5098 9736
5464 2538
4127 5927
7846 3899
3108 6054
5378 130
3498 4842
6672 8701
7622 1885
2551 6762
875 3304
1255 6176
8450 7664
1798 5642
4427 1188
5059 1602
1213 7292
8240 3774
3151 7462
6713 2692
3561 7985
9682 9690
2523 3717
5206 2306
8984 854
9198 9333
7434 390
2548 6624
8394 4264
1100 7377
6511 9283
6215 7189
3642 6693
9042 1367
1582 1393
9249 882
2556 5049
3709 6152
6638 3717
8365 6755
284 3586
8465 8010
7506 6238
2324 4321
4644 117
9342 8382
8841 7039
5294 5217
3253 1749
6902 8085
4135 229
771 4464
8883 6039
4387 7223
1927 959
2450 4377
4931 1003
229 1340
6994 7905
53 9882
1394 7520
3360 1852
3072 6846
7248 5503
3135 6015
5059 7029
8305 7244
7437 6868
4428 5500
3593 2878
8940 6510
5093 3964
5937 4732
8022 5108
3623 754
4422 4073
7467 6820
1922 5089
162 9400
6537 7633
1769 1929
484 2927
4726 7030
2486 104
3571 5947
2811 1888
6764 5684
9169 4715
5759 1253
6105 3107
5345 5079
906 4981
5560 4705
7903 3750
2334 2719
7678 9986
1749 8411
7812 5290
259 567
2328 8826
6827 6168
7798 8183
3848 8294
5215 3717
6951 1914
7753 7132
7938 5024
1898 6062
4819 7455
3776 4269
2027 805
4939 9207
947 7760
2725 8733
9559 7349
5239 2518
5277 7178
7039 6038
2961 7285
875 4208
6118 7432
5226 2044
6349 8616
8095 2504
206 8287
3127 3940
4822 1730
7918 5589
3079 5310
4895 1065
534 1722
4409 8717
3281 7497
8536 2276
6009 178
6456 442
7227 9529
9433 8496
4594 6551
3435 672
8679 3106
3167 7330
4066 1850
4358 7956
9228 8045
7505 7872
7969 1489
9513 5948
6123 526
4578 2343
4827 3186
9817 5362
2691 4967
9431 4177
8550 9442
5923 129
1073 166
9628 4023
4441 2542
1342 9279
4745 3927
6327 7352
7389 5865
8343 9748
4215 1091
9376 56
44 7980
7694 5728
4528 6008
4360 2572
4040 3888
5400 2013
5317 9060
3894 7630
2016 6145
907 8230
2434 4874
4696 2447
1516 7821
8250 2223
7897 9505
6730 4474
8017 7651
1330 9033
7554 4510
4623 4383
7967 4713
2723 5191
2851 1856
3410 6373
4643 2010
7040 7276
4740 2025
148 4553
4746 4075
7924 7708
9032 4329
8532 9579
5935 608
6031 6719
2104 5127
998 6104
2644 1316
7380 6257
4812 9612
8417 5706
7826 2974
5197 9316
249 7794
6331 3724
2283 3341
2903 7463
8447 3571
736 5235
413 7020
5217 217
3928 6370
9414 1775
8638 595
6534 5184
3059 7191
4792 1157
7442 1367
4943 7641
7156 3559
8985 1393
6085 3772
5540 8578
8594 6949
1490 7476
3316 8285
3508 3580
1991 6047
8512 2517
9421 5267
282 2444
5451 7051
704 1208
4886 5384
3748 5426
7031 5645
7482 2194
5236 9148
3261 8525
1051 3015
974 815
537 4673
2263 145
5797 6419
1807 5059
5787 5371
5929 3540
9119 9415
1519 9638
57 6121
7812 534
6277 6759
5770 6484
3886 9794
1919 5836
8725 1343
7091 3938
3196 1142
3959 9691
4526 54
4458 8361
1721 4035
4578 3846
5529 2073
5123 7066
8425 1057
5484 4006
9864 945
6472 8019
1917 8666
4381 5006
4489 5282
6616 6472
7869 6626
7856 5920
6908 21
9749 3101
1131 7656
2996 5772
6102 2425
6315 8059
1706 200
6073 3122
6885 653
3757 6299
8337 7817
8849 265
9701 1758
2342 5030
4492 1893
4280 2808
8207 3992
1500 8433
2048 8234
2790 559
299 8296
9688 8090
6707 2916
5239 3231
4314 2048
3464 6295
3130 3018
7287 9391
1958 9502
3571 7101
249 6382
5678 6085
7782 9981
234 7720
8011 302
1676 4984
1058 9005
8187 7921
8975 4904
8198 7270
7018 9001
5776 8658
755 4149
5320 2424
3826 3805
5237 6838
7193 4841
1974 8982
5802 4241
3540 7229
1673 397
8752 2003
5835 8827
5087 9531
8855 4643
6567 8942
5423 7648
3943 3803
3519 3810
9664 9863
1654 3610
9458 3178
5182 6
3503 3612
5371 8411
3427 369
7243 7512
8964 8159
9916 2503
3536 6383
6880 4752
4582 1769
7592 7667
395 4726
7840 1682
6258 1170
4878 8179
6707 715
3522 6849
5216 7558
2643 9405
5077 7105
288 7225
4107 5131
3693 1312
6761 3506
5786 2230
923 9939
1494 3120
1659 9597
6801 9128
7784 6389
6719 8229
9188 6591
7486 3818
1922 6979
8176 4250
944 125
7829 8908
2843 6767
3011 4378
2963 8828
8314 340
6970 6425
3223 7514
1104 1290
7267 3841
3485 1777
4343 9860
7498 9827
8953 219
2683 7714
9007 7108
2668 2925
9240 2861
6782 5750
1701 3323
3137 8317
4349 2365
5157 8543
600 8039
2690 9846
6441 8822
8902 651
4814 7241
3197 794
3787 1817
3023 9590
8298 6751
6620 239
9949 9182
1470 7704
5607 3600
468 3934
4502 6599
6543 9845
4521 8683
9217 9608
138 1113
3888 3728
8541 5836
9251 1550
8823 3649
2071 1500
7377 91
4291 543
8506 3253
5420 2413
207 7217
382 2801
5599 404
6871 9777
7882 2696
1344 8184
899 527
6679 3152
1741 8453
8090 5910
2033 6509
2840 1204
9942 3639
9208 8211
8202 7211
2224 3938
7693 814
7573 8166
6915 8867
9294 392
8963 1603
2576 3235
254 7981
3832 9269
1796 1264
9629 2192
317 8986
583 6021
6855 7604
6094 9565
3843 834
904 8536
9285 9349
4577 5526
3657 3801
432 8470
8263 8426
607 8340
9999 9962
8467 3894
687 7122
4086 3387
5540 6182
5531 7684
6934 1410
1694 4282
2664 7348
5234 9624
6803 7938
327 9961
7160 5380
6778 277
6009 3083
2045 7655
9125 1177
9841 5529
3549 908
944 1632
8919 633
5659 4362
2010 7496
9546 9650
9721 2659
4427 8690
495 9056
2850 5470
3826 6631
7762 6601
7363 7317
7418 7663
3557 3809
7688 7550
7362 5831
6931 7283
3156 7236
3664 4066
6130 5111
2565 7328
778 9048
1675 2876
3716 5306
5287 8252
4507 9061
2639 4267
4576 8139
4250 2585
8124 1660
9705 2115
8506 357
511 3541
71 761
8284 4124
6084 3996
4575 6404
8986 7395
2519 9549
885 170
11 5577
885 6625
5490 8927
2159 8112
4079 9896
649 2037
9618 4705
7469 1123
4696 913
686 4279
1199 8536
1396 6533
5468 4255
18 6857
1266 9064
9720 593
8786 9268
6418 9859
6573 311
4618 8810
2754 7897
9407 1242
7931 7284
4330 9204
9152 7496
6897 5037
3004 6753
4798 8891
1751 7976
1652 9702
4658 6043
7326 7642
9399 3552
8798 3445
7954 6027
7967 231
5930 9619
6986 2493
8856 5445
9731 7659
3312 858
4001 4409
4045 1473
1253 7599
1211 6506
2156 7777
9080 5482
8540 1420
5026 3968
1319 5395
3173 1280
1270 5540
7036 4129
844 7535
4203 5827
8435 5401
4251 8476
1243 1846
3849 1632
7457 585
7180 1575
4807 9310
7567 3669
7269 6608
885 9901
5004 7973
629 7313
9366 9633
9411 7553
4656 351
2795 9104
6588 1864
4815 1945
8625 5035
2603 9412
9608 6124
9767 8320
9581 6518
9034 3431
5036 1312
9042 5596
6596 6168
4143 7833
2595 6767
9550 4495
1870 6021
1336 9621
871 7715
7343 9760
7331 7181
800 5930
4772 1432
9708 3540
9262 2291
3864 1713
4591 8204
1444 8721
4542 3609
6045 5501
3740 2493
2641 9066
8252 7820
9343 4493
2717 9862
5014 7
1850 2118
697 7619
2627 8792
3251 4672
8296 6537
8397 9439
2566 819
5074 3590
6359 8568
7513 6442
6949 2152
8141 6778
4284 7308
9281 6653
92 3400
7429 3335
5507 9116
7731 1871
600 3070
3959 7190
1621 4807
9920 8897
1674 2436
3211 7228
9556 1568
350 2295
6853 775
6219 2979
5975 5828
5902 9046
9812 7503
9307 4331
3966 4965
6613 8373
5613 9241
1734 1986
6321 6507
5435 9759
2335 70
6386 7390
3491 4487
5281 6254
7298 2825
2045 153
8197 9871
2437 4362
9782 4306
4494 2503
6738 3123
7945 5795
6902 1973
607 7444
1010 1754
9685 4138
1688 2227
279 8259
4927 5103
8530 2584
6806 3964
2869 1877
4733 5239
7890 299
3163 8802
118 1299
2979 8660
8575 2246
9534 1195
5532 252
3820 4272
5471 2153
3047 5647
6855 5463
6764 5385
5535 9129
8845 8710
5855 7151
2623 5507
5866 4613
8849 9163
2516 6099
6559 9671
1889 5902
1528 7007
4674 254
9744 4649
3265 7701
9798 4414
7265 5685
7720 1763
6792 4067
1333 5486
779 6457
5579 890
2671 8121
8782 9458
9621 3462
650 6247
5536 3585
1139 6445
8205 1478
5804 4912
7988 958
6572 838
1221 9642
1572 4846
7458 9142
8696 6935
8347 9029
1192 6538
1874 2121
5010 5377
4740 3756
5707 2164
7216 2191
3519 9232
9602 1819
8372 7846
2669 4299
3037 6144
9960 1630
7164 3241
8332 6201
7042 5790
3970 1284
6207 2970
8550 7146
9056 5586
3279 1888
7778 9637
8463 628
1617 2194
9884 2018
8685 5776
6424 4859
6220 3574
9434 7652
646 9312
5714 5412
7736 8504
6635 969
6331 1679
2475 9337
4300 2540
3698 5102
9368 9369
8003 1527
7994 8669
5296 8598
3412 6832
1531 7037
2184 3691
7362 5335
7373 1030
3893 3627
657 6680
9750 4298
5930 1605
5258 307
8647 538
1771 9362
5425 7267
6839 4186
8040 8656
2099 5991
6398 5080
163 8410
6022 7948
6039 3488
3357 9973
8072 5307
7502 9012
4475 5320
6842 2898
2980 4465
7529 1829
9632 1184
9677 4771
6729 2923
382 4822
53 3652
6833 8140
3296 4112
2132 9820
3606 4241
8037 6756
1245 2621
9500 962
5471 4719
4816 4927
7950 60
6146 7048
7352 5092
6088 1807
7971 9970
2403 4205
8874 9891
7703 2875
4170 8907
4979 9299
4749 4278
233 9148
9186 816
6035 9122
3376 1326
9331 3782
7375 4646
3274 83
852 3153
5217 4480
288 4978
9346 1064
7842 5646
776 2084
3909 9839
5884 6378
8012 2975
4471 1459
116 290
4770 5384
3684 1867
4698 2689
226 3921
1727 1135
2224 8369
9343 7979
6223 4902
6533 6715
6494 7242
9993 2846
6464 5574
3548 8586
8814 1143
6120 7572
4238 4142
9370 1286
9553 4542
8087 2865
4929 9059
7837 349
4616 1965
10000 6492
9316 1186
4112 4469
5739 8996
1897 7668
8399 1728
7541 4675
9669 1523
2350 9022
1848 5230
9776 6058
3184 4547
6577 2940
6363 2411
5931 7088
6200 6180
6839 2517
512 8451
4734 7007
7882 9756
2027 9858
2350 1309
2682 4759
4247 5469
6346 5213
7674 6580
2726 9832
5121 1926
5834 8769
5858 8382
7029 3576
302 5654
1853 9350
6714 9311
4776 420
5961 5598
3680 5608
1508 7620
191 5417
7764 5671
5630 9765
1341 139
4887 4251
7387 7812
2641 2357
1195 6137
7433 8938
8987 222
7824 3637
8268 5027
6959 3080
8595 1428
5678 7412
5618 7345
6163 5842
2887 8235
6413 8724
9803 9574
6133 1005
160 4665
4819 9316
5084 6247
2182 6038
2701 5301
8117 6851
7731 5909
5074 79
3668 1831
2876 9237
4548 3979
2529 8232
4497 9343
8628 1583
8013 5548
8421 7126
2678 9020
1563 9857
9474 121
8993 7887
5783 5398
5209 4504
696 3157
5735 2750
6382 5689
1291 5897
5062 7530
4721 2404
5471 98
1222 3276
5368 8937
6535 7928
8401 9528
2518 6970
3845 7077
8001 6802
5350 4340
5858 1378
5654 87
59 1964
2905 4505
6778 7210
1052 6919
1310 2039
3161 3088
192 6811
805 3434
3752 4159
5824 5411
9989 4816
9154 9744
4654 8913
1083 6232
7903 2614
7916 6923
4570 4053
2619 4251
8984 2188
2519 2916
4140 229
6295 5576
5880 4457
6624 3570
8268 1537
543 8322
9141 3287
9845 4699
4935 3885
712 8787
1665 9311
3777 4821
979 1237
6045 2458
3343 8008
8454 1824
5593 5298
2238 864
3508 4515
1504 4193
5881 2069
9883 7284
173 2908
4499 8171
7073 1882
7815 4938
7398 7241
3856 3442
8079 9599
81 2494
2200 4249
3202 2320
1937 9417
8738 2160
9701 882
8575 1466
3184 1370
8530 2114
4077 3453
8110 6527
341 4773
7960 5705
6873 6916
8350 8977
4179 4419
2341 669
8144 375
4180 7133
2807 5173
936 6139
5532 3650
2518 7296
8818 3831
6158 6776
226 5571
385 3957
9751 5806
7489 4621
9964 3651
2757 4193
4454 3422
2314 6609
7761 9693
5088 5226
2758 7413
2863 2591
3414 2986
3348 2739
9623 717
5056 7917
2926 5492
6921 1290
3786 5066
283 9149
4179 5642
8562 4381
7043 4489
4281 4509
2920 9605
8087 8632
9337 8268
2982 9383
1226 653
4554 3877
1274 810
1740 161
3648 4574
938 1248
822 8155
7403 3800
9857 6288
6262 9882
7195 3522
534 603
7925 5858
806 6755
3125 5239
616 457
9988 8341
9550 6157
3796 4719
813 846
41 5668
5285 4489
6324 9162
9170 7320
2908 9175
4633 9328
3770 5888
2411 7780
7132 776
6723 4368
8619 9399
2478 259
3073 9649
5331 6755
3875 8899
1789 3383
7664 5525
4792 950
4648 1804
5212 1756
7874 1352
7625 3969
4369 7886
7291 155
2173 1118
7777 3732
2928 9837
7312 3920
2324 6114
5598 4859
2055 9071
5652 8091
3682 7576
4045 3656
4817 9744
917 7039
1893 8666
9046 7258
6316 2550
706 4181
5068 5467
8908 6335
1938 9563
5941 2854
5617 184
3541 2250
3677 4571
2455 8078
2259 2698
2106 2547
770 8592
3301 1045
8139 9476
480 4001
7434 190
4717 1903
7581 8190
7596 1074
8848 7025
2699 4207
6144 3446
6662 964
4648 7052
9798 6022
9123 7931
3225 11
3932 9296
3081 980
471 6687
7783 2566
9947 4473
572 6492
5064 2277
4659 3360
2360 101
419 5381
4923 9143
6078 9284
7754 9953
9722 7831
3051 5375
9581 9607
6742 2917
7625 3554
6933 7863
9560 3390
9383 5225
2749 8598
9174 4717
5389 1108
9159 5703
5979 9419
7988 796
7361 4370
2794 9059
3852 7772
435 9892
1205 3148
7777 200
1104 5576
6030 1270
5132 5439
8728 1746
6982 7690
1824 1713
6095 5229
9119 6374
8964 4114
9111 8100
4368 8722
8600 447
1526 5508
1269 9358
2259 219
2432 7498
9359 7666
7480 6115
209 2769
7685 4073
8427 1112
7701 2065
4801 9635
5228 8626
3103 6069
4216 415
2716 7375
7140 9198
5969 3196
3912 9907
909 4172
8442 7438
2070 4499
5906 2551
1359 7279
8600 9354
7232 6439
8274 3818
3205 2040
8449 8371
8453 4023
2944 7422
4415 2989
2076 4798
9367 2045
4370 3933
8928 5462
6471 4700
769 7559
3035 4632
6953 3652
918 335
5557 3882
5965 7580
8074 4732
2148 6734
8914 7595
2427 9274
1882 2987
5120 8058
7646 570
1417 8747
9751 827
9659 5100
3142 836
6912 8952
6480 5690
1301 3261
7430 9087
1533 4788
3810 7690
6690 5935
6474 240
6665 1703
683 6653
8716 8709
7813 2502
1534 9584
3077 5731
6895 1946
6915 6950
3658 8077
2847 3886
2455 1892
2063 2253
5330 9186
2864 2143
3378 3977
3264 489
3891 6630
6707 1984
4516 8003
9015 683
7104 7926
4118 3873
4258 127
2677 2403
7803 7741
3047 525
1331 2463
1471 9416
7659 1020
7104 870
4100 3892
7586 7558
8537 4438
2924 9199
5114 4701
5974 1024
1522 5137
868 2510
40 833
7340 5360
7663 7156
7507 2035
3502 9233
5917 6204
9340 2205
2753 6003
651 6269
6403 7351
8419 6474
6741 3929
2044 387
5495 3412
8612 8043
4357 3162
1936 7446
6750 8207
3589 8467
2983 3185
6580 7485
3719 7300
882 2106
4323 1498
7096 639
10 961
7487 316
1009 5437
1479 2653
3596 8148
4595 5488
1622 5801
9573 2025
1301 9322
919 9282
5946 5535
2528 617
9755 4095
9859 2553
9187 1528
1469 7773
7488 3835
6954 5809
972 6937
4278 9585
4135 3343
5855 4014
2965 3404
5397 3063
7862 49
1625 9310
9360 321
5167 3147
3528 6981
4737 9765
7651 338
7809 8791
6985 8476
5889 1448
7090 8846
9026 7971
2189 2201
2801 8153
2857 4132
5948 5740
8871 8710
1369 2967
7382 95
1379 6602
3519 3137
749 1991
9872 1508
7587 509
3737 2943
6714 4765
9793 8660
5006 6944
2012 3947
9045 6075
8741 8067
9120 4836
1154 7233
5915 9659
1122 4113
7479 9401
220 5697
7975 8109
2290 1249
7979 3419
7892 1785
2126 5488
7385 7731
6016 5960
2263 1776
4038 792
7832 7696
6404 3874
8879 8659
8044 9922
2085 574
7253 1084
7586 6240
8942 3951
1066 7865
7431 2928
4640 169
5216 8720
9878 1260
8868 3870
1303 2492
4024 3073
7690 8366
8905 5281
2939 7258
9410 770
6418 5198
7618 3442
6813 6501
1508 2893
9890 9288
4637 2358
8838 2955
2974 9534
1224 9206
4980 5876
3487 8729
9993 4083
3956 27
1140 663
984 7972
2877 3194
2223 9298
5629 9869
4278 7497
3599 4125
2204 7944
2289 1946
4566 411
7919 1463
8706 6654
8622 6436
9737 996
1590 3544
7271 2801
8091 6965
1767 619
3542 7849
7008 9130
5539 2655
3535 6030
6693 767
4481 2285
2971 6536
5306 903
3043 1127
3356 1072
539 2389
3657 6874
7091 4161
9051 2120
298 812
3376 5859
4861 1068
2098 5845
3440 4990
6965 2028
4212 3803
9235 7562
9024 1620
9286 1541
2653 106
885 8463
4623 4997
8913 1864
4749 3889
7938 2869
4676 9040
8391 9841
1092 6240
3832 421
7166 1009
3078 9659
830 7694
5401 3283
527 5288
5929 7895
5518 9404
8737 4606
7322 6649
1274 2915
5407 2632
717 2297
596 1342
2639 9780
2969 2846
7543 7683
1777 6863
6243 7299
2122 3742
6090 207
8226 3211
9141 8644
3634 8802
7381 4733
915 4707
1694 9927
577 8026
1343 1492
6878 3675
4632 1830
5626 1218
4220 2690
1648 6342
7706 3383
465 3617
7905 3605
8031 7788
4198 3738
3167 2003
1953 377
4878 499
3943 5169
8774 5637
9433 9898
7616 4906
392 9963
7410 6982
4998 4112
4159 6021
707 9460
462 7810
4388 7790
9556 9111
7030 6115
6475 6107
9268 714
1125 7795
7271 1539
5608 4944
7693 116
8972 4269
8378 211
3640 552
218 5336
8462 7474
4668 5743
201 4864
139 4160
9497 3904
130 6884
5505 2104
6058 5584
2470 1281
2318 3617
9672 8667
9903 3365
2952 3719
5321 1782
6220 5866
7511 7192
2261 9714
5867 2076
5835 6665
8721 653
2988 2518
9348 3218
6075 9148
8252 4092
5572 7977
5524 776
659 8509
4093 7081
9780 8323
7279 4594
8593 2784
2116 1185
5075 2861
3244 7651
5699 9128
9842 9888
5478 937
5951 281
8950 9493
711 7874
4919 7491
7137 8
848 6607
175 3949
4533 8157
5148 8767
8966 9232
5907 8344
5485 3865
3254 4390
4904 6833
9124 1501
3071 9651
1718 7453
2927 1485
7642 1542
8036 993
2809 5222
2566 9014
3816 9968
2576 9672
1359 4224
1194 2512
9065 1348
8316 6197
6431 8254
7329 7000
617 2325
7593 4527
9543 4797
3613 1712
6525 7782
6203 9696
4416 879
4877 7405
695 2623
8852 1288
2669 5884
7926 3121
9708 1615
1159 7607
4023 9015
8930 5181
788 6723
1461 3129
5676 5977
1433 6001
4732 5910
4218 1049
9957 1670
5846 1381
1790 1039
8139 5191
2221 903
1459 8999
2649 1336
2846 7526
2003 3647
9868 6904
7822 7770
6216 1355
1888 749
7815 8735
8317 2541
1069 5851
7089 5945
1739 9876
8447 1980
3384 5425
1154 3926
8930 3353
2425 6829
2076 708
5865 5829
5904 2258
7247 3358
1645 4418
9259 9690
9017 8797
7910 3216
4962 3946
7463 4977
2057 6085
10 7162
669 8968
6643 5089
8121 754
5463 2236
6361 7731
6881 3221
5023 67
3138 7665
5013 6077
9332 4453
8335 990
896 6013
1344 2863
9079 5043
8469 6759
6524 9737
24 9498
4251 5457
8455 5010
8824 9210
3289 9972
5003 2279
9235 8122
663 5735
3428 6625
4407 5172
5481 4656
1895 4786
3992 9213
380 9195
9590 7499
6566 8980
883 7875
1745 8881
7965 7772
5053 4575
773 9603
9736 4797
3181 7996
7171 9328
3396 4361
6391 3197
1249 2260
8324 5732
217 8747
1050 4844
9553 4466
1047 3233
353 1531
8646 6080
3434 2834
4184 8462
2608 102
263 9379
9042 649
5814 75
8595 2386
9181 7199
9743 8008
8785 4140
6594 8211
117 5578
1254 9213
8725 3505
7128 2939
4126 2097
3503 9308
6898 6961
4707 2296
116 4466
8792 7681
4961 9337
311 1710
4181 75
3292 6987
2867 3562
9673 8960
3365 6661
1152 3164
5269 6994
9267 4731
1696 2236
1315 2576
9822 8635
3654 8270
5374 259
9544 1503
5810 7572
3724 2098
516 963
161 7038
8972 747
5672 4254
1708 1419
2023 6356
6902 1411
3672 4419
5394 6169
3766 4270
7812 4285
5270 389
5332 4648
645 2912
1582 8418
1085 5100
7224 1966
9632 7487
5681 8706
5779 9466
3808 6593
7908 8490
6451 6090
6428 9142
2636 1291
2054 7457
1511 2312
8284 5871
1799 621
6923 2323
4382 8371
7788 7439
2900 5267
925 3789
8587 4236
2552 3719
2650 8359
6596 3160
2082 4750
318 8809
8966 2614
4568 9366
8703 7895
9127 5616
6063 5338
7032 7894
8404 153
8938 6553
6482 3951
2488 6714
7122 8795
9974 4996
3935 8328
8127 4788
5242 4027
9968 440
1390 1392
6446 5955
6815 452
4278 1447
9387 1835
1356 8265
1351 3319
1773 9231
9075 9087
5030 8193
9021 1431
6526 1715
1024 9879
7133 58
3003 1180
2066 9672
3006 5299
2490 7902
9899 9677
5974 2272
9963 3388
8182 169
6609 73
6708 9540
7583 8178
9128 1594
5652 1996
7544 5823
3911 5519
6059 5640
9439 3923
8812 3753
2996 6129
4396 1262
6740 1607
2129 199
6312 6347
8007 3800
318 9473
8837 9430
5698 1409
6918 6903
2902 5694
7769 1628
4565 493
8668 4458
8062 8153
2826 176
9067 8397
8190 5382
6217 7903
4860 9883
1225 6368
410 5710
3622 9292
1958 6561
8698 8598
8943 3247
2154 6764
9893 8983
1169 2374
9459 3166
75 9598
9204 7455
8967 7706
2419 6845
2379 5127
7055 2497
549 2299
8290 536
1772 252
5934 7632
7171 4451
4902 953
6410 7837
8767 6452
6698 1595
685 549
2066 6677
6509 1065
4921 942
6744 7477
7171 4406
9020 3278
7126 4720
430 7523
7515 5294
8107 9439
9644 5138
6256 943
8896 3572
5016 3538
9074 7955
587 3874
4294 525
3875 9304
7721 1064
1824 8530
3389 748
8360 4553
2738 4675
4500 6994
8292 7726
7053 3302
9769 8050
9475 5799
9561 9572
6543 166
7875 7963
1701 9533
679 960
5087 2304
9208 9372
3177 3878
806 8213
5320 6839
8755 531
6617 6116
6768 2689
1381 5179
8066 3908
3856 9868
5564 7327
8862 8731
9678 7374
4725 3319
7038 280
5795 1154
3191 8533
2469 2878
4018 9322
5014 1190
529 2488
3500 1665
2748 7257
9586 5292
4211 9916
3600 5771
8124 4550
7099 7750
8545 5467
526 8733
3359 383
8068 283
9822 7081
8681 4659
4897 2858
1895 5267
7965 9368
2289 9581
4689 182
2431 704
7180 4540
9264 2029
2177 947
3868 7767
9165 9878
613 233
314 7884
3995 8192
6789 5525
9747 3678
4580 2262
1751 6637
2619 7144
7134 1937
7463 3299
2147 518
5562 6797
9030 6191
8264 5724
1535 1352
7707 7851
7579 3029
936 6806
7823 2058
5750 715
8627 639
8845 9581
6984 9819
9875 7353
2232 9849
9252 5748
9527 2759
216 7175
9432 2337
1716 3220
2219 8913
440 1309
6395 1717
5063 5373
4851 1911
4684 6999
1585 6579
2954 4900
3945 2667
1255 989
6637 7757
9436 3
5915 5612
1998 6702
1917 8748
8223 464
1998 3806
7634 5987
492 2665
5690 522
1384 5748
7233 9307
3483 1971
5874 5062
9107 8403
6452 3126
9154 1726
9013 4928
5040 3348
9155 8128
53 1675
8956 8631
6252 6014
9767 8612
5085 8615
8432 7116
6196 6633
4231 7811
8493 1501
6570 3313
65 2309
6305 7942
7458 5313
9521 3320
3375 4932
7614 6391
6046 8404
2219 1669
7174 4937
6199 2614
3066 1677
4517 1095
3621 9637
5410 7713
8396 613
5193 8669
7356 5192
6063 1661
347 5081
5648 7743
2914 6155
980 7835
4039 3964
6611 1366
6486 6338
2120 2918
9086 6948
6191 3205
7248 1767
2431 9912
4548 9346
1077 4158
5817 4405
6029 1882
1682 3560
2300 7314
9123 2480
9720 4727
6841 2220
4802 7399
6991 437
136 843
1070 6890
1956 4580
1583 6944
7321 9907
663 3016
6467 5822
8828 7845
1221 7327
9247 7532
3796 4004
6368 9587
1325 5521
8904 3073
3833 593
5336 143
2474 6275
6437 9420
5431 9139
1191 3255
4376 7294
9241 8478
1269 9026
5586 447
3928 8017
580 5873
4545 3051
4651 5282
6340 1267
9701 4890
4245 8927
5632 4106
5533 7721
148 3029
4831 8153
4789 4269
8220 4130
3856 8876
1863 783
3036 7518
769 2805
9989 7204
162 6592
6573 6304
7907 6454
8859 4088
7196 4746
4518 6704
2250 3302
8345 361
3909 4608
4419 5981
4038 289
4567 3093
2613 8358
2508 1600
1524 8629
31 7851
8801 4264
247 5770
7926 6967
6519 993
3225 6091
8883 1853
5327 1889
3827 2872
1752 2562
113 5605
1031 6153
6052 1615
1415 1533
4983 660
4154 5691
8730 2701
8958 9728
4460 5653
1300 1993
12 8782
6317 3584
7224 8020
33 1227
9753 899
9748 9722
7078 1679
9153 7528
1804 430
9234 776
2683 2350
1808 1645
7515 81
4756 9402
7203 9049
8980 4517
2063 2078
3083 1263
284 6646
3431 9228
5566 5509
5598 1701
3564 438
4248 2453
3524 4436
6991 5227
4842 3193
2620 3211
7642 7270
3993 4945
2223 9309
4742 4836
3191 9103
7916 9688
8146 8808
6636 6710
7860 177
7304 1110
6676 4211
4779 4500
7381 2619
6910 1347
7880 497
3667 676
8164 6938
358 3129
7980 3836
8149 5893
6850 7264
1539 9511
5232 9172
9299 9025
5837 1542
1504 3027
8069 9560
135 1100
3648 6609
2199 5489
4640 3209
8861 1505
3055 123
3356 7405
3573 2768
5963 5447
1828 587
329 7062
1132 7749
3281 1542
3160 2947
826 6211
8165 5074
8180 8466
6933 9950
6655 5031
7688 1071
7687 5309
6739 8097
1601 2441
6438 1573
1767 317
549 7934
3467 9883
8262 5398
8931 7590
9361 4330
9506 7656
6410 2086
2891 1823
6853 427
9943 2756
6334 3418
765 5281
5914 6049
2552 884
8282 5088
3623 9538
1641 1105
3107 9548
1469 2983
8745 485
3670 1010
2268 6645
8157 5522
1541 1593
4558 1046
1806 7425
8478 8631
2979 6358
6633 8478
4024 8993
7181 3060
9156 7603
1387 1818
3710 304
4001 5534
578 3689
1248 2842
3656 2389
6647 9301
8034 7473
1400 7455
9596 599
7025 1394
9718 5346
1908 9887
2054 9360
6478 8252
7683 4449
3564 8987
9103 4288
9454 9796
1647 4621
4851 9371
2462 8058
6080 5886
457 1054
3003 9339
6298 8892
4642 7429
6067 322
2156 2233
747 2217
1498 4057
3270 6541
1457 3532
7540 1245
348 2409
8873 8090
2908 1568
4682 431
4121 1973
5283 1535
75 7649
4850 7617
6601
8102
379
1101
7081
1820
1861
8975
6620
867
3679
3100
7872
6771
3481
3724
8989
5297
6397
9125
84
7125
9677
5215
8555
8107
8502
5738
1169
4642
5708
9148
2622
7884
5166
52
7193
219
9586
7238
1838
2574
7793
4242
9744
3744
2595
9808
3970
5134
6847
2642
9311
8212
8568
4344
4148
5508
1763
9714
9841
5456
140
2489
9218
2097
8410
3923
9430
3662
8259
588
9404
9596
1362
3881
1354
311
4156
9715
6211
7016
2162
573
4328
7842
724
7307
839
8152
5850
2756
4919
3588
9526
2733
9023
7916
4483
2510
3402
3305
2178
6882
3401
9871
2561
8069
5128
3250
5874
1594
6553
7888
758
2431
8216
1283
7116
5949
3857
8989
6252
6120
8844
4356
2106
3515
9459
594
3667
9280
5285
9745
9511
5662
9892
9855
1894
9988
5283
8827
5200
2024
5371
7637
9571
4777
1329
6913
426
9211
126
463
2186
6143
1423
2790
6487
9992
6527
1433
3865
4575
2789
6750
1011
5941
7668
6631
9631
8749
6729
7519
7423
5947
2690
1812
8184
7803
3830
3056
1955
4683
1618
8310
6192
8467
5130
6898
7740
5942
7549
6055
8943
7803
8669
5401
3437
6283
5217
5881
3044
668
8296
1624
179
3135
6392
4500
2408
7184
6981
2017
3056
2112
3211
1748
2243
9153
7605
1192
2655
4273
9253
5126
3997
3595
5860
4464
7373
3148
4689
8741
8330
9469
5876
3446
1572
5247
4831
558
7083
9567
7207
7718
3461
8627
1492
8379
189
9907
7731
2298
484
251
7817
566
3835
1154
7090
5445
7639
3690
8932
7561
6308
2680
1789
2043
5240
9356
2108
8580
5484
8266
2331
9577
3216
3411
825
7230
5148
8923
2910
6582
1931
6649
9453
2294
879
1391
6206
7303
542
6082
6485
1064
2687
5178
9251
7136
3064
9496
6712
5017
7040
5572
9232
6844
5206
5179
6031
1497
576
2429
6651
2391
7736
3572
2837
9929
902
3155
6152
2066
7551
946
3161
6506
6940
670
2308
4004
6300
9011
4310
972
6372
3850
3394
2751
4880
8793
6063
6530
2644
3306
6098
5711
7043
8201
4115
7075
8638
2429
8792
1237
9908
5644
1097
1032
7892
9529
8499
8534
1332
8594
3352
3161
827
3907
9348
6230
1893
1346
2776
3092
857
9309
5508
680
216
2340
3382
1838
4916
3578
2517
1433
2871
4902
2532
6914
5238
3386
8065
2979
3901
3081
7066
6372
6731
279
9199
2625
5625
6197
190
5688
510
5943
6534
9098
3981
4994
5525
1187
9125
7248
2510
3704
8713
8359
1097
2772
9349
373
1585
2043
7694
120
6389
6549
9299
292
5961
1151
1779
1804
7734
2759
3368
5277
8262
8310
3463
925
2507
5242
9411
4191
1485
6229
3873
7280
8215
1699
7429
2971
3015
2885
9789
1439
9631
9479
5272
3715
3970
1989
1245
1934
8855
4905
7860
3497
2312
7711
4755
9873
8129
5701
344
4207
390
2285
1487
8720
8509
7856
7043
9463
4723
6477
3624
1477
5615
9539
5228
7459
9509
4987
9062
9109
9533
1344
816
3328
3838
5444
4752
9862
8150
8654
1646
6863
7843
4975
7275
5389
8241
6178
601
4109
4538
1509
5938
5329
7693
1788
8267
2816
3270
1719
6438
1271
8147
2858
3991
9110
6953
1385
9188
68
7395
5417
4274
6750
3835
6279
6114
3366
1200
251
3809
1779
8181
8194
3780
4225
484
1440
398
5510
8599
9763
3561
8887
8912
855
7628
9877
7024
646
5730
4019
1240
9576
5166
8498
7091
322
649
2827
1266
277
7597
6957
3155
8365
9158
2913
3020
6363
3762
3406
176
1740
2707
2594
9228
7633
3154
1385
5513
8872
3805
3233
7968
3155
9955
6615
5516
7254
2533
56
3736
6860
9302
5774
8132
8245
9272
3174
6508
538
862
2774
1976
1634
744
2662
3788
7894
4954
6196
5255
6611
673
8391
4198
2585
57
361
5188
1
6256
4253
7942
9647
1510
7433
7053
981
1778
7304
2163
1247
2595
7230
8624
2621
8648
1575
9855
5275
3565
1411
5505
3253
561
170
8460
1773
2720
1194
4630
3516
4672
7553
7174
744
5777
6191
8208
7542
7561
3222
672
5526
1543
7793
5918
3412
7448
8061
7233
6736
7961
4079
3425
6124
7195
5961
9235
8025
341
1011
9387
5352
8332
168
3108
5251
6807
1242
6755
8039
5724
2512
7390
6648
5912
9216
1958
6263
8197
7268
2736
8631
7379
4185
2858
4666
2171
672
5298
265
4816
8091
7421
9175
3092
3832
872
201
856
9655
8598
7477
9371
781
9003
7371
1875
8568
9825
4814
7979
9093
8518
2472
8360
7380
7206
4817
4296
1469
5701
5679
2068
7033
8437
2029
6324
3272
5255
7911
6122
2362
3018
2650
4967
5077
6088
1676
9917
5419
3818
5094
4705
8326
1356
3576
3690
7987
9248
3875
9041
614
7593
1502
6758
2670
5956
3016
2910
5913
1519
4629
5101
6427
2160
1766
9696
7114
521
9319
435
8565
5810
2427
3371
9937
8792
6706
2027
9579
1851
4357
2163
6576
8385
6663
5595
1546
4679
5034
2488
9818
763
8936
323
7901
9357
1354
4324
7557
1149
7064
7597
7110
9025
5316
8314
8195
2959
252
738
5295
9190
1138
9472
7007
8869
7961
7378
3473
8401
5302
8828
752
823
1867
1019
4779
5811
8058
9091
2761
99
7163
78
3975
6971
7447
675
6846
5344
3857
7817
6923
4644
3347
6325
7333
5833
1601
4067
9973
5510
2283
9584
6766
1549
2475
9755
6749
6729
761
946
5304
2072
5111
7219
9007
5482
4851
553
9267
3992
7383
8397
8132
1329
2711
6115
7462
4255
3320
3773
5523
6779
1102
1839
5146
2947
9549
4112
4696
3744
3695
7168
830
2175
4186
4400
3581
9453
8206
9089
3969
202
1476
4110
1348
391
4509
4288
9625
1631
193
5848
1768
4528
5800
5254
8252
4472
4643
5713
8060
8385
579
6510
4538
9470
6847
474
8616
804
5634
3892
8141
3224
9985
5603
8441
7147
8972
4844
956
8201
2524
2880
1237
6045
5890
4761
5734
7901
9790
255
6945
6264
224
3450
8290
6276
7153
7213
9022
9769
3363
9599
5566
7998
9686
9133
1765
9934
4048
1160
6448
1753
8288
3609
900
4229
3409
1911
28
4604
8395
3564
9509
4908
2149
7661
5166
7295
5650
1375
6260
7066
7446
701
9687
5266
5406
1870
8466
9965
4007
9099
3492
7246
2624
1731
5836
9939
451
8127
3302
2046
2038
2447
4442
1349
5862
2674
3842
2372
7161
4449
943
9320
6323
509
1841
975
9381
4639
974
9265
7898
1013
3020
2177
4
5647
6706
2193
6493
555
713
4436
64
1000
1333
8607
227
8141
3878
6139
748
8056
8487
7592
9615
5348
7804
5762
3142
6680
823
5991
4605
4297
1772
9163
9220
1328
8754
5730
1814
5312
8463
9340
5000
4060
8656
4573
6312
5244
7242
4342
9663
8594
1622
9401
3136
6087
5239
7149
9634
3039
1555
188
3473
1008
9565
9195
7886
5130
3292
563
9830
468
7564
9872
9940
4101
3197
2343
3755
7649
6212
9693
208
1065
3928
1079
5615
9624
2009
74
2968
1032
5947
4198
5214
3810
7860
6235
7995
8477
6526
7013
8811
3511
5872
7809
3450
664
9083
4957
8487
4195
1089
6158
7601
7853
3824
2619
9069
8208
893
3550
9996
3703
4142
3190
2920
4799
8627
531
5162
7469
2374
4377
823
4316
4398
9216
8884
8125
3584
9503
2916
5769
2282
1911
5443
8801
5920
8607
576
7869
1775
6737
3081
5941
6536
2671
4505
1431
4744
4016
1076
1876
9271
4659
86
5648
4252
3386
6181
5610
4456
7216
4321
8085
5028
4932
5770
1778
1928
2035
8361
6076
3173
4104
457
9891
5745
7350
2192
5745
9899
2007
6157
4105
6555
4982
9341
4088
8940
7858
7398
3245
3754
5288
1119
9465
8593
9158
1805
9299
2795
6379
3521
6578
8900
2919
7362
1216
9941
9926
2885
6294
9192
8946
8274
3441
7846
3587
2604
7606
3438
2347
3065
4549
6550
3860
9118
2330
5729
4618
4967
4591
1529
304
4358
8157
6749
7265
5630
9563
6739
8816
6289
1405
3354
8476
3329
4271
8511
569
6286
4134
7830
6806
9835
697
5112
3551
4744
8196
7891
5705
9494
5218
6947
4197
8900
293
3531
8764
1375
2540
6154
6668
2589
7361
158
7655
9222
9100
9903
6684
2218
6935
3821
7587
7369
7474
3223
7121
9319
1043
1758
9281
9362
6305
7155
4397
8566
1445
7943
763
901
9378
6150
4785
4571
6388
9270
6252
6343
2138
2009
9064
2552
802
9518
9987
6323
2749
580
7062
8052
248
1739
4853
1778
3137
904
8892
8822
190
1986
2092
8858
9536
375
8554
472
1541
4149
4862
9217
6801
974
1654
7699
1296
8284
8601
7817
9484
9623
939
9900
3691
1579
2769
837
7064
5047
2619
2277
7817
54
9551
7327
2857
1915
3369
8171
8242
5064
307
662
3352
9970
4724
3322
8409
4426
1309
9623
2684
695
4591
9052
9628
865
3919
1053
8550
6427
9202
8550
7033
6444
5918
9157
4298
2492
9464
8812
3486
2507
9627
1189
6849
1533
8107
8298
5205
266
1420
9679
9822
988
9763
3199
5077
8415
8347
5874
4083
2379
7707
2416
9728
5646
4651
9065
318
7892
9487
903
3080
6064
8856
4678
1414
3000
4055
9241
207
7968
6078
141
348
3352
9973
845
6104
8619
4938
6451
9840
4034
2949
2318
8710
166
8377
1562
4834
8805
8042
1906
4484
7004
6370
2554
7970
7279
2676
216
2708
1515
6981
3944
8813
6594
4258
2919
5865
4296
4478
977
1005
7888
9114
1405
7815
7160
1373
1246
1971
8565
2792
5698
3376
8794
6966
9924
641
1814
9988
4262
2876
5178
1148
9087
7241
1946
1442
2571
2001
5817
2261
9910
717
5155
4936
4720
2292
35
9275
456
6562
9808
2021
9686
2389
7303
9454
6049
8433
715
4450
5720
3708
7606
7342
819
1063
8800
6096
8266
2522
2069
4480
8010
6501
8018
2038
5555
6673
5258
9932
9488
6547
4991
8937
774
4961
2271
6164
1976
5391
5014
9817
2042
9907
698
3334
5198
4653
617
6731
7757
3018
1788
701
8498
1374
7598
1042
4310
1698
379
8718
3806
8873
7772
6607
1339
9339
5906
2018
6553
3570
5457
6957
7016
7718
5050
1220
93
2291
4129
7652
3584
2824
9871
7703
3688
6289
4953
3380
981
5825
1680
7737
4691
4938
3152
4568
578
8581
343
420
2920
1613
8436
1455
8094
3014
5356
9461
666
8996
5433
9745
5861
5758
2621
6285
8822
5502
4738
3258
7388
7117
1342
152
1310
4618
245
5540
1044
783
649
5055
9038
336
6136
4104
7584
9805
3415
2235
5544
4077
1090
3167
5693
4002
2080
5374
9424
9888
859
9427
9680
1771
4440
1261
4745
9891
3939
6721
8478
4331
4517
7496
5898
3318
9522
8093
205
8165
4811
9738
3176
2133
4157
8048
6957
2623
2500
8474
7632
7872
4235
1108
2350
4889
9484
7858
3618
1162
2192
407
8384
3459
7252
2411
9861
8349
2496
9361
5080
2301
7907
5021
6492
3754
4017
5889
4814
1379
6537
726
6922
2541
7168
2410
1013
2107
1297
9060
2297
7854
937
9859
9772
1499
2973
7179
2544
8255
7683
4424
1514
1733
4014
6680
1538
6495
5255
1313
3786
140
6992
8528
5039
1639
3354
4335
4813
6307
5855
9425
5413
8860
6272
2629
3328
6822
4536
3916
1129
7541
6960
6183
8245
5546
6554
1329
6207
3553
6985
6915
5679
2586
7157
9074
9362
8102
362
7436
6528
9665
2486
9719
697
8413
6097
5177
6010
3389
9053
4674
7288
2139
7195
5782
5033
9940
9085
1767
6609
3529
7464
3994
4466
1417
933
1330
1071
959
5448
3524
9498
2062
6660
3716
4064
5340
49
1742
3346
4263
9773
8278
9754
6600
1836
2231
3479
8323
6086
4719
22
8486
6529
5909
6200
5832
4034
8439
1570
4069
2169
5575
1107
1420
373
6704
5678
7976
74
1225
9916
901
4576
86
9984
9397
8495
8450
5202
2199
3984
9081
7581
2749
4400
4975
2871
1157
7847
1089
2743
4913
4517
3249
751
4379
1627
4006
9490
112
4213
4017
4391
3089
7924
5251
6628
4248
5153
4980
7612
5713
3023
6512
3549
75
4064
1786
3185
9998
1563
5747
6385
8599
2143
5785
4338
9656
9646
1120
5701
5518
2276
4007
2290
1687
7037
1360
2282
5089
9164
7048
9093
4592
2490
9669
7452
5182
365
1168
8215
4907
5391
157
4591
3202
7103
6306
8699
5646
1262
7262
2700
8682
4900
3610
4401
4661
5178
8604
59
2422
1749
8492
5089
3432
8062
5289
3036
7825
9706
3423
5661
510
3319
6929
7425
5347
6811
8402
9951
6503
7999
464
7047
3138
4565
4647
1534
8420
6057
2222
9177
8378
7319
1413
3252
1631
9611
9043
8883
6920
5496
5215
3239
4274
5276
4378
6182
337
5928
1579
9898
8022
1601
4006
2488
614
4403
8546
6343
5472
6847
441
7509
1723
1501
7337
7924
2146
4695
2693
7393
8828
7063
7707
2803
8447
5179
8663
6163
1043
3527
3305
9091
178
4206
5790
5063
6159
4055
3856
7814
7003
8982
7472
8917
4541
339
3663
5134
5748
3032
5285
3662
3106
7057
9220
850
8288
2794
3834
9263
7543
5508
3895
1230
3899
132
2953
7944
1447
5834
6090
8931
4847
2039
4018
7705
4600
6158
1323
4479
6081
3003
5776
1001
6238
587
3607
5048
9931
3699
4447
4353
3210
4862
563
3715
970
7835
8050
7472
2289
9201
8047
2444
377
1886
1558
7249
6836
7039
7945
2509
9686
4345
9224
3551
2273
4311
2020
2890
7503
1517
9355
9
1241
5267
2023
9378
6888
1725
4341
1609
3652
4509
3178
328
1701
9372
5018
9259
1670
4240
3944
7785
3899
8994
1447
1887
4893
3502
8152
1323
4865
5752
4958
8445
1563
9340
9665
3081
5645
3278
5498
4039
6922
184
2142
6780
4756
4546
4738
5995
8204
7006
3738
2012
836
2517
8119
5808
8163
3959
8544
7842
9745
1628
4108
6
3943
4443
8256
2886
1104
5267
4271
3573
1077
778
6645
3173
34
2359
1800
642
4689
1494
5709
2901
8877
5571
5545
4935
8102
4033
1609
8172
9572
4342
5661
1520
6233
666
487
3771
7267
6489
2256
2002
2647
2071
3901
4336
5089
1473
709
2524
4984
3869
2886
4427
7460
6987
3230
6696
8870
2915
9340
5234
6925
5445
737
166
4778
4882
5182
1713
8511
3705
9768
4754
202
7203
6291
8120
3212
7690
3586
5983
6665
1526
2999
6012
5249
6712
2861
9583
8340
2133
1226
9280
4824
7625
4075
9187
388
1897
6274
6358
7336
9105
7570
3105
2921
5488
6447
7343
4666
1536
851
8855
4062
299
8833
7215
3705
6505
634
3253
4950
893
5213
4547
6367
7538
751
6033
7595
1388
9681
2469
1419
8960
8446
5080
93
9012
2876
7228
1031
3871
6213
4583
9900
5156
6426
9148
6275
728
8914
5528
4819
794
3795
7389
6145
1463
5486
2801
5185
2397
5078
5685
1799
9232
9167
7313
6363
9588
1413
5023
9871
3961
7163
4329
4485
1103
5457
4036
1732
7780
4662
9927
4709
2706
5573
5360
5116
1604
8351
323
685
3813
7088
4578
8275
2911
4729
2070
6021
1296
3240
7938
7602
8026
9315
1843
2268
4088
3981
9165
502
4945
7708
8619
5092
5405
6213
6095
4239
1966
645
5296
9184
8085
1962
6068
6358
7347
6378
7189
560
9371
96
2166
511
8323
4933
9620
8246
2275
4758
6611
492
7723
7209
174
4521
3355
1772
1698
4940
7157
4211
4935
6824
1313
4995
6504
3220
7255
5854
8232
5794
1489
740
2364
5827
4768
7785
438
9628
489
1838
9618
8126
7893
1767
1031
9741
666
6547
1531
4436
6480
5970
7588
4745
4733
4266
9166
9466
3599
9118
7244
3316
3736
4130
7763
2768
2181
7434
3130
6525
7331
7954
9549
163
851
3658
4960
9165
223
6851
8799
8847
9157
9275
6307
2033
6402
1882
4518
63
4626
713
4160
1307
9550
3998
7483
7414
7996
4743
5814
674
4872
1254
3167
578
8613
9634
2
2350
84
2060
2145
3526
3794
2239
7905
8658
5444
2865
6930
9497
6097
686
4672
8031
4595
7341
3222
3006
998
6079
1198
7645
202
9337
435
8949
9938
5547
8913
2097
9413
1396
8010
3729
9736
3631
6865
8027
8181
5779
9444
1891
8846
2453
6389
7516
588
4469
503
9752
2137
7479
3302
6062
6726
5403
9180
6987
1031
6076
246
1069
8393
9074
5455
5532
1572
1245
1658
2058
9249
2524
3747
1655
7073
7306
3089
738
8829
8100
6650
15
9849
3168
4308
1333
8501
2028
1417
3539
4784
1798
3478
6450
8942
8321
775
8141
4709
8273
8272
8924
4633
6560
1451
3939
2556
1934
2072
2177
8258
2618
6203
1558
7717
1007
3715
5869
3741
7377
652
4480
83
1466
3610
4169
6069
3860
3839
2611
3172
4957
2051
4400
8084
843
9095
5294
8504
1591
5213
3258
2894
3690
7081
8577
2165
3734
925
9931
2445
8948
9871
786
5075
7957
6705
3339
8932
9663
1904
5102
2656
1368
4090
1624
5849
9392
5900
5616
7718
1539
4919
1954
8588
6075
5683
4213
7972
3044
6839
1292
1593
9616
7027
8393
9406
2322
8405
1394
3472
7332
6967
9201
4789
715
8712
9358
4514
4553
9679
4820
238
7218
2808
4133
9335
9244
3360
6196
714
7780
5271
4598
9201
4101
5542
1214
1376
9921
8477
2852
8643
5710
2392
9496
7456
9930
829
2250
7223
2621
6969
108
9975
8722
5172
2981
6742
231
65
5474
4246
3462
6903
6381
2772
5571
5280
9344
5833
3773
8657
3616
5486
6150
8912
3494
5468
6536
9842
7123
9076
1291
4816
313
4342
8834
8536
3751
6161
8755
5135
7386
7591
6221
5692
6572
3062
3985
647
1237
9416
5394
8979
3172
2550
4702
7392
1352
3452
346
6559
6237
9755
1223
3263
4329
4349
6720
7944
4452
3623
4050
8892
7809
1876
9379
5705
3146
7168
8984
1904
9348
8510
3601
787
9272
9422
2956
6346
3404
5383
4758
4662
2370
9182
8515
5073
930
2395