10000
4006
3695
832
9405
6389
8423
3309
3418
6284
6486
8743
5570
5213
8077
4786
4065
4028
6756
7557
9881
5374
8037
2468
6330
445
9954
4307
2854
8618
1910
553
3474
9566
4920
6883
2416
9611
2509
5065
6315
8688
7318
7257
6132
9943
8819
8625
7698
3099
5776
2626
4778
1287
1614
691
6328
7449
2421
863
9979
3686
8550
3443
1363
2665
5966
3283
5161
9726
8559
3352
7679
1339
7914
5082
3709
5143
6373
3753
4181
6910
1373
7250
7923
5973
723
8845
6515
7718
6173
2968
541
1700
8032
1556
8964
4393
8566
6028
1879
3498
5218
8535
799
6226
377
9795
3512
5677
786
2272
6904
9359
3705
3849
9032
3641
6925
1235
9421
4863
7947
6820
3207
5942
8865
8348
8645
8538
7735
1442
5201
1525
4988
7756
1844
1031
4224
7099
191
7733
5290
5657
1678
5469
8242
4853
9802
9510
8386
2982
2830
1173
6613
9378
8907
7796
6393
9948
4391
2701
624
6030
9431
6464
4853
4477
8631
7573
3518
9889
3860
7560
9165
5850
9306
6620
2044
1672
113
2703
2768
7204
3382
3487
220
8525
6989
9854
6878
7023
1461
369
1555
7314
96
5284
3123
6586
6080
2985
6549
4624
9108
6547
9055
2481
8759
9755
7895
8614
4190
8004
3916
8728
6467
4492
2841
3346
2576
9747
2965
7226
6747
7370
609
9920
65
9355
499
8638
1396
8270
7412
5247
9491
5970
5915
2463
9395
7725
8007
8974
7474
5623
1394
7591
6251
8773
5938
6694
857
8442
6265
360
7609
1649
1932
963
6430
2205
578
1514
462
8554
8895
3646
8314
8183
7618
151
5657
4250
4785
3639
4225
2320
7211
1032
4697
173
5777
8054
7041
5891
9313
4607
6339
6335
7913
6157
6526
7837
5427
6771
5772
696
4068
7808
9119
4303
8279
2179
775
7861
6192
5013
3923
9016
5267
2952
5434
3328
6300
7031
1199
6069
6515
6304
6391
6397
2151
2626
2545
3889
6910
3970
2412
4988
9653
6953
1996
9688
4220
8428
8090
5522
512
5985
7173
2166
7284
2721
8350
1112
4317
8050
3982
4817
9173
2904
1585
1516
5201
3623
5558
6311
9666
6391
5759
3596
9829
7440
8230
7749
3084
5718
5951
108
9002
4703
6155
5829
4013
6167
9524
6628
8280
5295
4787
7313
8332
7850
9041
3512
705
9276
5514
5669
9879
7737
4696
8718
6001
2738
4456
2904
3992
1915
9474
9411
2399
4985
7145
3186
4735
8755
293
9791
9067
3121
1662
6619
6131
2772
5819
9018
3076
6326
1674
5364
7838
308
7931
3484
3108
1081
2584
7490
4874
981
6756
8376
2988
4623
8825
3126
9452
3990
7485
3249
2135
406
5038
4153
5829
891
2100
9616
5378
8589
513
3817
4950
986
1634
5410
6507
8194
6158
3850
3468
1578
5686
6793
4605
8383
9110
8962
2107
1874
5661
580
4165
5960
4806
2949
553
132
2741
2573
3795
9623
3808
9786
6
7880
9477
4241
4890
4036
6704
5251
5873
3301
8054
2740
1030
4805
6234
4287
5211
7037
3306
5511
3631
1901
7251
9579
8693
7996
2986
8200
8260
8188
7301
5421
398
1624
5720
4413
3997
480
5304
8127
736
5894
4252
7053
4339
7797
4703
971
2135
5064
9499
591
6985
9518
5550
8193
6903
5350
6774
2169
7652
6966
7829
3492
947
5371
1598
8788
7766
9073
8396
4934
177
1734
5431
2942
5321
8257
3377
7177
627
7395
7355
7037
3874
8999
1421
8946
1559
1013
2909
5369
2383
3479
6995
7113
1602
9316
8572
598
9033
1523
272
7411
9657
5442
1781
7536
9709
9787
1752
7672
2558
1809
9426
7111
5939
5417
6888
4919
6875
8330
659
2276
8536
9872
3603
4217
4235
7486
9063
6724
571
5822
8489
8998
6819
8873
258
2827
9939
3856
664
7003
2997
1168
7226
3282
2062
2853
3272
4266
5296
6618
5413
3031
69
331
8550
8505
6839
5160
6618
6960
5280
9568
9470
7624
8215
7802
1186
6082
4582
8531
4918
4589
1461
4458
2792
6100
9178
6673
4843
298
5685
6506
2625
4183
8054
9241
4399
9251
832
2194
3468
4664
5582
8096
4361
8138
1379
7091
6763
5806
7421
2621
830
7983
5143
3758
8013
8021
6742
5028
992
8914
8329
8718
4336
1212
5851
7751
2325
3404
102
1051
931
2130
3187
3413
7637
7274
2561
3653
4436
2586
4921
4393
4412
4189
5545
2133
1954
6451
7243
7909
1155
9732
714
810
1386
5284
4027
5978
8545
6461
9306
4249
4743
5544
9276
7148
5140
1657
3708
3413
2721
3494
7206
8175
5306
7138
3862
160
357
1770
7500
8811
5113
6295
6010
7096
6265
1564
2234
2658
9994
9690
3777
6569
2565
5192
6677
4411
5047
8710
7843
4758
7876
9720
3361
403
38
3303
5460
3578
9745
6389
7448
5026
106
7481
5409
3960
2872
7525
1091
9626
8857
2506
9012
8992
5359
7274
8563
2350
7433
1249
9246
2043
3374
3861
2611
2454
3263
7857
7761
7675
8079
2011
9512
7064
2938
4432
2145
5752
423
8931
6649
2481
6922
8013
7609
1915
6726
1975
6155
5384
5136
9813
7826
2691
7406
2754
7043
464
7127
8784
3477
4658
3689
7146
1018
7150
5076
3518
1304
3049
2802
7533
9486
6244
376
7756
4893
4300
5568
4663
3969
8108
2690
1574
2302
5057
4872
5634
5887
1938
340
1618
24
1952
6768
5902
2852
422
9813
1082
5692
7477
1937
2238
6471
6870
5870
5055
8695
7521
7938
1548
4943
3192
5965
529
7269
8481
8775
4394
6186
9918
3959
6062
2525
7821
7571
2009
713
4003
7243
3947
3207
8927
1154
6476
222
580
4172
8728
7732
500
6669
822
7247
1712
9568
1673
6027
4122
4191
3494
7269
6809
4431
9908
886
1848
2691
3012
484
7253
7473
9882
6099
7694
5231
3624
9956
4458
4693
4528
3235
1892
4284
1966
3733
6346
8475
7341
7931
5349
2083
1868
677
4253
5470
6827
5332
3901
6750
6711
4758
5073
8496
7232
582
1546
8978
3911
1658
3731
329
4715
5444
6348
2110
7220
5906
260
7136
1064
2716
8454
5404
6513
2084
9636
1380
2694
9567
941
8810
4568
17
5226
4041
4458
8166
722
9934
7995
7108
1457
530
983
4955
6434
140
2364
5867
2059
1941
4172
996
8221
170
5753
4840
6888
2246
5330
4722
4974
533
6753
6397
3885
3525
8601
3098
2469
1079
8707
705
5538
6454
7788
3983
921
7848
3525
3905
5196
3186
3226
4872
4042
5683
3444
8518
1647
2396
6409
3744
53
8405
8069
939
3205
3272
272
4437
811
4913
7779
5048
4305
4308
710
4772
625
1152
9637
6439
4912
1282
9627
6688
1723
1438
198
4828
9031
1878
853
8944
1198
2729
7216
4395
1930
9727
6177
2480
3021
1246
1667
4223
1014
4245
6557
8462
9403
8776
7192
2474
5881
4101
8019
7026
2579
5149
9390
3667
4621
7532
6926
6263
11
6615
9323
9323
3067
2456
7786
3260
7275
457
6528
3977
3511
9473
6977
6953
9385
3894
6567
5937
416
2454
59
2261
1873
1289
9588
453
6813
3218
4932
6240
6344
1589
1740
990
3838
7541
312
9666
2198
7615
4002
6996
9420
8808
8003
1665
8051
8219
7464
4021
398
9834
2653
2365
7950
7884
9825
9873
9339
9935
890
761
4229
2060
710
8912
1716
5818
3685
2824
7746
7993
5925
9178
7786
4377
4774
3307
9429
3984
3956
2976
8007
5927
9260
5515
5236
1670
227
1159
8440
9525
3523
4151
8692
2277
8148
5600
7746
5207
2035
872
4199
3207
9592
6949
3292
3233
4747
8379
7422
5337
1950
8722
2060
9178
2601
643
9587
1234
4107
9853
7327
6318
1956
8166
227
7869
3631
2658
8877
7442
5300
1692
6141
5772
5240
8997
4438
9741
4273
4669
7092
9837
2392
3481
3437
8900
9995
6692
8290
247
8819
5328
2017
518
9794
3447
251
5083
5443
3007
4877
6375
7668
304
8660
1386
5172
4425
2138
5728
2249
7418
7413
7430
19
9248
5125
6482
329
6552
4068
8613
8789
1803
4413
6877
6814
9888
5642
154
4747
9510
4151
8966
5438
3743
9581
9246
3108
300
3074
4498
2730
8068
5888
2343
9536
2374
8880
7122
6215
6333
130
9897
6078
2064
3878
6015
2366
6436
5766
4019
7357
8288
9487
6097
4678
4209
39
3852
8935
7654
9761
6862
1757
8824
4675
3707
7590
1243
5360
1951
8247
495
3618
7049
3294
8803
1646
9994
2331
7017
2966
995
2370
3700
4274
3804
2311
5395
3669
7501
4386
7566
6231
2413
957
5600
4543
3994
2100
3165
945
3784
7685
5940
3812
7084
790
1119
3105
6275
2031
3188
6011
5707
7363
8193
4880
1435
2090
7801
7759
2685
1334
1993
7393
6956
4030
3249
4707
9359
8320
7084
2779
11
9420
8303
8046
788
6980
356
6843
9422
669
5562
7640
257
7971
6378
9749
7482
8130
5711
4861
1468
8721
5459
7183
6428
8768
2024
1569
4552
2397
1660
2098
6905
7605
4929
2592
418
9398
7525
4630
9264
6836
1263
3215
4995
5337
7590
1127
2567
6986
3144
1007
4684
7458
7337
5479
5791
9580
3258
114
5522
5463
3851
9594
1528
3791
9920
3529
4098
9649
416
3686
4602
366
7272
3871
2204
5994
8052
8977
3080
9333
4887
9760
1056
3483
4944
4602
5545
7010
1489
4720
6960
2602
1474
1936
7377
7698
2005
321
2824
8300
2844
6087
7190
7861
6245
6660
7644
6504
5932
6116
4911
748
956
7704
9073
7486
4829
4189
3991
8521
7442
7819
9260
4626
1849
4215
2974
3897
4288
5086
3438
9619
1896
5516
7030
6018
7133
3309
8093
1676
2798
7781
159
6717
2791
5274
517
2281
5705
998
3743
4243
4153
3230
545
2875
2496
6984
4650
7392
8260
1268
554
327
7491
2629
2597
1509
145
3828
3101
9238
3954
5441
7722
5519
5964
672
276
3565
8907
7361
1613
1844
3007
9679
6632
4466
6274
7552
6879
6027
8803
5653
6401
2959
1065
9929
2916
7554
2420
8782
3891
9323
4567
678
1992
2686
9917
157
1517
4650
6727
4964
6399
5009
7060
1190
9585
8221
2037
7760
8815
500
3252
6625
698
660
4587
791
9733
5662
6882
8757
7849
1157
2269
5617
8542
1098
794
247
6311
8292
8377
5547
8133
5351
7737
7353
1293
8873
9852
7445
4605
2853
6449
8472
9123
3791
6870
689
6678
5516
9157
2188
6655
4089
506
6307
2893
1534
4511
9861
3659
7771
2413
1544
7864
2565
8897
8810
3606
2713
5323
9229
1779
9340
3134
755
4975
5779
7335
9437
221
2299
8409
1926
5253
1896
7285
3022
774
7774
5009
5679
244
5103
2673
4049
4605
8248
9784
4133
4427
9666
4609
1261
1461
613
9028
3351
58
6873
1695
3776
1552
8550
9425
7768
2325
5645
5518
4748
5696
2039
3702
6010
8828
5557
535
6990
5200
9424
8295
835
2972
9917
3208
3531
8091
4313
1857
687
6760
1212
7911
5541
3501
9677
2462
2552
2399
6131
5787
3908
2375
180
6879
6226
1108
320
3377
699
6446
3845
969
9422
6818
7079
7119
6723
5550
3510
5308
7346
3084
1787
4520
4292
8181
5969
858
6418
3778
6464
7929
7053
8929
2091
2212
6409
2147
1251
8853
9469
5459
4721
3282
18
1953
1938
3992
8030
4044
3778
561
3131
3342
9441
2461
1628
1242
8054
6491
8455
5634
3734
4721
2761
5096
1841
396
3015
9780
5338
5325
3860
1018
4636
2255
362
9795
7044
9989
3440
2695
6141
6777
6618
6666
3429
9708
3331
135
4412
3908
2378
3080
5677
4059
8669
4880
6083
7360
974
557
3668
3977
9064
3926
682
1058
1837
1458
7921
3299
7663
6416
1545
4117
5626
6488
7871
7728
7712
246
1798
1125
8069
838
789
1042
4319
4399
8079
2351
6683
1110
7202
5270
8849
6234
1445
2016
1669
1488
7359
6
4482
5764
1006
848
8669
8926
9313
8829
9
4718
3038
6087
3755
3616
2385
8190
580
5496
6386
1154
8440
8933
2639
8684
8187
4211
6689
3400
6988
4413
5073
1919
7961
7141
6215
9441
5810
6353
7006
6599
7591
5975
3697
4788
3508
1844
6439
9590
9289
4626
5863
4879
9897
5758
8078
9252
9407
3390
4477
6804
5384
1520
4408
1915
5305
1354
3450
6731
8490
4790
244
5046
1397
4324
8391
4861
850
6199
5597
5415
4642
5372
9266
9387
5862
577
181
5397
5681
3433
1022
5982
1698
9867
7785
6233
2630
2146
8010
4583
3019
9214
6225
5317
6134
6596
4645
462
3978
3478
7474
5454
3300
4560
397
5637
4437
5232
9762
5635
6074
5137
4743
1746
9457
8755
1782
3481
6369
7877
9073
521
9165
8916
6988
5142
7446
7409
41
5634
4246
6387
5754
2227
2493
1655
8784
6981
5276
9444
7350
4620
4675
1602
7714
8799
2305
4223
2256
5179
298
7148
5234
5893
5727
6344
4168
7212
6062
3653
1080
7395
8300
1376
7072
6215
6750
2906
3367
2712
3734
7393
8915
3600
5984
1499
2957
4185
9918
6858
7546
579
2566
8164
5669
8763
4046
4547
975
6851
8765
3158
5764
2074
8043
1790
1682
8493
3907
7103
9260
3878
7612
3043
3340
7774
5138
7029
1584
7809
8683
8063
5152
9061
9415
2392
3546
2171
5501
2570
5221
4686
8972
1005
7783
1546
4830
8009
8774
3082
6605
1067
9625
8520
3121
7545
1738
9631
3821
9456
6067
7815
1915
8289
4572
9418
8458
6047
2667
8791
2075
9037
318
3949
9303
767
1496
4879
2034
8319
8101
7027
1753
7738
697
4700
2820
1350
1710
5099
9526
2624
1287
4781
3053
7719
2938
4583
127
7257
9744
2410
5774
6180
9795
5217
3165
5850
4252
842
8934
9474
5235
3791
9669
8570
6825
6708
5140
6715
401
1993
3257
9252
8607
5705
3451
9955
6828
8804
1613
696
7979
3433
134
5089
7112
6501
2997
2209
6393
6532
1505
2218
2006
1521
9377
1372
1491
3444
102
9200
4482
3730
3899
9092
5468
7610
1398
5159
8652
9073
9798
6955
5631
8986
7963
2471
1652
5007
8765
1502
227
8443
6080
5736
1047
1156
3771
386
3165
685
5519
5786
3587
278
4394
9534
9936
6296
9756
5331
319
4330
2477
4153
2717
8100
7784
1019
3199
4758
8498
8871
6969
10
9920
6230
6351
7030
3766
4061
6054
5807
9154
7460
8971
6835
3099
4857
841
1013
9379
8185
9741
8084
8518
5176
1853
9673
1310
2459
4184
2018
3844
8916
798
4696
8068
6192
9249
8320
2874
4137
7994
5755
5011
4231
1151
669
5858
9247
6591
3777
8296
7621
2556
2075
2091
6831
6707
9022
250
6810
4542
5978
8405
2918
1676
6749
5619
5417
9668
2993
2972
981
1944
4623
7881
4212
4079
8682
3062
4849
3418
1628
629
8551
1932
1987
3515
2682
9631
3097
3479
6018
4582
1742
9916
70
1823
7374
1451
2932
219
4187
6487
522
2255
6714
4565
4443
61
9402
6401
139
9795
2767
3729
3024
4867
8719
5281
1902
4171
4784
179
7779
4773
9177
2465
3027
6366
3799
6774
3417
7864
7023
5494
1014
2108
8473
1758
649
2439
3263
5468
3036
6227
459
2629
7603
423
1417
5837
8840
2241
1627
6911
9578
5397
8290
3870
453
6535
5406
8144
7605
2235
2697
5066
8484
7674
8164
3518
3794
8593
8092
2769
4328
3477
3887
9604
2217
39
9847
2911
3653
3296
251
8675
962
6742
8963
6642
4478
7731
9851
5867
7597
5054
1277
2924
1065
4388
305
1308
5572
6651
7198
2189
1419
8066
2102
4214
507
209
4646
5227
7949
9337
5016
1701
3116
5501
5099
8396
4176
79
4924
6298
831
9252
4344
5350
9492
1075
1207
157
6483
7255
4755
3219
6912
1863
9423
5580
9586
8311
9677
3692
6156
4677
6051
1812
7024
600
2796
1805
9438
7745
4776
1636
6729
5631
9918
1904
3558
3707
427
3174
3295
4416
4706
6996
9806
5439
9448
9044
4893
5821
1272
6581
1696
3293
4867
9686
8093
6524
3874
1735
5710
5100
6023
9408
4679
551
3870
4035
4873
4505
3719
9717
3973
7077
3795
9451
8529
4704
1093
7348
9670
9584
3318
6936
8268
3980
8244
1197
7203
2234
9804
3564
9698
1985
6220
5322
3081
2271
3072
7048
638
1681
2721
8844
737
9823
805
6541
1
7667
2187
988
9420
3938
5398
1625
3119
4892
8775
1529
1164
192
3912
5451
6337
1446
9011
9870
8669
453
2958
3987
2372
6244
5754
5772
94
1283
4407
8728
6396
7695
5021
6923
8705
2058
1210
6489
5281
5069
598
4707
3702
5176
622
2072
5581
6472
9215
2839
1728
9891
9748
8762
2230
6126
3637
3093
5848
4707
8718
8015
8614
3311
3933
7726
6461
9997
3177
1013
1674
9614
8606
1201
6974
6839
4651
2415
5666
3607
9057
8411
4409
9016
2702
7254
3796
2266
7674
420
8433
1667
8444
8738
6590
3461
6976
6135
8159
7971
5393
3030
8834
5956
689
7970
2298
1924
6369
6865
7613
1307
1246
2809
9262
835
6305
6483
6975
4713
6058
9246
215
3460
8456
6744
6193
4756
6116
3967
4805
7643
6981
3627
9932
4698
3888
517
1397
2089
8832
8333
5974
1474
9111
9477
4878
235
9822
5769
511
9366
9637
6102
5495
7712
6774
2854
2932
4706
4509
497
574
2878
9359
7315
6128
8356
2459
9874
3055
5759
9566
4148
1781
8578
7380
3627
1382
6812
458
4014
3202
524
4071
9003
1927
548
2275
5361
506
3291
1243
3588
525
8403
7375
7570
1253
6193
2534
513
7971
7516
3486
1950
7351
5180
5619
7168
8460
6948
6548
9903
7902
6749
7459
9875
979
1459
124
626
3273
5321
3982
332
7839
2717
1105
8122
3367
4720
144
9457
8988
2578
35
4608
8027
4967
9996
8625
1687
4961
5260
5143
5384
1851
3363
8586
4229
7533
9413
7841
4855
6794
2129
5599
8329
639
1358
4188
1144
1770
6754
2182
6178
1861
4388
4449
7238
9383
7200
3979
2185
6245
3258
5489
765
449
2185
5026
7094
6877
4093
5680
603
6059
4106
2041
4649
9438
9762
988
3417
2449
6474
8099
4782
2634
9420
7932
1687
8585
2003
4906
4097
7091
628
3281
9472
8209
2977
4655
6824
4216
2287
3147
5019
4495
64
1628
8802
2559
7914
206
881
8607
3123
5577
7834
7670
198
3744
3334
3730
6696
4626
8546
3525
5294
6082
7997
8732
9682
7913
6499
3401
2774
5309
5949
8948
7362
6324
5971
1434
5394
4767
1595
5630
2594
1912
6329
9163
2279
4471
6456
3965
1969
3919
7940
2974
8346
7963
846
1741
4559
7223
4497
3921
9826
4214
4900
2983
9042
5446
8722
3924
6663
3492
869
3518
9883
6156
3050
8914
5044
955
5095
5626
7586
5954
9333
905
9869
4567
5104
7610
5243
1728
7025
2298
6928
6687
3381
2261
8174
8808
8625
1066
5611
2896
7077
9101
3998
2306
4903
3060
1228
3901
2357
2082
2491
6651
5141
1464
1913
142
8803
9253
5235
9567
7077
4097
9022
2296
8789
9500
3257
2121
6743
1559
1303
9634
1948
3771
9454
9581
3635
1192
290
8133
6305
8126
8461
3149
4265
2574
1900
5015
3140
7200
2688
1965
6700
8707
918
377
6726
6670
3214
5806
9643
5936
5840
2086
746
7562
3161
3866
2817
6661
2545
6579
259
2723
5113
5169
1183
1495
9216
4956
7704
8928
9997
7385
187
311
4195
1026
391
5031
223
429
6455
4670
3699
8942
9734
3250
514
1331
5024
6450
4633
2461
3799
2066
9159
8467
2926
5336
8472
4846
128
9074
179
7139
5994
4551
955
2313
5019
7307
1539
53
7599
9579
995
6059
1106
924
8498
3336
1978
1218
2053
662
4409
2322
8065
5725
4814
3269
2514
6644
102
178
9467
4817
497
3477
8629
9251
434
7917
3409
1656
1951
630
5140
8233
1040
5758
9186
2039
1229
5709
6768
2599
1487
8276
1374
2800
1217
5442
6787
2737
6749
7139
5470
4060
5201
2227
858
630
336
8160
4312
5836
5597
7488
6822
5854
2838
8006
4749
870
9246
3858
8285
7526
1171
4379
9213
3689
5445
3795
7333
6673
2878
5418
6393
9894
9540
8043
2031
7377
8021
8682
7934
8394
5556
9684
9082
4402
6963
3914
7311
5053
492
3848
309
8417
7678
8335
7894
5283
5687
6632
6439
6736
5862
1844
7721
1662
4929
2259
7174
1075
7786
4181
7543
3454
6590
9801
6793
1530
5645
3467
2320
824
6161
5367
2046
8982
2173
5004
481
8181
2330
150
2453
4321
4166
4676
1270
907
3606
8725
5237
2220
7517
2723
9581
1424
8056
2587
510
122
3740
3246
2435
6
9682
3160
6110
8392
3926
1887
9069
4323
7488
7393
7346
7695
5681
9556
3519
870
8758
4609
8143
6031
7492
719
4207
598
5558
1181
2289
2738
4755
5104
5705
7395
5469
307
121
6336
6328
9441
6661
4800
5075
8975
1347
223
5106
980
1297
9775
4495
9988
6341
9926
1638
4720
857
1158
3829
5286
5907
6492
8088
2768
9216
5819
892
6456
3599
9501
2921
4341
9628
3799
6898
5685
9758
7368
196
4550
1214
3188
5517
9347
2246
4245
2246
3722
2934
4905
7826
5067
3844
6614
9279
2083
7513
320
285
3555
1918
3626
766
6177
6310
3005
939
5775
8519
5309
2453
3258
8128
5068
5657
4442
9872
906
8542
7475
8834
1314
9354
7588
3592
5580
221
2800
5124
1525
3334
164
5774
9642
1578
3927
4774
118
9084
7742
2350
1864
2331
7837
5533
4315
6311
9869
97
9556
5817
5981
4777
6559
2637
9801
9662
4883
6826
8385
6351
9153
2328
5786
7234
9122
7969
7207
4691
9468
5728
1745
6528
3667
1635
6263
3130
7624
7969
995
5084
9010
1885
2428
8078
9866
3286
4052
3419
8056
1216
7460
1799
1714
4914
9752
7589
8398
1429
725
2547
4957
9852
8495
1461
9906
9821
5302
3563
7780
4808
9831
7298
6469
4527
1275
3940
7442
7025
8663
3404
6899
7505
8794
4362
8606
5400
7685
665
8239
2527
4038
2607
7308
2211
3333
4685
1510
4498
1435
2466
4148
7795
2505
5246
7302
3240
9502
573
2916
3832
7406
5350
6387
9416
1593
3199
9122
5128
5940
7302
6448
8006
6733
5363
1087
7807
2826
6474
953
4619
4909
3689
3445
6211
3027
4978
9620
1435
5592
4870
2617
5175
7637
6037
7607
9412
1606
857
4846
6363
2973
9449
3927
6123
579
4574
9670
7436
1072
5585
4667
3989
2207
3760
2169
940
3066
6833
890
8826
1209
2040
3073
4590
108
7994
919
414
2828
9641
5873
5018
4418
9840
2430
2287
8986
2704
4139
2935
7015
1047
851
6127
199
7583
1011
7443
8034
6324
7187
9114
4073
5682
3578
6879
5779
1327
4048
110
3301
3952
4451
9470
7551
5144
9744
4046
7542
7137
5814
9652
1219
7964
507
4251
9471
3030
4626
2353
2352
3053
5434
2142
2823
2592
1691
6899
1852
541
7229
1708
3974
2603
396
1243
1522
8869
2285
5203
8242
7230
1691
5681
5203
6357
7116
1718
7448
2638
2536
9401
5061
6067
4793
1860
1971
7524
5405
1956
7107
9545
3355
7234
2408
4671
3596
9432
344
1948
4228
1719
4062
9882
7230
6728
3900
433
2287
2983
5274
342
4143
7878
9584
5128
2663
7220
7293
3102
4620
8852
3550
432
5347
840
2479
2739
9229
4856
68
6690
7783
1944
8792
8416
7272
2441
5982
6732
2538
5395
2220
2138
1234
1693
8714
2724
8027
956
3413
3869
4129
7205
3526
4700
4816
4978
5666
9713
9561
42
4653
7078
515
3971
6293
5127
2893
3496
6792
6194
4556
1659
7341
7642
3739
1228
4634
5033
1860
7751
3783
3491
4710
5805
7262
1511
9054
5260
5743
9469
6702
5657
236
7214
954
1807
5417
1139
8957
75
3401
344
3878
4224
7473
7234
8495
9712
3830
9662
9042
8335
5169
7421
327
8863
5078
1389
1120
1635
8454
223
6779
5845
5248
3656
5138
304
3733
6549
7387
4364
4235
1616
2492
6050
9988
1719
7411
3837
7331
1150
1554
5204
5900
4843
6404
6308
8453
8968
347
4580
8367
9354
9690
8330
8386
7027
8324
139
8658
1100
6349
9666
4504
7554
8596
5166
637
772
3701
2448
296
5475
8999
8259
3107
8906
1852
7390
7923
5630
7235
6129
451
8528
1382
8569
9250
2644
7271
4167
8964
9545
7272
811
3355
8632
5285
1692
4455
955
7618
7951
8707
4229
4021
8678
6155
8095
5045
3559
3228
9705
4295
6508
3181
5272
4968
2242
6260
9136
8389
3824
3170
9213
1566
1367
478
3568
3795
5671
3905
8999
2432
631
2402
4495
1565
9432
6749
976
4583
7435
2598
4603
3767
1509
5440
7731
3650
4050
3027
2653
4027
4040
1055
7369
6782
2384
3269
2291
5061
4057
2459
5167
8697
2364
1287
9007
4456
4938
4170
3007
2477
6130
7973
3051
487
1628
5571
6862
3351
6913
7403
5648
9663
4261
7129
834
4455
5354
6110
1354
5174
9704
5322
141
6776
8579
7696
2634
6777
778
6352
58
2354
2501
8953
6220
8982
5600
6193
415
4650
4569
2728
8842
4942
5504
2167
5492
2044
1907
1472
2143
8010
2875
2727
6217
9673
5480
331
3874
5885
9187
1425
6595
5732
3767
8574
3415
8609
9735
6134
1542
4259
7560
626
9546
3695
5444
7647
6704
4118
1187
5964
4460
2901
558
2149
3458
182
1073
2546
2326
4432
980
5631
2177
9775
6704
4644
3025
2813
1092
6005
5118
4973
7050
6651
8477
2604
2819
880
1784
946
9045
3320
5329
4335
5075
2896
1331
3963
2516
5341
6663
3602
5187
1454
8854
7320
3695
7553
3979
7990
54
7327
7541
3716
1505
8216
6870
371
1360
6861
5524
3038
629
5178
8210
1673
9163
2964
8684
768
4459
8570
8829
7359
7317
3825
2426
9024
3169
2120
7112
2078
5967
3396
5902
3681
1037
7852
6679
9865
2437
1634
9009
4599
2745
6395
3667
2768
7195
1280
8270
2453
252
5720
3088
1025
1071
8993
8597
1065
5527
2003
9611
6135
8306
9198
7436
6661
8357
436
9974
666
1697
6878
8790
8512
4542
2445
1805
4769
8645
1006
6644
5585
4742
1820
4972
347
3549
833
628
5929
7087
2130
5482
4307
8314
3589
8203
4157
7610
2148
478
727
5539
2322
1280
4416
5547
5874
6296
3393
4573
868
4574
9796
4930
5890
7036
3457
1387
5832
9442
1776
2430
182
1210
2137
6128
623
9767
3244
6935
3206
5226
5752
3189
4020
2454
3590
4910
1039
4723
9493
6117
3493
6683
6816
3053
9056
2090
1202
9094
3332
1368
669
1101
3549
274
3675
4848
3470
8847
5278
3374
532
160
3950
7822
2899
4590
401
4671
6845
478
8442
1144
1442
1390
8973
7955
5390
8109
324
3785
3322
5287
9545
3074
5481
1112
8084
856
6220
201
1436
91
8270
4017
7441
6734
6097
4516
9876
4029
6949
5375
4379
11
8167
9475
4790
5650
5399
1926
4451
4011
9077
1009
8623
9688
4191
9904
7448
9542
1943
2218
3875
9920
7105
7581
8600
6791
3761
7241
5203
6747
7694
7994
4263
1741
3677
507
2730
6544
5467
8626
4869
1944
5340
972
52
2374
9354
6958
3949
6613
6715
2910
8547
3990
2690
8306
8743
411
4090
8916
4746
5466
2182
3068
3262
9549
6856
8752
7053
2005
4417
8319
2630
6428
6730
8195
8862
4573
8576
1473
1354
6151
7465
7702
3600
3587
2644
8230
7812
5078
4479
1855
9275
2258
4860
7211
3189
1770
6991
3171
3339
9660
2391
2346
1729
4721
4645
8475
91
575
8589
7748
4410
798
8015
1885
5191
8778
4466
9672
9933
1189
6970
645
9322
4245
5360
8944
1337
6663
5727
4665
6936
9295
1046
4171
7328
9254
5530
4346
5427
9760
4244
2323
6583
3751
1272
479
1554
6883
1708
136
6751
1885
229
7446
7187
6191
2647
9894
6407
204
7977
4207
7133
7489
9592
5263
4539
3906
1834
7103
7710
5683
1813
9658
4170
9134
234
2669
7321
4795
5278
2998
3642
6494
7497
3064
5397
3756
4301
1547
2334
6443
6881
7550
3692
4966
7275
6398
5382
1242
7760
6321
1321
7458
8922
8387
7662
8182
3883
8612
3018
519
3399
6021
1865
2654
9291
8837
5571
4639
5910
3433
9706
7320
3136
8025
2452
2633
1087
8346
9538
3423
5177
279
3669
7201
9281
4683
5925
7127
1929
2605
1826
7520
9341
3951
1931
5718
3330
4479
4926
4290
5693
6866
1534
2761
7494
1945
5
4950
7587
7173
551
3897
2457
2678
6860
5421
5447
1951
9007
9093
2910
9434
98
2128
1185
9737
4010
4081
6760
2251
919
3288
6590
1551
1688
5040
3598
8831
7128
6196
7598
6626
3575
7401
9133
1826
9786
1203
3007
504
6582
7116
3276
6577
7075
6649
8249
9964
1489
1476
2794
9085
9236
3406
7017
1234
1637
2444
9756
5538
899
4436
7519
4110
9524
7376
5756
5942
2661
6399
1135
4843
879
6894
3270
6426
6813
5662
9724
3792
2388
723
6161
9218
1478
5356
7542
4964
9252
2430
6136
8461
1696
5820
7895
4079
2217
8914
8719
4159
3324
9349
2756
4559
6443
7159
9669
5158
578
5676
8550
8301
1109
6444
34
8012
5736
2654
9234
272
5510
6203
3341
1492
7098
3869
7143
2212
6728
6301
9749
7428
2116
6476
4360
536
4653
2166
7441
3234
6737
9235
1282
8846
3487
7325
7013
8804
4132
4579
5843
8058
7439
3444
5273
3135
4949
6019
2559
6953
7529
8504
3672
853
4595
3341
1733
2940
2342
9378
6490
8083
9735
6658
8791
6270
7703
8046
8729
9563
7001
8333
2220
1155
9440
3012
7444
3294
3988
9016
652
4100
8355
9455
1095
6772
5471
9468
3298
6811
9097
6718
2327
3838
232
3830
5948
8244
7762
3337
2130
899
1034
5852
8678
1394
1729
5502
6086
7560
2217
5478
413
4508
8712
8951
9619
8203
4536
3452
8353
8092
7396
2119
3553
9684
1436
5095
2710
548
5612
7731
5053
2338
5963
2908
5831
4877
5354
6727
2980
2579
1513
8699
4011
438
7650
6831
1048
3547
3397
4007
2384
943
4115
8267
4372
3584
4163
6570
2338
4053
5396
8320
3039
5083
6524
4174
7712
4373
8511
3119
3957
3
4448
3591
8825
4935
8849
2191
8355
1913
1246
1829
5880
5178
6059
1118
9460
5951
1283
1788
8341
2206
2010
1892
2064
9522
5617
2569
9090
9649
2111
4786
9188
9930
2152
4591
2296
4284
6011
2476
1155
8530
1693
37
1565
1637
565
6383
455
1897
1891
5892
1286
6923
375
9426
9413
185
5265
5627
338
744
1372
2277
3729
4072
9555
566
9092
3068
1580
4472
6740
7375
2069
2597
4489
3236
2742
4384
7022
5076
7639
4134
4806
7408
1774
1887
8407
1204
8297
8398
3535
1340
7949
7898
5663
6096
8477
8813
9705
6046
1401
8315
6645
3892
3558
4471
7897
9707
6379
5894
7811
7574
449
4254
6074
1978
9029
6727
8140
9962
3883
7266
5299
2195
4976
6529
7402
5086
4714
2402
9373
5434
8935
3054
3396
6476
3618
2407
1763
1528
8848
7220
2736
288
6310
903
1447
1442
2448
3411
2699
9299
5396
3476
7259
5902
558
6194
7900
6576
7192
1656
5446
985
8570
2202
1815
1000
8875
5554
7629
9220
8667
7615
4388
3755
5277
1531
611
1291
3156
873
1733
7275
8208
8633
6156
3591
2591
1902
1588
6195
3389
6761
1712
3673
3997
6832
6205
5107
6534
3902
9757
6489
8093
2503
8692
678
9475
5720
9524
6711
8920
7343
9728
1272
5908
1552
1864
1087
966
5000
7069
4651
8796
1109
5856
8708
4891
8672
7909
5421
5082
5721
7212
1409
6750
3362
5029
8532
2227
7507
5325
6127
3471
2978
3829
9690
8451
5280
1667
3494
3963
1900
5911
8735
3782
9874
1364
697
5702
7599
3786
5376
3544
3330
6873
3187
5490
2053
7733
9607
6212
2161
2748
6817
1213
6782
6308
2525
9802
2958
950
1175
39
6655
6118
8450
6924
3432
7896
9624
8276
934
8335
7759
7786
4969
2296
2106
6749
8785
9005
8530
7825
6564
2339
2253
4291
1407
5991
7653
6352
5483
4097
2024
9043
997
1919
3252
5350
4543
7580
3232
1459
3863
8201
4518
688
5408
121
2786
3418
5453
6650
4391
7586
3390
7542
1424
188
5791
8190
6526
390
2250
5155
493
2760
5071
1143
8654
166
1056
5515
3998
8981
9435
415
3530
7006
8224
8881
9195
896
8437
1470
725
1021
4528
4162
7988
8018
7555
442
1285
8210
8083
1054
1765
4205
3829
8387
8934
3745
2863
2014
8631
2990
3059
3438
6371
8984
3600
2303
855
5344
94
817
5039
4797
8780
9945
513
1172
727
7408
9242
6735
7123
7500
2667
2724
4857
5521
4422
7672
2863
1803
9957
7070
3196
7942
2031
5370
6009
9914
2030
4398
8352
8970
5150
6798
3618
3429
3796
3016
1262
5571
1668
157
806
2973
6834
903
6114
9314
9138
1496
9765
2332
9219
8385
5838
3288
6864
6569
2970
5281
3390
6888
8254
8795
2077
5777
3682
4104
463
1516
3895
1022
3756
7737
1154
7788
4410
5220
6390
2233
7260
6195
5668
6920
9098
5268
5976
5416
7689
8209
7588
8436
5616
8391
4176
4022
1663
3536
3178
4580
5542
6146
5176
5983
8497
9445
4372
2942
9220
7532
1460
7109
7043
5110
7891
275
5115
4966
7007
3169
1962
8699
9463
5218
9047
491
5832
8800
1103
672
8868
4357
4268
1742
4461
5857
79
3817
2900
6516
9414
769
6024
2423
2230
7231
2235
9832
383
1423
7587
2413
8564
6697
3511
7829
8814
962
9679
8014
7963
3239
6787
4804
452
675
3027
7630
3554
4758
9700
262
1819
2544
6039
3441
6258
7451
953
7343
4313
3936
8481
5136
9154
8712
5683
2099
8262
3170
2914
1949
6616
6729
45
6591
7048
3906
1707
8615
944
7325
1093
3983
1537
4048
5993
8143
2135
6905
4155
9765
3566
4128
2374
5269
5414
4358
2269
6177
2401
7441
6253
6947
1236
8682
215
4450
6895
4332
10000
7584
976
530
5230
8643
5434
9303
120
6008
7633
126
8739
945
1617
2986
1668
2982
4476
299
4432
446
4283
6692
5402
8867
9988
3675
8646
6294
4278
1322
8042
9511
1470
2870
4536
7791
6498
5539
6738
7771
9424
7267
1836
6292
3032
3267
5128
117
2965
6334
5010
8027
391
1893
7539
1758
6227
2271
1813
9014
8549
6673
8819
7218
2286
5045
7337
7637
147
8139
781
3009
6113
6038
8489
9408
1426
9456
2148
9644
2790
2748
1532
3735
296
7224
8633
1364
9240
6207
5662
6116
3697
5809
4869
1554
8526
8887
1434
8166
3177
196
5816
7668
6659
2884
9483
5429
4699
9010
2530
2937
7955
4294
8624
8860
108
7116
9232
6484
1077
2910
3515
6558
6932
9040
6225
3920
9467
1061
1572
4205
4839
208
3182
8047
9975
3120
5543
5673
6206
5386
6848
2832
783
6802
570
9802
800
1806
1663
2581
2641
5381
8305
3507
562
4656
4128
5363
3466
7474
8696
5063
647
5008
5602
3908
8600
2372
1225
2437
1714
2681
7284
6926
3352
4133
4044
3189
5583
1554
8889
7476
7725
7405
9449
2788
2924
3108
6967
2434
6558
3121
5448
8070
324
3909
6064
4232
6974
3834
6295
9666
2463
5536
5999
861
1433
8696
8552
5262
9000
9322
1506
7050
6525
2803
4385
7418
7917
7061
4302
9337
6371
9998
542
6682
2665
8404
9895
1569
6145
6626
1692
5777
255
311
1048
247
2047
3
61
7878
7174
592
9915
6471
970
8705
1058
7479
5734
8054
1015
5940
3827
3905
3231
5265
9443
4956
7937
9753
5279
1650
7436
5612
352
9879
7788
8368
345
766
564
9173
1034
1992
6278
222
4806
4500
5066
1085
9196
5223
5087
578
6035
6068
3512
709
2760
112
5300
5167
3779
9904
300
529
7992
3712
2121
8113
48
6914
8835
6559
7302
6390
1603
8100
8762
9400
1093
9442
2027
3473
5553
4870
9546
7789
2368
3302
8094
1762
5544
2017
8193
9580
1918
1315
3308
3406
5913
1657
9276
8286
2903
2945
3369
1835
2902
8753
9048
4872
5877
6138
1486
7053
7955
3109
7842
6438
979
2454
35
3196
9820
8609
3391
701
392
9451
6787
4940
3904
6271
2507
8041
1618
8949
7180
9108
10000
8640
3856
9275
1598
1066
8692
6712
9202
7418
7733
2340
7694
2812
9141
1897
2160
4906
9940
2505
4257
9781
3613
873
2364
9950
863
8659
1246
5658
2748
113
507
6948
6263
8139
1570
9076
1026
1727
3930
4344
2328
8017
5668
979
2835
8098
9806
4901
7467
1612
2167
5348
1997
3820
1054
2471
8136
9694
2112
3453
4210
2175
6269
3786
7901
3832
9353
5403
9571
9313
9429
9890
7835
8408
9457
9975
7336
9107
4194
5010
8504
4834
3483
1172
2476
6871
3894
3261
5126
2769
5829
7135
6233
7135
4529
1897
6386
8397
7068
8709
5625
6564
3850
5915
5908
150
8833
1394
5679
3380
7884
6220
1384
649
4403
377
475
2369
8785
6556
3960
7121
1758
6170
2416
713
5340
2393
1777
7236
3870
764
8579
4074
6784
592
196
7706
2708
8391
4195
7933
4361
2861
8170
5153
8935
5155
6506
6136
6253
7391
4508
5395
319
4912
2201
552
6727
2276
312
2047
49
7903
3438
1020
2740
8115
3315
3318
5789
2735
6778
3360
1981
6335
2022
4893
5756
7797
2231
6901
5040
4835
9065
9400
5256
5205
6244
434
4098
3585
5624
1543
5947
8835
6704
3664
6832
9845
9570
2912
6030
5747
6891
1899
5032
7233
2983
6528
4240
1340
2895
5809
9121
706
7559
1161
9679
4863
2763
493
5295
6094
3416
2043
1329
5490
98
4210
340
7083
3152
8079
754
8970
552
9756
1291
4548
799
2732
3410
2662
3345
5392
2040
44
1156
4458
7099
8799
7958
4654
8165
3889
9352
5514
1602
6636
1944
1008
4685
9468
7064
214
5946
5955
8311
1666
52
1425
6403
9154
7960
9354
2319
8241
6673
9785
2387
4590
834
4605
4155
164
3975
792
5421
4134
6761
8713
1105
1079
9646
7092
936
94
1801
194
1256
5075
9621
1111
2443
3871
6189
823
6383
5204
2152
1344
2669
5471
1080
1031
5709
6070
9887
2678
6433
2734
499
237
182
8970
7818
2892
2164
1332
9469
5399
6007
6431
9415
8314
880
4155
4872
3016
8504
3196
8105
121
6289
8104
4445
730
9165
4243
1292
954
5366
6069
6210
579
6264
5603
3087
2107
2224
3438
9157
5647
2090
4782
4157
2305
5268
7009
5542
9264
4967
9948
9213
9613
1719
8871
9796
8218
3425
4846
1678
7168
6820
1207
5041
3997
9020
7587
1456
4764
1242
8375
8518
8122
8547
7847
7724
1351
1006
8693
1854
2643
6168
5110
3820
8063
7998
4857
7943
5887
6769
142
8984
2495
5623
936
108
7763
8373
4761
7540
1252
7786
6434
4973
2423
3804
202
5909
3971
7476
7640
7419
956
4724
5170
2792
8777
7449
1120
6798
434
1308
6302
4174
2522
8752
6900
6903
9500
5650
4554
8247
4661
5856
6350
2255
1510
5871
7300
7853
7294
9187
3244
1143
9678
1977
7232
3863
5321
9635
6990
2688
5737
7811
5882
4304
2784
74
4402
1965
2415
2798
609
1672
9000
8334
6317
2260
8034
6373
2116
7947
4424
8530
226
2842
1062
1975
8749
1062
2989
2426
661
7102
7029
9645
420
9851
6472
7362
7775
2062
6569
8222
9290
9573
7552
4882
2951
7889
5010
8796
6876
4569
4278
9541
9520
7533
9207
5104
6947
8498
4304
1293
8460
3772
3626
5381
5105
3341
8510
8924
1993
716
2520
3604
1120
5959
8625
5468
7373
6657
3194
5144
7234
6495
8715
1854
3263
9976
8791
970
1166
6651
3748
801
8864
3405
214
539
4696
6698
803
5718
7715
8838
9223
469
89
1651
6540
8520
6648
5449
1118
3275
1319
158
2205
9556
1428
3239
2426
675
8027
915
1879
8706
6973
893
7778
2035
6201
5897
6936
3459
5296
7952
5466
2617
3204
1714
7363
6246
9446
5260
8393
7489
7681
9811
845
9720
1520
6186
666
6840
2227
5964
950
6652
891
2504
950
1234
5454
2668
255
9300
4270
6466
4968
7813
6712
4376
3673
2688
1624
9029
6662
4172
1103
5742
3148
3763
5710
323
9358
5707
3142
8277
9304
6021
1280
8070
401
389
5909
5256
8282
1121
3014
4495
2604
1049
5989
1969
2644
7467
6994
4063
848
8591
1840
1647
9832
3279
5251
3709
9440
7154
5548
4177
9330
5288
2007
8407
9929
5137
8602
7056
9673
8735
8070
264
2324
16
6333
9627
4063
6970
5707
4978
6483
4449
8374
7334
164
8366
4665
165
1692
7776
1129
8214
2641
2099
354
1823
1604
499
3763
8850
4991
9762
1404
1091
4297
7460
6203
1243
8054
229
4556
1350
9779
8848
7702
9358
1051
9660
4132
3376
6315
4081
7448
368
5780
4284
7655
4734
2833
8843
1356
4840
3866
928
2911
7482
600
2603
4860
1488
9433
3527
8398
3614
9767
2856
5181
2404
557
9413
2139
5316
750
8356
7441
9456
4896
1599
7989
8453
988
96
8429
1199
6756
7698
5818
2339
7798
80
3497
6593
5301
8099
742
4687
7277
7892
5421
4186
6034
8389
6210
6119
6075
4122
64
5267
7699
9602
6417
6539
8151
4298
1996
9129
8472
1555
8731
5296
4312
8544
701
2645
2425
2724
6571
9610
8115
6014
396
5430
4913
4881
393
2179
4164
2017
3407
6562
8640
5728
4044
1695
9833
9636
8166
9004
4486
5138
806
8639
9831
3576
5789
6649
2898
6440
3596
7164
4211
5049
9112
7135
307
4683
5928
7969
289
8457
5975
4538
5351
2637
7078
4171
1412
4880
9579
4165
6307
5911
5070
6620
9274
4156
7686
6925
5737
8086
2601
4276
9578
6531
2221
9473
3772
5977
4545
3069
7747
7039
7190
482
855
2903
3350
5603
6604
345
1648
6549
218
8516
5585
1597
4341
4114
5975
8036
4511
6446
42
6115
7451
3484
8672
2428
9892
6550
9513
2328
9688
5161
9627
3847
6791
7265
1624
402
9700
1797
8512
4191
1938
3871
3526
5059
2060
9095
188
8975
6857
708
2993
4419
9100
9961
5579
605
6350
7229
4834
27
6934
6451
6229
9750
8814
770
7267
7513
5661
3103
9102
9468
7252
5872
9478
3822
7494
5091
220
3410
6518
8759
7485
1861
5801
2417
8129
9151
3254
2721
5457
7000
7321
7337
9263
6669
2339
5351
1756
5417
8077
2929
7924
5106
4020
2770
3924
5023
9681
4727
6324
8175
575
6325
4181
3305
4117
6721
1887
384
3880
9107
8800
6947
9462
6831
3775
4045
4443
5849
1721
6628
4196
1
6594
8775
2704
6776
5072
7230
4008
2320
2858
7609
95
4059
4210
4459
1749
6308
6564
4495
3438
2364
3285
8608
4635
5587
8742
3043
1954
4143
5418
3321
3173
9753
8689
4024
7052
848
5277
2337
1500
8006
9369
196
2603
471
9474
1856
3113
5723
8824
9218
4409
7940
7436
4469
9421
7924
3304
3592
916
1508
1286
1487
3257
1922
6785
6355
2874
4864
1092
9957
6012
396
2407
7996
5909
3829
3840
2176
4099
1914
5036
6313
6208
7787
9963
2468
963
4558
6054
9352
6099
8714
4974
2858
8014
1255
7469
6802
6914
6598
8010
6380
5981
6902
1306
429
1188
706
5760
3433
9190
4640
9956
4805
2801
8249
7734
1126
2222
9439
4948
2348
4103
6130
3912
9814
5282
1018
7895
1129
2021
9956
6247
4183
4952
9979
3017
1855
6198
4969
1328
7899
3330
1725
5633
7573
1113
5231
5446
6559
6837
4211
6143
3185
7822
6318
724
6205
5986
6451
8095
2313
6821
755
8445
6127
6286
6612
7777
9188
4277
1911
1997
8908
733
670
1885
9058
8405
777
3117
9678
9338
4859
8690
6706
7658
761
3536
1202
2792
3383
7284
1525
5113
8642
7689
7793
9768
2967
9774
3923
6470
9988
4262
8704
7535
2937
8195
9208
118
5494
2348
2122
8100
6108
2848
6111
6967
1602
5307
3571
4550
9587
2444
4426
588
1125
6590
2399
4814
682
2196
43
9005
9441
4702
2768
2344
4771
6085
3945
3984
3291
711
1426
918
9984
3968
7335
4626
6385
7042
9286
6560
7732
9194
874
3546
184
3116
5102
1749
1596
1773
6431
2860
4508
1480
6353
9801
2756
9880
5143
2692
4091
5699
7585
9947
6107
6720
5470
3138
455
1516
4146
9436
6905
8682
6453
2078
9730
9850
3299
3890
2253
4539
2419
4470
5476
3164
1569
937
8958
4353
9537
9490
9033
8004
4482
5370
1787
5637
2072
4105
8116
7973
3379
502
5346
8712
3380
2740
9922
2115
6390
5167
3082
3465
5229
9501
6911
1313
4725
3341
6403
2309
8932
7530
4361
9382
3193
5579
6852
128
5631
6864
8999
3930
3398
7453
8061
1866
5389
2502
5324
9953
5523
2347
3675
3311
9981
4320
9647
877
6859
7462
4629
7195
8363
4697
349
4702
2610
5119
4515
9175
4193
6820
9961
6875
4943
5112
2263
6251
6267
3400
3354
9090
183
154
2113
193
7825
2146
2108
3772
8259
1505
6888
8602
276
5613
1274
9040
7084
1626
6076
4931
4373
3889
4797
6993
8674
2494
9506
7011
5290
251
4671
2835
8937
2845
3408
4539
1426
519
4834
4474
1003
1502
7920
4934
8052
99
9468
7796
5074
453
7912
209
6445
3730
36
4757
3549
5585
5065
7643
9340
5961
4281
7338
9869
9002
5627
6901
1016
8814
5215
5191
3425
4886
5571
2316
3666
3841
5636
1690
4942
9782
5257
2600
9960
9033
8715
6657
7729
550
514
8460
8782
331
2289
9160
3924
614
8564
9685
3340
7495
7774
1389
4749
8543
4751
5399
9700
3158
8492
4562
7947
2742
8472
412
1384
2705
6716
316
756
1180
7386
8437
4843
4598
1330
2757
9460
1436
7363
8721
3245
6044
7543
723
7694
1279
812
1595
6012
4909
7611
2453
5532
54
8605
7457
7890
860
4444
1913
3390
3738
7246
9934
9968
3787
2564
282
6680
9342
4598
3198
335
1473
1809
9516
8701
889
9341
3678
6079
7773
2369
5637
3341
5055
507
759
6752
8496
5256
7257
967
9125
5188
9345
2873
5978
7516
6006
4988
1986
5577
2769
8980
6034
9898
8836
7858
5330
2675
6737
5874
196
7373
7915
6413
1108
4953
4549
8810
2229
1875
7686
1756
7945
950
7930
8993
9783
6244
8971
4003
9938
5758
6058
5136
8201
3957
1681
7309
8178
564
8891
1126
7369
3879
2257
9642
9248
4947
4947
7830
4450
7869
119
8743
1903
6935
3571
3675
8025
9963
1757
1065
6667
9984
5409
9936
3717
5913
7549
7692
4828
4480
6247
5831
1552
5768
1863
9010
7470
6175
2710
784
975
6794
6667
1213
1041
966
6869
2532
3204
7801
2739
3739
2500
3936
4902
4277
9188
1360
4602
7385
340
433
3702
8389
7054
2437
3545
269
6583
9608
2071
6986
8313
9652
6122
4140
895
8267
2671
4806
3055
7818
249
6228
9336
4429
4528
6234
7360
7183
8405
7718
4480
1802
5387
261
505
3615
9501
4018
1971
5205
4995
5107
4791
830
8531
7940
9432
8762
9015
5315
3640
6846
8276
3045
7684
2997
7216
36
671
6898
2229
7227
5643
9309
5093
7203
1332
9406
4600
9036
4989
3358
8898
5067
9425
7390
9402
4
2900
4279
2237
6576
3535
9594
3967
5054
9129
8491
6390
864
5323
6914
1811
3110
4097
11
3781
7628
1343
1075
2901
5791
901
594
7893
394
6709
2860
5237
1513
7448
9285
8808
5402
4965
9002
4981
4339
9587
6225
8643
750
2760
2690
7265
9253
5628
6482
9908
6067
6505
6347
2012
1149
668
561
6974
5392
8781
360
5074
6441
3731
3735
33
5000
2059
4168
4458
9924
6112
4292
2080
8149
318
9819
4596
5581
2315
8484
381
3574
1685
997
563
8218
7263
7610
9911
1601
471
3665
3239
3321
9218
7221
4037
6022
1246
9802
9906
7910
1748
9243
8699
7590
7038
2685
6127
6415
3746
196
6418
6142
5616
692
8950
6984
1500
8744
7981
6230
5201
5252
553
3466
255
6421
6618
3450
6233
1651
1178
6948
6656
2614
5945
8822
4743
933
4375
5454
2825
1343
2502
2251
1614
2504
8416
8204
758
7207
8273
8471
1552
1214
8105
1866
7928
3421
2965
2191
3054
4228
5445
9730
9197
9129
5758
1081
4249
913
3339
6456
2902
7647
5876
2312
5704
5801
4161
4589
6837
4083
3862
4674
8196
1464
6976
6333
3668
85
7305
258
3925
6355
4580
2866
5088
3898
1763
6518
999
797
1960
2764
2890
746
4665
2359
1344
3700
908
5747
9049
2024
8021
1548
677
3454
7017
4805
3834
5225
9480
7809
6159
4193
5987
2487
2043
3825
748
3278
2259
170
3104
1950
7490
2055
8169
1710
3486
2732
9079
535
63
1995
3569
7829
9359
8245
8204
2416
5474
3145
6012
8804
6978
4243
4081
4371
5185
1125
9571
6731
649
8095
6416
2474
2125
6593
2330
7633
1854
2272
2971
4165
1382
4138
8128
4576
9812
4686
8183
2512
8474
3278
9752
9385
3665
8192
1250
4137
5489
6261
8289
7388
1261
6386
5307
6592
5779
5775
3614
1106
629
1286
5590
8617
9215
5
5232
9828
7340
3721
456
1279
2897
4433
7047
1242
7378
9444
9844
6705
210
1565
847
6749
2420
2174
3607
8577
6892
4588
351
5543
3920
2153
2469
4082
1495
425
2148
9643
3860
4389
1260
3947
6625
2463
4730
4923
2584
9184
1690
6726
1410
8906
8249
2574
731
9604
5062
6914
4678
4090
6253
334
6846
2732
6898
5941
1835
5382
3336
5729
7997
5882
141
7512
2151
2943
2827
3518
4749
4711
571
6732
2084
1451
5000
8661
8354
3922
2450
7663
3555
8952
6132
4927
7850
3606
882
1930
5190
5030
2610
1513
2185
5345
7710
7076
7610
2580
8500
3686
3168
8952
926
6130
8122
8684
10000
1190
9731
4764
438
2062
6531
2782
4867
8688
9070
7714
4547
1119
1479
5439
6247
7467
4919
2319
1552
6338
1657
693
7013
3541
7530
6824
6192
2494
110
1703
6532
7602
9549
3162
6427
7092
54
1851
3452
4068
8266
2865
6703
1979
6972
7748
5184
113
6221
1195
9101
9721
190
1679
2252
2291
555
2856
2014
3005
8944
4042
5694
8469
2005
930
5843
5451
9756
1270
4344
7864
4124
4991
6573
3576
1051
3978
5322
8945
7682
1491
4343
9205
9537
595
5845
8379
3223
9315
1845
3880
8906
3027
3976
199
6901
508
373
6514
9706
2013
1598
4468
442
3530
6939
3706
5938
5492
388
7916
212
6863
9240
3975
9385
3348
2538
5153
8342
5555
8904
5077
8943
2918
6982
5657
8321
8072
55
2475
6593
7886
5309
1240
7763
3748
2394
9592
8863
6677
8628
6720
9467
7435
4117
1531
1619
6845
8580
4654
4196
5376
4527
7654
989
4790
6891
8839
9857
399
6713
2980
4976
6801
9581
7473
7083
9146
9712
2038
1787
2776
870
5392
8085
6242
4475
1246
3523
110
7630
5561
1962
6924
1441
4271
8121
180
1084
3683
6251
7756
2954
4895
3794
8608
768
23
9643
2618
3612
3389
3313
5943
8300
666
6008
2008
3554
7271
6186
7811
3224
1786
2721
9030
9076
7059
2133
9039
7718
216
7274
4997
5111
8988
3293
6593
5172
6736
3601
1831
6904
7568
2739
4224
5650
645
5070
3517
7120
6749
9066
9532
717
9164
656
1860
9057
4615
8475
7239
4674
1235
8237
3504
8781
7568
3580
3576
3197
995
4806
2234
9518
7085
5011
1280
8012
8489
8877
3335
6541
7021
2613
8587
8514
950
4646
9060
6763
9515
8620
7045
5063
8530
4205
3874
3092
7567
4423
8435
872
1721
14
915
3489
3555
6902
1660
3953
6061
316
7651
9163
5261
4037
749
7584
7733
4999
1094
6203
5563
4501
3449
7598
8258
777
7301
4251
702
5805
3115
931
1117
6369
4865
859
4349
8321
2331
1185
5361
7524
7361
3762
269
4889
3351
6820
8409
6837
5515
5110
6179
3327
2239
1561
1789
479
6809
3538
4144
3591
1444
4750
1801
1929
6600
7701
4081
6488
5518
122
3711
4791
9316
884
4478
8473
4924
8714
5884
6371
4100
7431
6819
6086
4854
1055
9775
2583
6723
3988
8520
9271
6338
744
7541
6665
33
7412
8428
7589
105
7104
7021
1820
5678
4985
2444
4035
2788
7671
1931
1616
634
8931
8377
977
188
1438
6610
9088
7175
1508
3693
7792
1624
3517
9791
1371
9564
7492
1849
1167
6578
6364
9792
106
8315
4562
57
2711
6199
2160
1137
2030
3332
2600
3048
9324
6221
287
3942
4893
4734
8279
4069
1985
1314
4508
6710
5038
9015
7664
8603
681
975
151
273
1540
7899
1439
8256
2395
5919
9717
1084
7541
9753
5934
6371
327
1498
4362
695
9682
1740
7443
55
5737
1577
3320
2258
7524
8224
3586
7243
4925
5799
1540
1767
1606
8968
3655
7420
2064
5524
2652
9066
4110
9492
6348
9650
5838
6271
1187
6812
6794
1460
2151
4585
1891
7286
3552
5438
6599
9958
3984
8558
8152
9238
8079
1524
9182
9815
7160
3539
1086
8808
2262
3416
3722
8225
9625
8222
7500
7720
9924
6331
7394
7485
8715
6931
8668
5227
5185
7481
2336
1646
2467
9962
2733
5388
8819
1193
1359
1600
6177
9680
637
7141
2798
5087
7726
2068
4844
1831
9889
9438
8447
7746
5031
2226
4224
1156
6828
2583
5317
396
8477
1201
2330
105
1597
2515
4824
1315
5068
3204
592
7526
5658
5902
6891
6747
4751
1741
1284
8392
1413
5414
4152
5078
6250
6478
9057
6113
2949
6960
6423
576
3403
8022
9401
3955
6118
700
4891
5564
340
634
7413
315
6439
2514
8517
5509
4479
4335
2928
5018
1228
629
3983
3762
3357
4707
3268
3760
4457
5031
3240
7667
9729
9265
6351
1785
4298
9530
4216
8502
8145
196
8783
3184
8994
9776
9710
6447
9740
2568
2573
2458
533
9943
9810
262
2936
5118
7733
5650
9777
4635
8089
6159
6947
6131
3375
8771
6795
11
3817
9907
3807
4343
1712
7314
4122
4656
3612
3686
4483
9701
7717
1248
5374
6335
5008
4182
2738
9522
2900
6851
2211
1338
422
5140
3738
9374
341
432
8539
3035
765
3937
7234
491
8834
6348
7561
117
3768
3831
1142
3724
1983
4878
3608
9762
6393
3365
3861
2861
3578
2065
3133
9442
4557
5996
4908
1895
4725
3469
4174
318
4646
9512
8838
8581
1530
5117
610
5495
5307
3192
9734
1543
1096
5092
1955
1044
7352
2600
9716
6116
5215
495
4172
7233
9548
4340
3229
1127
2176
9422
4996
3672
7198
5032
8637
5995
7801
1604
3764
7112
7255
8003
4828
6209
764
6646
2008
6516
6567
3896
5885
1129
7836
6149
8369
8207
4733
5089
5180
2585
9560
572
2170
2539
5987
9005
7546
9688
6416
707
541
7583
718
209
4552
5058
5434
2715
7880
2434
7483
2984
1710
132
1525
1498
5218
6604
6879
8672
3577
1383
925
7278
5375
9764
27
2748
454
2992
8262
1663
4609
8802
9417
8461
3102
8414
4528
7661
8440
766
9161
9499
8161
3831
6567
1925
5100
7188
3064
4467
2655
149
8632
3002
4668
7218
5723
9257
7773
3559
4324
2176
5152
4214
3720
7290
5074
6317
1411
6128
8724
599
5557
6857
8957
9034
5825
1481
3468
2138
5472
4336
3491
5833
4774
4026
5058
737
3300
4229
9471
4326
377
7602
8118
6239
3045
4722
9720
6077
9727
3844
2501
6146
8755
2190
7740
9566
8851
6364
2906
9218
3607
6203
8496
6874
2345
1711
4919
4021
706
9901
2311
6860
1208
4778
3737
9486
7447
5623
2298
3559
2535
2312
145
3163
7034
2561
4621
369
2854
3198
7966
8211
8756
2193
6483
5047
4989
4700
4087
4658
1381
5439
9359
1882
8281
8698
1915
7626
7447
5831
8991
7711
6596
7668
6996
8977
1529
8030
2127
5910
4687
4858
336
3599
9300
5749
7917
6430
8146
5018
1815
8729
7980
4852
114
7137
9904
3793
1004
284
7610
2397
4614
3507
7125
5841
6994
3674
3069
2728
1544
8268
5406
3006
9057
4482
8704
1514
2499
8472
9130
1208
2435
376
1422
1914
8339
4736
3471
9460
8401
9051
4770
9148
8294
6466
4942
3656
5011
5028
6097
377
6880
1227
4860
2504
1218
6069
6216
6264
2776
6967
6376
9947
5500
4167
8366
9099
2955
4838
6293
9957
2162
5755
4390
4801
1808
3342
479
694
512
5186
6133
3741
1361
5830
5177
6455
2637
7788
8669
4585
3207
649
279
887
6516
9074
9027
4268
6562
7935
6598
42
529
9923
2773
2274
8931
2876
4375
8942
3793
4574
4655
1769
3753
469
7578
2790
9619
1823
5858
9176
9424
6566
1894
1317
7175
910
4655
5485
6783
9502
313
7989
6164
1024
684
9123
996
3979
2849
2839
7576
8270
1039
4604
7068
7479
3102
589
9042
6038
678
7405
2107
5892
5785
3120
8693
8207
4721
3855
3178
5599
3995
5120
5419
4430
291
5561
927
3560
3173
1011
5941
1181
2394
6867
1756
8792
300
7884
7482
1596
4307
9992
1104
3100
5151
5173
9858
4292
9340
9365
1626
6087
8459
6625
5989
2776
712
3094
9872
1580
8209
7210
6049
6720
7222
9468
6429
4946
2131
4788
7311
5267
7460
1332
8855
6121
3605
8827
6568
2529
3222
4159
9375
5645
249
4017
928
7535
8480
4362
8220
424
7423
9830
9299
5002
4341
2941
3044
5603
2885
9337
9693
3228
5372
8263
5343
6259
4359
3081
1529
2943
9393
688
5852
7275
6637
1792
2617
1988
9358
7218
3988
2939
8430
5907
3022
5275
1139
9634
4206
8092
8299
5853
4243
8864
4642
7379
8103
3274
8304
8382
1907
3067
3020
5259
2304
3785
3408
7059
9301
3667
621
4532
2600
940
1904
6063
5555
7997
3015
9762
8484
503
8467
2214
4324
1209
6148
7288
6130
3979
165
4175
4886
3039
2920
4321
7957
1485
1767
2769
2827
8811
8945
9251
3392
1948
8830
9090
7785
408
6755
4111
5587
9628
1346
2829
3939
4542
1457
1110
2331
5732
1652
8216
5437
7602
6776
689
508
6819
8109
6511
3515
1398
7375
8597
7398
3837
9217
2344
8856
672
6756
584
3853
1411
5323
9062
7537
7817
5993
6541
6243
6390
7289
1471
3232
5462
2489
5279
6490
3247
6971
8255
354
7054
983
6578
5891
8211
5323
2451
3410
8175
8330
1350
6831
9020
8446
7854
8536
3838
7390
112
7778
7636
1461
3585
1788
700
6411
8472
9425
8726
3139
6772
8182
4148
1947
8455
8716
4799
9292
5877
2090
5584
6460
4654
4217
8455
5646
2175
500
2800
1965
3101
5381
7028
2878
6724
6816
3412
2843
3382
8100
9023
5123
4294
2729
3488
3338
3056
668
8719
3295
9456
8908
2932
244
6847
1522
586
4774
17
1475
3815
8133
1757
5058
766
3979
4987
7135
8264
1871
4846
69
5137
3714
2274
6288
4708
7586
5274
4889
2171
6785
9583
4880
1534
6685
9470
9524
8858
1014
3518
8757
8375
5414
9889
3110
6200
4544
1051
1210
791
8693
1715
5638
9304
2491
4452
6809
6484
7673
8274
2698
8102
9019
4982
5583
9044
7384
6797
4334
646
4342
3701
8622
1859
3659
1001
3291
4686
5563
5759
6595
9528
9421
3139
2526
9915
2251
783
3347
2384
4547
5859
5233
6262
9575
5416
4968
2330
8970
8211
9685
1388
510
6825
7117
5049
5181
5317
6733
534
9851
4303
1131
1903
9784
2598
2498
1406
9778
8619
9167
2419
6107
4927
7984
7747
3688
1768
8490
4717
8363
7747
9469
2925
6780
9868
3972
4
5267
8021
641
4301
2509
9631
3138
7981
2065
7450
676
9915
3821
5605
2403
6089
4627
5689
8728
1877
468
9665
6903
4474
4405
6755
1498
7338
6674
8327
2263
5684
2759
1550
9203
7644
9143
2994
7625
5082
9789
2370
9992
5090
235
6661
2160
6489
8024
518
3012
765
5840
3859
3072
3477
1646
8056
7457
6947
2036
2668
5633
5393
6301
134
5300
1109
7358
617
6740
6829
7367
3372
4219
463
3417
5454
4715
3864
3417
874
7829
8928
1889
4517
1923
3770
8444
7532
661
9473
9593
5874
8464
6423
8538
986
4529
4326
8379
3196
9932
898
3618
4989
3113
4278
606
4904
3015
9794
5689
123
7938
9267
3759
8971
2569
7694
2173
4131
7699
2718
2902
2169
4954
6273
8671
1050
8964
5796
7993
5047
2932
6324
7386
8460
717
891
6384
737
8667
2712
1959
9348
904
2514
6154
7020