7,4365831 12,1218025
6,6206776 12,3126014
7,120262 12,7634203
5,5875493 12,1718477
6,3441718 12,9174176
5,4385263 12,4873668
6,86796  12,4332508
6,1772069 20,7473625
6,9179813 12,0842552
6,581111 10,721067
5,1239121 12,5252112
3,112013 20,0477485
3,4036304 20,4257977
5,9883609 12,5487491
6,3241575 12,0544816
6,4782004 12,1854322
3,8869961 10,7839758
3,6804906 20,4335491
3,8474741 12,0343005
3,9345397 20,7155362
3,3934729 20,2638153
5,2914858 10,9372419
7,8249142 10,6613824
6,7500249 12,5242015
2,8554209 20,4047087
5,5346703 20,4783003
3,2748297 20,819098
6,0339336 20,2351713
3,6559042 12,7807084
6,586315 12,6840582
3,8261264 12,9719106
1,5350694 20,9979765
6,9823444 12,0466694
7,17879  12,5163469
3,744775 20,8785812
3,8470037 10,8732523
2,4395776 20,2712648
6,6212161 12,1951137
6,6209543 12,6099846
6,3134178 10,9451192
5,1542998 10,844124
2,4615038 20,9454903
6,3110194 20,0246203
6,5157737 10,8492145
2,3438796 20,3452671
1,5441324 20,8473725
3,9636632 12,8661027
3,5455113 20,8094385
6,6369923 20,2022635
3,0995398 20,3618237
6,7390153 12,1072034
5,7038888 12,4341902
6,688638 12,6552322
2,2037658 20,6050441
3,0925397 20,3998272
6,4964366 12,113557
3,9185014 20,0823341
3,5503069 20,8538382
2,0800044 20,6447004
5,1795865 12,4278234
6,1512094 20,4365984
3,3595248 12,6908243
3,3242646 10,7806806
3,5037679 20,9431425
6,4813742 10,713025
5,4734701 12,7946714
6,4313827 10,8518471
3,8344033 22,0532455
6,5346849 12,7919236
3,7991208 10,8874983
3,434303 20,3826808
5,8411943 12,0079272
3,8493762 12,6643399
6,3070373 12,092929
1,0808762 20,8151513
2,2292126 20,3613995
5,4512314 20,7676854
6,3036978 12,6530926
3,8244265 20,8203814
6,8365125 12,1806616
3,8349344 20,7530061
5,1555442 12,2934426
6,1050016 12,7104996
5,9612993 12,7939877
6,5325955 12,6105429
6,0121111 12,0135254
6,1229922 12,6044219
6,0333639 12,8671678
6,9715493 12,7619837
1,6903155 20,1208055
1,916045 20,5344313
6,1458641 12,4593617
5,6346014 12,0699647
6,3124671 20,3495524
7,4362512 12,8385578
6,0437331 20,0795431
5,3949946 12,1046462
6,2160508 12,021296
6,1244553 20,5134863
7,1878308 12,3420127
6,5955332 20,5144239
5,4699353 12,6379467
2,5059553 19,8200515
6,3010833 12,6268651
3,8421259 20,4390538
6,2936847 12,2597046
6,2463652 12,8595124
6,5514614 12,1702084
6,361887 20,1931435
5,4955474 20,7479193
6,8674973 12,3383708
6,1403422 10,8639452
6,0233166 20,5880357
1,7352554 20,5330426
3,871237 20,4540169
3,2164378 20,7055251
5,8243606 12,1913427
3,636864 20,3225884
6,6181431 12,3662315
5,5744543 12,4408075
3,3223068 20,5908186
6,0951767 12,5022676
3,5793193 20,2929253
5,9263438 10,809268
5,4859859 12,3663516
6,9624352 12,3454987
5,853222 12,8171955
6,43415  20,3449534
3,4236418 21,8864476
2,4978332 12,2015253
5,407939 12,0087345
3,2040372 20,7332346
5,1491541 10,6943469
6,7396999 21,99686
3,4534477 20,1553003
5,4388582 12,5517117
3,8439164 12,0251611
2,2940422 20,7121852
6,0263439 20,769872
6,2633134 12,6862423
5,0477976 12,5940684
6,8576079 12,1778153
6,4061269 20,9333961
6,7721442 20,7849002
6,9060966 12,3663354
2,9347306 21,8439072
2,7322346 20,8029646
2,3778684 20,3503826
3,7344431 12,2477645
3,9831013 20,5751941
6,3439534 21,0120947
2,9790233 12,3374397
5,3663355 12,022266
5,433766 12,5595958
6,8787255 12,9030293
3,8081206 20,3662386
6,4926435 12,8524329
7,1796572 10,9211844
5,5331216 12,0479585
6,0441119 12,5085398
3,0934723 20,6157049
5,14932  12,6672132
5,5746852 12,259694
3,4926723 21,1151478
3,0902016 21,4279235
2,2381935 19,9019144
6,9462301 12,1445752
6,2943497 20,5473875
6,7359202 12,7541643
3,4885765 21,14969
6,0072262 12,4475412
5,1044769 12,2122227
2,7886917 20,4055513
3,8642716 21,7909536
3,9721385 20,719886
3,2112516 20,3450575
6,5803124 21,1058578
6,6413127 12,8692713
6,19131  12,3917812
3,0024327 21,2453234
6,01295  21,0552768
3,0239972 21,2397243
6,9698176 12,954796
6,9226176 12,8101478
6,4579487 12,2015738
5,9620803 12,1669942
6,5586155 21,8461387
2,6669126 20,7109296
6,5080488 12,4181341
2,6932297 20,6136134
3,5979546 21,3178614
6,5409079 10,3843917
5,4753459 -1,6318432
6,6830929 12,1466597
1,8010337 21,2706117
6,7172622 12,7345474
3,6210958 20,229062
2,6907479 20,4345772
6,702516 10,8064811
6,7143506 12,1977588
6,3424665 12,7722297
5,98781  12,3787385
3,5366877 20,7725764
5,5200686 12,5020172
5,9661078 12,5039812
3,9484478 12,9051743
2,6884419 20,2977294
6,2273867 12,3941008
6,1614422 19,8477043
3,0813406 20,5119649
2,9300102 20,3845484
6,862512 12,15322
3,5265948 20,7685119
2,9835346 21,0681248
6,7988116 12,4105124
5,6922686 12,291299
5,2669678 12,1541792
2,8437823 12,8052907
-3,8852938 20,8820432
5,7438591 12,3120486
6,5301909 12,1069502
3,6546097 20,9084229
2,8018113 20,8210511
6,3063244 12,7133509
6,4361612 12,1331812
3,5024327 21,7091212
5,6953993 12,7725312
6,1700362 12,3647544
6,9148654 10,7631217
5,4060346 12,3425424
2,7008796 20,6454187
2,3141625 20,3833844
5,3739419 12,5495491
6,2702437 12,7120367
3,9672337 20,534437
5,1555586 12,1147472
2,9088796 20,8645533
6,2109013 20,9751385
1,6443311 21,438419
6,6020738 12,819406
1,1750736 20,6069462
6,9734718 12,9074345
5,4620551 21,3711529
5,4598602 12,099048
6,8734718 12,9074345
5,9620551 12,3711529
5,8798602 12,099048