22,7289935 10,6928192
23,1742794 9,7334756
22,9187442 11,9511527
23,2576389 12,6073638
22,0330647 10,903263
12,4797016 18,4633947
23,477998 10,9751278
13,8520464 23,8460818
22,925402 11,8263866
13,2112697 17,8618629
23,2499092 11,4927841
23,5800952 12,1972654
23,5164943 11,6037871
22,7357714 11,3682148
11,4950033 23,9605437
23,7706555 11,9064552
23,2555135 10,7936901
22,6630176 10,6804993
13,5460791 23,1953924
22,3046476 11,5014098
23,894065 11,7925745
23,3616877 11,8530915
13,8071728 17,8386964
23,0007759 11,3802804
23,3816307 10,6118818
22,9592554 11,7242082
13,3677302 18,6068203
23,8342717 10,8375569
22,122647 12,067552
22,8604081 10,7550885
23,5791249 11,4971813
12,7721549 23,63604
12,8020857 18,5769755
14,2248624 24,5476218
22,4084064 12,0914062
14,0398738 17,8292712
21,4746634 11,0106894
23,057701 11,8309309
13,3073876 23,9116084
22,9410424 11,8403029
23,011933 11,9872751
13,1656874 17,4684145
21,6618739 10,9910077
12,8867044 24,5641225
13,2497013 18,7139013
13,3757298 23,8302152
12,8209841 19,0811113
22,3821788 12,1223309
22,2449924 11,5116641
24,1333061 11,8936761
24,4801425 11,028794
24,1370228 12,014871
13,7896775 23,6971426
22,972521 12,4845741
23,1879098 11,5753719
23,4628798 12,1211584
23,7340917 11,564462
23,2017497 12,0064529
11,4782319 16,4048283
23,3620191 12,3564956
13,6986891 18,1907147
24,0129994 12,1522091
23,0513395 12,372396
23,6713788 11,9667905
22,6195273 10,9619203
13,2042429 17,5117989
23,7241819 11,9574474
22,3450642 11,2646293
23,8675722 10,8504014
23,5478565 10,8236489
23,4219016 11,1925785
21,4369385 11,4729419
22,8056391 11,7379422
21,8815515 11,6383308
23,5051838 12,00682
23,5019896 11,5007709
14,3572255 23,5799093
22,7349592 10,8600389
22,7445002 12,223059
23,6398353 11,0216144
24,339122 11,6355258
11,9099224 19,0014016
23,1262269 12,2501102
23,4987161 12,1257847
21,064947 11,4153107
24,4723726 12,0114375
23,4914734 11,2135548
23,0303953 10,8054046
24,7735224 12,0482773
11,2354534 17,1310989
21,7750305 11,035173
21,7665504 12,1165546
22,6769352 11,565647
22,8489003 11,485135
14,065676 17,0406489
22,5234602 11,0456902
12,1478112 18,2979901
11,5414823 25,2914684
12,4849356 24,1105773
13,1347013 23,9433913
22,6027971 10,8732193
22,9931627 11,2935456
23,4124902 11,3977081
12,3529801 17,1100016
21,9260997 12,035551
22,675757 11,9547248
12,2164561 18,5300282
13,4042069 23,206025
12,5954424 18,5700421
24,4847241 11,310189
23,1817918 12,2497037
22,5558489 11,2912929
22,4888485 12,5130839
12,7007612 18,8755079
24,1860757 12,3377659
23,3409145 11,4375427
14,9357199 24,1698353
12,383613 18,7503994
24,3183147 10,1783133
22,7558827 11,3698397
22,6183526 10,9184943
24,3903687 12,4256596
24,1893578 12,0988145
23,3976767 12,2336211
24,0085133 12,6001335
23,1663998 10,8186363
23,5678979 11,8763163
24,1958525 11,6810669
22,2024485 10,8574135
21,2987495 11,7027625
13,2683733 18,3139967
23,3364356 10,4303255
22,8645262 10,5916409
13,304391 23,9302018
23,3870885 12,0031995
12,6708345 18,4361415
22,7998474 11,6387273
23,8204883 12,2580893
22,6058861 12,2784457
11,6302383 24,0467973
22,4669508 11,5312329
13,1737858 24,2359547
23,3918597 11,4842875
23,2542849 10,6341492
21,2286112 11,1336596
13,6219082 18,250695
24,6274567 12,7584037
23,3518734 11,5213101
23,2995339 11,7949008
12,4070544 23,2724684
23,0836673 11,4369869
22,9181354 11,7865894
23,4845618 12,1913549
22,6401283 11,5762337
23,6515009 11,4969159
23,8521652 11,5907564
12,388091 18,4127494
23,2605889 10,8359629
22,1812837 10,5900649
21,76793 11,4573889
22,7926824 11,0103873
23,0049616 11,8855826
13,6337445 23,8365773
22,1304458 11,3789637
13,0332698 23,500287
24,7532791 11,5940935
22,8835805 10,8306277
21,5222303 10,5503957
22,6066896 10,6485198
23,1385347 10,6055805
13,5628622 18,0443998
24,0599975 10,8356832
24,6873765 11,9579378
23,6049411 11,8513566
23,0875247 11,4462966
23,4799624 12,0129868
22,3342897 11,2296018
12,6959852 23,4048133
24,932808 12,0057979
23,825548 10,5414857
23,7859432 11,0998789
22,4882649 11,5899077
23,1440562 10,5650221
22,6005572 12,4461374
22,6994084 11,6165073
21,866861 11,5869898
23,6617708 11,5021294
24,3034151 11,040321
23,6730333 10,8213562
22,0162129 11,8178386
13,0149494 24,7435995
22,9430458 10,7688781
21,8110674 10,932179
12,6364776 18,5378239
22,6388912 10,6987007
21,3435333 10,3316763
23,7445656 12,4440232
13,2715677 23,7530827
22,2865975 10,7524526
12,664175 23,5867212
22,341235 11,3388166
23,9363376 12,4517258
22,3382771 11,3858056
22,6940126 11,4130063
23,5082036 11,4726495
23,2336869 12,3060416
23,0873656 11,1307292
21,9265187 11,3259223
22,4532649 10,4467505
22,914306 11,0849935
22,14516 12,0231442
22,0819474 11,8712731
12,1024723 16,8932658
13,4325006 18,8123616
24,5188832 11,8918105
14,2460614 17,6478669
11,9106615 17,51826
13,6043024 23,8653777
23,0676088 12,3335368
24,6342781 12,4952666
22,5359577 10,2376121
13,9817602 18,3324332
21,9237841 11,3466715
11,8248138 17,9569255
23,6013536 11,3544712
22,0538334 11,1654403
23,0245193 10,9795549
22,9158895 12,1839267
23,3590926 11,1518459
23,0147906 11,6384212
22,9891159 11,9100335
22,8885769 11,1671113
24,2071313 11,1970924
13,6361866 23,1864247
23,4618276 11,4636991
13,8174477 24,6719054
23,3458514 11,3371332
13,075386 19,3976927
13,4179211 23,8117892
14,192352 17,2946174
21,853294 11,0398198
22,2393751 11,5176996
14,3941467 16,8412196
22,5479181 11,6525574
23,4079663 11,8579359
12,9357543 18,1090948
23,7057962 11,5359991
22,5527617 12,0726137
14,2524802 18,5034563
22,7917676 11,6799728
24,0938938 12,4890336
24,0220575 11,1236726
22,0947908 10,7269512
23,2712565 11,8326558
22,7430954 12,6039946
22,8061442 11,6313924
23,358442 11,2205202
22,0564905 10,4344195
14,2901664 17,9548562
23,179241 11,0556089
23,0437493 11,3437373
23,1834275 12,2898647
14,2194189 19,5544821
13,9025644 22,5348023
23,253236 11,0838827
23,2769036 11,5043655
12,2924036 24,8046494
13,6420738 17,7455973
23,282421 9,9607937
12,6708274 19,2746681
13,3384134 19,415781
22,3956564 11,3670609
23,0819129 11,6569164
21,9462967 9,9926831
24,6246874 11,9709847
12,8613774 18,6770165
21,7107769 10,7850522
23,3621208 13,033295
22,347281 11,2699892
23,6587305 11,3383831
24,1236051 11,9104271
13,1948957 24,8653892
23,5829695 12,7801954
23,0558355 11,4184769
13,2161479 18,6245012
24,1987128 11,1811949
22,1273154 11,4759607
24,4655542 10,6464411
23,6205059 10,9402682
23,5888322 11,2493331
23,5874047 11,4306196
22,3508597 10,5962364
23,668026 11,3391374
21,2919268 10,2670531
24,6050822 12,6635347
23,5007151 11,7463372
11,7940396 17,3333951
22,9899572 11,5317378
12,9791885 23,8212649
23,4395075 10,941233
23,0956648 11,6544502
24,5024966 11,3993714
22,0756904 10,9427353
13,9861727 18,2563553
23,2989708 11,6594717
23,0197635 11,0817306
25,0730088 12,3151753
24,7365984 11,6249665
23,7489132 10,6789453
22,6070065 11,7442745
13,914289 17,8785634
13,6275227 19,5186358
12,1071264 16,5495317
23,1012691 10,9193008
13,0675212 18,0189201
12,8526798 24,119647
23,46744 11,6894928
13,3390736 18,3015641
13,2331173 18,1812725
22,6136955 11,0574729
22,1158979 12,6014638
24,1379004 11,4672064
23,3784265 11,447371
22,5697964 11,1909344
13,5916518 18,0100045
23,3745991 10,9008933
12,4670117 23,7048858
23,0064066 12,0198358
13,5650403 22,5469772
23,7999123 11,9918301
23,6903604 12,7313396
23,7673268 12,4301389
21,9957054 12,3053721
13,8015906 22,509442
23,1043189 12,6515358
23,2354391 11,2150223
21,6264419 11,7729523
23,4388672 11,5579942
22,4585359 12,1827568
22,7991981 11,0752427
13,177908 18,60829
22,0253046 11,5528275
23,3604557 12,3764371
22,2885073 11,2468101
13,6912674 23,1270059
24,0735743 11,3435248
12,3718246 22,5298534
14,0513038 18,3204114
23,5734237 11,4653342
12,5248201 17,9566938
23,9354762 11,3465902
23,6356157 10,2655489
3,4654534 -14,5665244
23,2457602 10,9694754
13,0653521 24,4473374
-6,7645466 35,2914684
23,4652077 12,0809064
22,6313949 11,9069041
22,8077383 11,695945
24,5602153 10,9696639
22,9359964 12,1648028
23,1090261 11,5646335
23,4435921 11,8172774
13,3351967 18,778941
23,3566094 10,8609556
22,420449 11,9230655
14,1222343 18,8705825
13,0813297 18,1693943
23,6255828 11,5638067
21,3117803 12,3016295
12,9281214 23,0744119
24,2847662 11,6980271
12,6512764 23,7346749
13,1767881 24,1438799
13,0892684 17,9183951
21,8110211 12,2975693
23,7257919 12,3289414
21,201499 10,4802224
21,7703223 11,5713088
22,5678477 11,2975856
23,347577 10,8982292
22,2568651 10,432282
13,7121579 17,9813108
13,6311005 19,2996034
21,5720948 11,1720644
24,8386353 11,1507276
22,6859724 11,9442513
23,0764659 10,8680706
22,6427945 11,5181626
13,7477721 17,6639861
13,4511246 23,8414418
13,6664668 24,2507953
22,5846916 11,2697464
23,8848029 12,431804
13,9522597 17,9796672
23,3094427 10,8597237
22,8945089 11,658715
23,6028896 11,3108078
22,8530751 12,3551923
13,9758037 24,1015273
21,891017 10,8630037
24,4471522 12,30375
22,0811512 11,585536
41,0730088 40,2914684
23,2060028 10,7606637
22,1611735 12,4537788
12,1421977 18,0781082
24,9183213 11,4341618
11,7978243 18,7127625
13,6981642 23,8361396
23,2251656 11,6107757
12,5872785 18,8208336
23,8497242 11,5733316
21,6750608 10,2469931
12,5617623 17,6295975
22,8744187 11,7104196
23,5170975 11,689503
24,4601323 12,3301516
23,0891705 12,9633187
21,9785687 11,722786
12,9761011 17,7506902
21,9133878 11,7744007
22,8654274 11,9397341
23,6062496 12,321428
13,5274257 24,6869461
22,4355146 12,0401627
13,8729419 23,1028618
12,4719318 22,8386289
22,7330727 11,0093766
13,3265232 18,751703
13,8507959 18,5585355
23,428928 12,0935676
22,8417663 10,5114681
24,1617612 13,0228698
24,1574851 12,5054714
24,1730623 11,4309848
12,2635782 18,382907
23,1621186 10,7151775
22,992264 11,7074028
13,9313994 23,9065351
12,6358662 24,181319
12,5296972 24,2537279
12,8078443 24,0892524
13,6192913 24,3369539
14,1279547 24,2120818
23,6540257 11,9555625
22,5923686 11,2901597
23,640839 12,6771501
12,7097266 23,1377147
24,4901025 11,3262012
23,0175358 12,1276092
22,477216 11,7698408
22,7873921 11,1567018
22,4899367 11,4139184
23,5334958 11,3741714
22,9186196 11,6213254
23,3751461 11,0774382
24,2194452 11,7524787
22,2690973 12,0839506
21,3469202 12,2447455
23,2148873 11,1400045
21,953939 12,1549111
23,1897355 11,5052061
22,1340784 11,4514768
13,195519 18,448699
24,1642729 11,1047498
14,6849985 19,3860837
22,7234941 12,4403001
23,4713039 11,1071409
22,6491574 12,3344695
23,7758993 11,0127295
21,9462955 11,7990859
23,2043807 12,0887188
22,8712153 11,6569723
21,7856592 11,478794
23,8720373 12,0203029
21,4674815 11,8997936
24,1266023 11,5263603
13,5379545 19,0445221
23,0043722 11,9393188
13,2951296 23,572297
22,7286985 10,8003384
13,1689743 23,9396534
22,4191054 11,7570869
14,6215234 23,600645
13,3722185 24,8268829
22,4750199 11,3277211
22,4564172 11,0594621
23,4033037 11,7174956
21,6711414 11,3336579
23,7412995 13,1785856
23,049035 10,5130295
13,1034382 17,4480475
21,7487205 10,7346153
13,7851729 22,9155
21,5632352 10,5723576
12,3372127 18,706215
22,6303504 10,4064025
23,1273466 10,6764209
23,3811595 11,393977
13,9253141 17,6828707
23,065717 10,4280046
22,387058 11,1603552
23,5909204 11,9851023
24,065138 11,0104254
23,0815601 11,5546013
23,5520108 11,7814378
24,0980837 11,6236526
22,8924865 11,9997304
22,8952723 10,7883571
13,9293238 19,4201844
21,3677758 10,9809073
24,1113018 11,4855172
22,7318879 12,0487729
22,1581874 11,8485804
12,6121452 17,7534615
23,1978982 11,2192795
23,6279465 12,2491194
13,2086635 17,0538618
23,3477874 11,0086024
23,1761439 12,5599773
22,8724686 12,3165138
22,8473058 11,6330904
23,3880917 12,2722736
23,1312102 11,998033
23,4185725 12,212445
22,3292787 10,1248089
13,1238265 17,6271774
23,4655588 10,8081003
22,9715038 10,6655756
22,4951983 12,5533937
12,9765106 24,0078396
12,9266237 16,7125373
21,1761595 12,0253685
23,029729 10,6068953
24,4777448 13,205732
23,3311184 11,6286766
22,862379 11,4248057
12,2954475 25,0706181
12,4957145 17,698668
23,2482217 12,0573936
23,1116188 10,8783716
23,2608657 10,9026378
14,690667 18,4779419
24,1565493 12,4363861
23,4049736 11,4891284
22,3545602 11,3262946
23,1700169 11,1738693
12,6680888 18,3516949
12,509113 22,5536219
12,4868382 17,459602
23,7714329 11,5189143
22,5125301 11,8737665
13,3774382 19,1617027
13,3173235 18,2670443
12,6575595 23,9238389
22,8349109 11,6365329
21,5360018 10,8941146
22,9388748 10,7583758
22,0798821 11,0025315
23,2928252 10,9038484
23,6049458 10,7459921
24,4516167 11,5036931
23,7111593 11,7815437
24,2694113 11,6819857
21,8295939 10,6462313
22,3754586 11,5179302
12,5835159 18,6067415
23,1123609 11,8722944
21,5352251 11,4603579
24,508781 12,004151
14,5426411 23,3658237
22,4393127 10,7199848
22,3847178 11,195733
13,9871303 18,2668005
23,4962595 11,3739292
12,9426248 18,0448506
22,5622063 11,8235776
24,2308511 11,9726836
22,9857295 11,1922941
23,6271684 11,6104724
11,7768965 23,8882149
22,948977 11,5742481
22,0387754 11,1560572
24,3227142 12,2295564
13,8150185 17,7612695
23,7536355 12,364183
13,1609417 24,3230511
23,0489939 11,5826321
23,7270901 10,9395404
22,6747876 11,8877099
22,2404071 11,3737506
23,4175367 11,8597424
23,7510687 10,7890122
22,7776434 11,6856328
13,6580709 23,6719152
12,8690339 24,3436288
23,3631343 11,6338381
12,9828261 24,1243605
22,7011749 12,6562957
23,8781322 11,3106903
12,3217672 17,7099297
23,4486974 12,2961311
23,0609721 11,5298884
22,6917681 11,0587514
24,528366 10,441655
22,0089085 11,9560602
14,3850169 17,6661343
24,3515602 11,7448449
22,7712397 11,4025306
22,6591687 11,575565
23,2084848 12,4021685
13,5854921 23,0954549
23,9400097 11,3351797
12,884794 22,8739438
24,0521838 12,3629881
22,5867518 12,2264054
14,7788869 17,7868146
23,9530776 12,5913292
23,0625874 10,9814033
23,2770044 10,6270534
23,7808345 12,2037103
23,272558 11,1647062
23,2946868 12,1914208
21,3599269 10,5933942
12,2166246 17,5473262
