10000
7670
1940
9933
3017
4660
2918
142
1839
3359
1151
7558
3370
1849
7120
9382
3465
3626
7856
1999
5496
3424
3852
436
6218
7830
5698
6146
9130
9391
4813
4621
6466
4038
8961
3714
7338
4081
1740
9121
6649
1880
4468
3222
8566
9481
6073
4762
1458
9340
9961
9051
7953
6078
2328
5194
9419
4175
5756
5511
263
9633
3157
2417
4502
588
8476
4120
5391
9372
2660
3993
3760
7305
4710
8770
7659
2109
5473
602
519
1424
6099
366
9640
3766
2899
6225
4398
1338
4337
8275
9511
9915
8104
2326
8136
5988
8576
6816
4428
1520
6217
9574
2231
9872
4920
468
392
5537
4430
2293
3645
8020
9856
6322
5446
3445
9155
596
1749
5276
1606
8969
1872
6498
4975
9203
633
495
3355
9958
2465
1655
4502
1472
5160
7988
4514
4224
8174
3935
7314
5982
1495
8495
1798
9948
9730
2564
5370
3129
808
9510
1435
2219
1917
4042
21
6919
3635
5141
5632
1395
4606
1743
4030
8135
6827
4013
9957
7662
3169
7026
8
5244
3966
6544
3012
5237
9329
8983
9754
9868
2788
1615
7801
960
3689
5327
4045
5265
1376
8742
1518
6617
8979
5049
9311
1696
546
9961
9333
3510
7290
1203
5370
8258
5201
8145
3465
461
5346
9664
777
9336
364
2368
4994
3877
9538
7937
9521
3170
8472
392
1063
74
7832
4669
9864
2627
5410
9308
3941
6800
4983
8068
3480
7283
9049
4403
4128
5114
4780
4688
4528
6059
8582
771
5270
554
4836
25
4020
5892
7646
8427
3730
9301
4492
7212
7613
9424
1384
2715
7798
9465
3243
6969
3946
8784
5039
8789
7948
7568
1819
2441
2069
4898
9302
2895
4044
8424
9441
887
5967
8930
1021
9567
8791
262
4571
4375
7337
65
8120
8052
4316
5714
3390
3877
1169
2635
5222
89
2582
7435
2684
9015
678
4775
5389
4855
1939
1067
711
7211
3965
2626
4182
8558
1578
5816
8258
2844
2861
725
9829
2268
665
7148
8897
4847
9481
8232
8734
313
9322
6254
5975
1722
4516
3361
6683
7791
5736
6840
2680
2990
1052
980
2469
6817
427
8839
560
7084
6474
6412
6755
6258
6701
916
3833
9981
9269
8612
6816
3124
3453
2768
9615
7305
7310
7524
596
6526
1816
1955
6475
6812
856
902
909
9064
5160
641
5471
4811
3191
3185
6914
63
5661
5295
7900
8961
6585
1612
1697
2823
8477
7213
995
1722
9892
7684
7803
1991
8366
9726
6536
4471
2430
4085
3376
6842
2171
7870
2366
7548
4420
2785
3784
8198
5939
2006
8963
6428
8036
7547
3583
9330
8591
4664
1880
116
9825
2530
6666
4346
4619
6289
6754
1751
3600
9201
1536
5210
4305
4266
2145
5901
6770
6978
8008
5804
5155
3292
6288
8233
472
5585
5709
5592
673
3140
4452
9182
5974
9301
1901
3934
5759
1637
5229
6770
1753
3323
556
9824
214
992
4774
8002
864
6501
5115
6359
6280
3878
7806
1588
3060
2694
7394
2009
6861
7645
7291
7502
9791
7851
2944
3446
6818
962
4240
4939
1495
4326
7337
4284
3834
7579
4173
2701
7550
9414
2459
6079
3030
3845
3446
6679
2371
5341
432
9549
9535
6029
3460
4084
7371
9580
2785
8141
902
461
1028
5772
6497
2349
1176
8424
1655
1524
2010
5267
7672
7632
4892
5798
7347
637
1505
2695
1433
1328
6817
2701
6405
8220
2965
4355
6088
9213
634
7838
9508
5579
7772
9646
3926
6716
8426
6197
7110
2573
9497
6536
5854
1400
4719
987
7074
1607
7104
9945
4923
1883
7948
4718
3212
6425
6619
2982
8435
4013
3840
332
3909
9618
9811
5407
1462
3865
6336
3970
2936
2260
4524
7013
8594
3747
5242
5952
5830
7564
2098
7015
6303
5086
7449
8290
6237
8017
5415
9409
3126
8420
5707
3799
7422
5412
4881
7125
4992
3831
4571
2052
2726
2
8581
2072
4084
4688
7313
559
2473
2378
1249
5223
48
3095
7510
465
5517
169
8189
1123
8532
4519
2050
670
4458
2652
7340
5569
6641
363
4831
8954
3951
5206
5236
6094
4481
2349
5024
3587
7486
3862
4695
5196
5561
3096
3284
9484
7347
8335
6495
7510
9586
1261
6791
3921
4278
3080
8647
4460
2570
5099
5215
5060
8470
9023
1210
7935
2996
5245
5312
168
1535
5163
8653
147
6586
5181
431
347
8805
134
9139
7335
4138
549
7672
6583
3972
6980
4815
4349
2837
1974
7747
6157
207
7654
8727
8079
4922
3012
4947
1436
6889
1009
2992
7415
6525
1790
665
6844
2862
8365
4621
9143
9069
5227
7326
8404
2827
5699
4990
8158
5436
5659
7428
8931
4015
611
5437
1118
6
9389
7969
5572
7546
4106
7545
1187
7913
9898
2566
9495
5021
6707
6161
5181
7754
4210
1077
7051
2136
1957
6858
3211
515
1282
5794
3764
3549
6791
1456
8062
4328
2718
2509
2704
7808
9441
8901
7960
3611
2286
1340
745
7315
2810
2253
1685
9798
5995
6216
4095
3928
9791
5441
5335
9420
9647
3533
1041
8769
5382
6266
9249
5662
2649
8772
2363
2108
2705
9659
2207
4233
7230
3513
7527
5292
3512
7113
7835
8567
7514
6559
969
1090
1378
4266
6210
6458
5894
1607
3419
7565
3365
7002
4267
5775
2404
9177
7821
6473
8188
9141
6756
2005
8852
3616
1960
81
917
1167
846
4300
9593
6764
7985
1607
3595
7721
9140
695
5868
7503
8168
830
2747
5001
9593
5011
9966
9443
5370
8703
6762
3091
3057
6197
8994
4109
9328
3382
9397
3858
3534
292
6791
9001
9550
709
8604
9474
1316
7565
525
3236
3394
3769
3118
1688
4046
6390
6001
7104
4102
5274
9999
4588
4940
947
2341
6741
6528
6782
8049
3859
4921
3947
4310
6399
7254
1086
3445
6573
148
4429
8295
2625
6231
7013
2670
9629
834
6228
7503
686
8678
7378
7030
520
5646
5198
6169
4405
6321
7364
8909
6812
1712
2816
6873
6540
9729
9114
6686
8671
7302
2964
8687
4769
8060
7028
4323
5157
9176
1477
8616
3229
2076
3843
2596
6104
5711
757
2955
2689
780
9683
3744
5458
7291
2415
3420
3913
4224
4880
1782
7085
1654
696
2198
259
6990
5924
7751
480
8614
4169
3981
8540
6757
5567
6108
6835
7829
3656
8732
2912
2698
333
200
6316
2057
7523
3449
6959
3469
6904
2716
5365
9291
3363
6918
9869
4262
6478
8987
265
823
11
7017
6632
321
5381
5500
8474
7731
1874
4672
4559
6454
998
6537
3192
9067
6678
2487
8586
3514
5495
1561
8542
1705
3644
7566
6334
302
9270
2128
5369
857
1918
4008
148
3292
3381
2327
6672
8282
6615
8161
4786
7569
8577
8786
5401
9370
3076
6518
6874
2369
3531
8067
2416
2435
1032
2673
3929
598
4024
6899
5780
6184
9039
7675
903
9383
3261
6346
3581
1710
2670
8302
719
8391
2561
9741
5003
500
9043
7290
4293
7212
6432
4076
4817
3393
8629
9802
5399
8020
3682
1404
3755
7690
7076
9393
5860
7987
5373
442
3174
3633
4331
9723
6456
6723
3716
1836
7070
6585
6235
5254
7813
6619
134
9080
889
7148
8038
1167
6557
6355
262
3533
7731
8980
881
3415
1708
8366
3457
6368
7356
1699
2852
4513
8662
6004
5317
7789
2209
5308
4827
1379
1148
4725
349
3270
3936
987
2928
4286
8945
1235
9965
6245
596
6768
7082
3675
1835
8950
7038
6928
2325
4637
8997
1316
672
2501
5425
9223
1148
1306
2339
9840
3296
1637
969
6227
1861
8218
439
5907
7980
3408
3882
7984
7068
9444
4893
6691
2473
8115
6891
5640
5132
7354
5873
7181
4216
2250
9878
2308
2060
2407
1449
4839
8145
3187
5460
8343
4150
640
602
9117
8384
6549
3494
3015
8057
8478
341
6564
8060
8988
8407
6871
1259
867
368
5318
3899
4469
7359
1869
9560
9315
6296
8940
6250
8016
278
4824
8496
9136
3714
8573
4582
5573
2195
469
6569
7399
7118
7080
1567
7041
7509
5509
8301
9284
1777
7816
8563
1494
4321
2799
5467
9121
3405
5753
2620
5794
568
6084
4358
9009
6629
6123
4399
7140
3669
4575
2014
8944
1534
5168
2085
5023
3071
3727
8295
6693
2250
1121
3622
4966
8211
5725
6562
8240
9238
326
4643
3432
9807
5687
1262
9167
8821
1307
2607
4629
4455
6718
6821
6827
3081
1052
8711
2613
7579
2394
8860
1847
837
1915
9817
2267
7447
7695
3323
4409
6469
3584
8516
2100
8956
9079
5300
537
9201
6936
5960
4498
7026
5483
3116
9121
4085
4503
5259
8732
1667
5762
2433
2832
8147
8549
4963
5606
1364
43
7529
3312
7508
2553
9238
9180
552
4232
147
3357
4929
9988
241
9884
7826
7568
3633
8636
2237
689
3630
712
2081
8330
1214
6652
5887
6303
7595
6878
7208
7206
2833
6184
5245
7890
8333
3225
9781
3113
8284
8132
5699
8073
5025
5552
5750
9087
6430
4221
9051
6025
1214
8526
9218
1447
9104
6786
2565
3406
4866
9485
704
2429
3974
5263
1052
1444
7380
5140
981
6458
9039
9487
1820
7501
4520
5137
7550
8587
7344
7170
6776
372
5124
2457
4357
434
231
7275
2724
7371
1781
798
6728
6240
7939
5405
606
9381
9350
1805
4356
8009
9612
8312
7370
6294
8209
7485
472
845
8880
6199
2590
2866
586
2672
4949
1332
5604
7096
2993
970
9772
9374
4881
6580
9444
9887
846
8218
255
9851
1509
825
6245
9184
1215
1836
8221
8193
7050
2977
7377
9085
8979
6315
7143
8236
6030
4161
6579
8714
8265
2054
3565
8120
2878
3286
1846
1794
666
352
4269
6596
8765
989
7645
1435
5444
8700
1905
4552
1040
9462
2607
4636
2891
8598
9416
8370
5131
4263
9198
8263
9401
6594
2977
8093
9461
3740
5502
6784
9047
4931
6829
8336
9340
5260
3518
3203
5594
3500
4036
3715
9582
5216
9599
6035
7543
28
3073
389
3989
3528
5777
330
8276
2770
8140
9846
3333
797
8175
1234
6755
7388
4498
1970
130
8706
3075
8804
8548
8103
7563
4812
4092
6966
9232
4543
1623
7769
200
4758
8666
4754
8577
2546
6100
5728
3671
4463
4185
577
4287
4942
6905
9037
2919
3953
3409
1462
2499
6022
4978
4922
121
1382
8701
4195
3024
23
8664
497
966
5991
5126
6202
1689
4742
8817
1093
8369
8494
7382
9092
6830
541
7400
7836
7129
5531
2932
9022
629
439
592
776
728
3800
7921
8192
1638
9643
394
7353
6711
9359
9399
8326
9437
5820
6227
4817
5997
7529
9316
8925
1871
8660
5747
5319
874
8669
9663
3718
6905
8031
6979
3466
2331
8466
8782
8666
9279
5694
9190
9985
7960
6472
8685
436
1152
4164
2095
3974
7721
7182
9219
1136
5385
6757
4109
9908
3468
1344
3667
7946
4173
35
5663
2129
6179
9258
9925
2094
6965
1127
1114
4863
4584
4791
9942
9233
899
2810
9322
339
6810
4245
9174
6023
1028
6176
3528
3030
9422
4962
9633
3315
6511
4192
9315
3506
5065
6068
9131
2828
8021
1306
2851
4442
420
3336
2162
1539
4526
2296
1996
2810
7501
5539
5695
9225
2855
9083
3022
3596
8040
8986
9769
8798
5170
5311
2089
5472
1738
1108
6819
5914
4346
2205
4008
982
6719
986
8597
9654
4084
158
2645
9898
2568
6438
405
118
3035
8677
8430
2221
1419
8956
291
1823
3186
544
9696
724
5317
7480
9764
1957
8121
3277
3918
5861
7491
7110
1795
9225
4611
1113
9519
2948
8237
3068
5682
7677
8961
4667
5690
6308
1799
4990
4996
6136
9597
8571
687
4153
4431
478
8328
596
1109
9975
68
6345
6610
1207
7639
7524
3483
6912
8792
8798
9475
3210
6023
4147
5191
1391
1158
8956
6200
9580
6031
5517
9039
2037
1896
5654
7845
5766
3248
7493
2746
8684
9923
7505
3323
9820
2405
253
201
1650
1892
2556
1654
8808
400
2011
8469
5471
8939
6419
1205
8701
1672
5253
1836
2531
593
2200
9927
9834
703
6409
5579
5805
6469
6841
4223
5589
471
1610
8085
9897
5315
233
408
4958
5704
3178
3232
475
669
2280
6626
8449
9880
7925
7491
9770
5632
3988
6492
8583
6173
6876
2133
8602
3877
9272
6837
1706
2390
8252
1680
1464
5285
1906
5840
5759
8519
4285
4906
6531
3585
9329
8825
6094
9739
618
5870
2606
9567
4418
3890
7398
7974
8316
2977
215
4467
8410
7377
7237
2584
8486
5193
2604
998
2059
7122
3159
1932
6130
6316
1427
2830
3115
9483
2777
8215
4484
8522
7194
7846
8418
7753
5887
7090
9941
6602
3845
4829
2305
2347
5970
6641
802
9375
5996
7999
9586
9144
155
7817
9475
7471
9519
4444
3195
4031
6578
8051
8738
5427
9193
6836
2427
1031
1173
2693
957
7784
851
4902
7271
6688
8492
8327
4869
9485
6435
8914
9838
3384
432
8698
9373
7446
4374
6511
8083
7875
1451
7749
4319
4868
49
5480
7664
977
4397
3541
7275
2806
1690
5876
5400
9087
8017
5333
7938
47
7808
310
9288
2359
1977
1306
7496
7566
2438
6168
3094
642
6445
1825
7641
2035
5486
9549
3418
3974
8741
6267
5868
4818
5262
2836
5315
7285
6105
7298
924
39
8215
6564
5287
5938
1212
5074
3406
6763
9292
472
7301
2337
7070
7301
9328
9668
8226
1698
1530
5595
5576
4590
258
3758
1044
4252
858
5734
616
5637
2003
3572
8990
6840
2204
9735
4286
4506
4548
554
7239
3788
260
7211
6421
1778
5359
43
6035
2546
5009
4398
7857
1260
8719
9580
1276
4518
5748
696
5241
28
5109
8773
3171
4493
814
3718
5880
9272
3561
7532
3726
6219
1368
5869
6141
9769
1419
7315
8112
4263
3654
3373
2733
4505
2228
3372
7452
768
7095
9150
4914
3546
5001
6145
3968
914
4068
8140
5737
1908
757
450
4254
5161
6578
7666
2591
1168
4701
687
2319
4235
3958
2340
4202
1731
9551
3251
2550
9979
6294
8021
9544
1945
4499
994
5571
6508
9645
9528
9343
9590
9099
9638
768
2998
8177
6823
3006
2594
4799
4857
2218
1865
9685
9268
1008
7532
3052
6318
7859
8685
3841
1387
7889
5474
1181
3489
6910
6231
594
9547
6212
1369
6596
496
2880
5094
3543
93
2795
226
5394
366
3566
908
1115
6420
2097
1481
2665
4486
1502
1493
2352
61
6406
9254
1977
5695
7502
8555
5630
4373
119
5991
844
9751
1565
6269
2109
8843
9363
3715
9100
8787
4362
7667
9225
6019
1330
7637
7231
7516
8157
1311
9551
2945
2847
2953
2422
4765
8905
1530
4769
556
9569
8980
4537
2035
1393
903
4066
168
8365
553
99
5130
3993
670
1078
6877
8677
5280
4784
7026
4954
6904
8845
85
9469
4986
1289
6840
113
2295
7789
6109
4220
439
6127
2636
2124
8652
8991
2210
6423
7897
6817
6440
3001
509
5074
9879
2398
606
143
9888
6828
9198
8018
8072
9240
4872
3897
5617
9475
3745
9236
6881
691
3410
543
7408
6649
3263
6709
6769
4056
6869
6786
4092
6719
5618
4126
7765
8565
4066
1838
1261
7469
5477
5003
9630
3050
7943
5763
3805
2153
930
2698
920
671
9549
8439
4411
3716
9289
16
1063
1458
5234
2995
795
165
7065
3731
1408
7721
8351
6173
7909
1743
4291
9578
8303
1942
1802
7986
3570
7640
1100
1244
9401
7089
473
1376
6533
467
4908
8032
936
4610
4478
822
8955
2079
2137
196
5235
7164
6964
7613
9486
549
6931
5598
461
8182
2637
4329
5955
5689
8704
3803
3896
5347
8357
9033
9516
6788
8845
6610
2845
807
6645
1348
2736
2050
5828
330
6092
6140
9311
5714
5515
4560
9959
8708
2711
7914
8058
5264
6678
5793
3265
8777
1582
2948
5433
7388
2060
6973
6089
9671
8845
8952
6733
9421
9914
6405
7072
8764
4950
1645
7308
5982
4488
8997
6892
3651
7721
4620
3901
4222
9398
7513
2595
2347
6229
9290
6801
1609
5311
2646
7731
3723
489
4262
8501
1390
1126
464
5734
5130
6856
4944
7543
4284
3548
7949
5004
5552
7208
2500
9432
7350
2367
6133
570
8708
2478
2584
3988
3908
7922
1088
9152
3225
1531
1634
4283
8018
1094
4147
2225
694
1608
6629
8886
3688
7555
5919
4851
9981
9435
143
6337
5794
2984
851
9471
3561
7068
5541
6431
2071
7689
9438
4141
547
4492
4637
4890
4943
7817
8759
8949
5885
1426
2083
7555
9718
1612
4557
3272
5412
4933
4925
4933
4083
2534
9716
673
4551
9908
6894
634
1876
1613
3253
9854
9519
9294
3960
4945
9426
5327
8179
5436
8864
3432
9377
743
7910
5733
7241
9416
6996
2962
2678
1776
3217
8116
3063
7198
4745
2358
7179
8095
9405
9143
7075
3767
4003
9802
6700
5543
6359
2570
5860
8696
1148
4055
1534
8321
5615
3520
6969
1898
8418
3767
6990
9117
6608
7433
8205
1950
5853
8070
6267
9082
9726
8174
3369
2411
7602
9230
7263
6811
3914
7147
5890
2119
4549
3461
7478
4219
7555
7263
8085
490
7554
6088
9681
804
2155
354
8774
6987
9984
3309
9500
4384
9424
2628
8093
3903
2480
2813
2905
5189
8641
7870
8083
7508
8136
3637
1817
6153
3344
2317
9035
4895
4103
9187
6504
7961
3331
9239
1171
5705
2742
7409
9981
412
1034
9466
5034
3050
9184
5451
1325
1131
6819
9883
6107
6189
4166
6544
2474
2340
3875
9510
6066
7072
6920
3406
1716
970
6707
8218
8248
9049
6263
9693
1864
2011
3322
9156
4757
4271
595
365
4290
2913
1168
1696
7714
7839
3553
742
5757
4110
1560
7336
524
9887
8184
5414
2432
4394
9258
1683
5807
9099
1296
2096
2365
692
1120
9638
5055
3580
7154
8491
8541
694
1052
4118
4264
2209
2763
8941
5235
4663
7351
7491
8526
9702
2603
8863
7404
2835
1716
8287
7876
23
5452
9255
8353
9574
6136
6178
6427
5618
3311
6833
4284
1566
8385
9960
8255
3544
2388
2620
3340
2610
7632
802
5573
856
9096
6960
9754
175
212
4955
1854
6329
4123
4658
5165
6912
9923
2280
1624
3465
8052
9928
6726
4464
1737
3132
4627
3043
9514
5951
5470
8919
905
4795
7896
4214
6737
8271
5258
6969
4742
9473
5960
7710
5590
5748
7027
7029
2589
8338
7000
6264
1394
349
6437
9756
8178
5446
5048
4560
250
9207
288
6714
686
2457
6263
5027
2539
5785
7662
1034
1165
7194
9616
5482
8299
7344
9834
2753
110
3386
3723
9335
3630
8539
7977
6237
7549
9352
6806
2030
7830
4186
4735
7021
6586
8832
3697
8528
8485
1442
5378
3192
453
8491
4320
6556
5976
4073
1992
5527
6612
4207
4609
4245
4004
8279
7101
8216
9955
1179
5092
2517
962
2162
6536
3537
4523
8000
7483
9175
3645
9692
9784
8233
2295
6783
9216
4106
4700
3440
2291
8266
1820
7455
4069
3849
6930
2701
5882
6691
414
4592
5114
8587
4
6106
5877
2338
4779
9485
8772
6369
7430
3924
1376
9794
5335
8389
8039
9633
8477
3933
4003
3095
9778
7551
3610
6684
4189
9609
728
6454
542
8865
9929
4056
7177
8119
688
2992
5898
2912
4420
4370
3538
4182
4351
6221
8341
4516
7565
3030
1279
5077
9677
6826
6673
5667
8732
5127
7019
9984
9403
9080
3214
7239
5415
2572
7652
3668
5513
189
7486
7818
9343
6317
9869
6103
9624
7057
5527
9063
437
3323
8798
3902
263
2474
8858
8631
594
2393
1329
9268
4511
3382
603
9329
9455
5063
8031
6628
9863
7016
4360
6356
6543
384
7863
3972
9655
3630
8631
16
823
3736
999
964
834
5261
9164
1106
8820
8692
8223
5369
7067
3600
7089
1991
3943
9110
1460
7729
959
2365
8798
1157
7404
2474
998
1149
8053
6571
6935
2566
3472
4811
6946
1578
5167
6505
5731
360
110
1188
1993
6491
5890
6461
9283
9304
1798
5691
3160
7227
3920
1108
7160
2704
2852
4803
2576
1181
2939
9052
4977
1679
9626
1015
2956
2363
5089
5800
7827
9893
6464
2305
7840
5343
7419
1095
6550
3906
3754
8683
8879
8083
1403
9656
8493
1929
3150
7765
423
7453
535
2246
893
1512
3462
1878
890
8421
2482
4400
7371
2778
5653
4310
2611
5740
8890
8612
5294
2788
8708
2642
4181
1084
6917
885
2242
785
3804
6175
9350
7884
336
5968
8001
2182
2648
2963
7018
6936
5634
4577
1535
986
9903
9197
1922
5412
9812
6866
4776
3126
7179
77
8733
2930
3852
1069
8892
1422
6719
7209
3358
5823
9507
6007
8545
5718
2181
3577
8002
6202
1809
8786
6275
4447
9559
4438
3064
3141
6879
1538
4685
2455
8739
8000
9473
926
6673
8702
6612
8152
5810
8387
9199
3695
6069
9634
4622
9287
9553
8769
6538
1602
9868
4831
660
3656
1763
2214
8424
9374
5970
6031
9878
9239
9934
8016
2915
9593
6530
6472
6022
1128
6555
701
3347
2768
649
3584
892
2878
5726
8053
2283
4076
9139
8274
4686
9203
1814
2666
6207
2357
6880
4495
7491
7462
5591
1355
9621
5428
752
1591
3918
3527
9980
8691
1273
1994
1736
564
264
503
812
6856
5992
5720
1250
2575
6805
5917
6939
9750
5086
5978
214
2790
4512
222
521
1743
187
5975
6213
5814
2365
7638
2001
5994
4130
1627
5319
9070
8748
1371
6380
2961
9443
2954
9607
4934
3257
9928
3222
9801
5444
9222
6580
8251
3783
3783
2910
1798
111
5541
1846
1249
2051
1967
6664
4442
6935
399
6456
7861
7543
6154
5667
4523
3873
4988
3347
7146
2135
3284
2511
7000
9845
3039
2813
4320
5215
5900
3865
8630
3135
5668
9911
3098
1272
4756
2861
4298
7993
6588
1376
2597
6982
768
6059
4900
466
1118
7103
7212
2724
2236
1180
2125
1128
1793
676
736
6568
8167
323
3051
9960
3331
3350
1451
1929
1560
5678
1780
7517
982
7873
5381
5158
5292
7985
6092
8955
7016
5598
2473
2847
9037
9583
4866
5013
6935
659
7487
5130
6670
4627
585
2757
1569
4963
4353
4460
4813
8482
4361
2600
6588
7404
5114
7194
1208
690
974
3676
5537
280
8331
8711
472
7360
228
9374
8592
8282
5124
5329
1556
7990
1217
9191
4113
8640
4946
1141
1002
6557
3029
1301
9370
8135
63
4876
8139
3417
2886
3764
885
7414
8638
9850
6993
6097
3696
3018
4639
4756
5130
1329
6431
8266
7888
2976
5178
7155
7066
6629
6290
6532
2474
9853
6350
7572
1317
5306
4521
1310
4181
2907
3601
2079
2943
9425
8521
779
3559
2866
7473
1181
4129
6322
8006
3365
6511
5953
9416
7230
5485
6641
153
3308
7797
2117
9447
888
4068
3001
4266
8815
6642
3176
1657
2648
5915
7869
385
9976
5780
8491
1216
8629
9246
8362
6295
8281
3676
1593
9946
8103
888
9530
5526
5089
803
8473
7578
5043
7784
1747
6005
9090
1483
6209
2387
4583
9676
8837
5247
8813
6739
6270
3539
93
5739
3512
1809
7451
1022
8094
374
8013
7538
9290
7975
1599
3146
9696
7144
4161
8479
4995
5175
2962
6029
5946
5481
3505
8607
7261
3137
4452
7764
615
1746
5425
1322
3354
776
5937
7620
7392
2140
8100
4139
4536
1604
1701
2297
3706
3877
6632
9462
8430
3444
2875
6095
2534
2573
3716
8955
9542
8449
3546
4974
4839
351
3688
3302
4381
4273
7989
1372
5652
4607
5282
6311
5215
3969
8084
2071
8692
9526
1036
8344
6867
1455
5844
9489
9143
4674
9173
4155
2079
7708
3819
5662
315
6380
2665
8797
8918
2800
4776
5951
6540
939
3823
1767
3442
2626
4365
129
1167
7636
7888
5523
513
8974
1456
359
8119
4512
7443
1693
3881
3966
8789
1302
5009
7908
2089
4505
1986
1260
6012
9913
811
924
6224
2908
2512
7946
8651
5011
8160
5647
2595
532
6363
1416
7748
463
1495
9858
1532
6570
7937
317
1793
7398
534
2031
3144
3433
2660
1367
8199
8369
9150
8040
67
2385
5607
5844
1215
6924
1857
3134
7894
5789
4863
6118
4993
1710
9509
8216
2865
2832
8954
729
9385
3359
1489
7448
3688
3297
2811
149
419
6564
6395
4057
8406
9542
6826
7517
9557
6138
8023
7828
154
4897
5646
8844
9629
9904
5340
5148
8774
7497
4945
8544
7645
2739
5338
8777
1904
1956
1561
6960
6260
277
771
9633
1347
9336
3221
3647
3088
6755
1649
780
7930
6141
9956
3020
9137
1303
1670
6629
9865
2757
5838
9315
9872
3992
1191
3951
8222
3840
5658
9054
9674
5552
9879
9515
3994
7818
7696
6355
2415
2317
3204
1143
8474
2086
8297
786
7843
7218
1235
8902
5228
8018
8516
484
9983
2697
5210
2265
8442
163
7588
1652
3148
4112
7578
5418
8071
5447
6995
4452
406
4408
6076
5289
8028
9277
2018
931
6887
1269
7879
9205
3203
5705
1382
8945
8440
3657
2290
4880
9338
9244
7151
594
1447
8483
8759
3610
679
9959
8905
2113
1619
8186
687
1484
1819
3868
1007
7743
3460
7637
1123
1066
2603
6134
9110
8490
3671
6075
6712
5053
4971
3736
284
2052
3524
9912
2992
9418
9455
8972
8815
574
3163
7124
7301
1858
9840
3367
1367
8967
688
1481
3583
183
4288
3223
919
8469
8477
9346
5308
5865
2048
7532
7731
1620
8261
3198
8792
8797
8515
2197
4240
3130
4619
2090
9020
8683
2924
174
7901
1771
8764
9814
546
6448
4557
6574
6756
9513
8122
272
5141
652
8264
3173
3095
2407
1673
9521
681
3640
9129
1283
2511
522
5679
8547
6374
4770
5170
8936
6807
9360
9132
5120
8158
194
3462
2162
5174
4533
3965
4605
7465
3027
7697
4669
9695
2123
5972
4436
8684
3154
1362
8512
5918
1680
3303
1880
6057
6483
965
6259
3528
2823
5182
5176
6025
3358
4029
2541
2298
6359
2591
9897
8423
937
3547
9443
6163
6037
9737
9746
6739
7904
5197
5242
6294
1882
3173
656
2287
5853
517
1264
1076
7705
2667
6140
9774
3301
651
5580
171
260
8376
8824
3072
1943
7021
4900
7697
1219
7169
3531
2625
5586
3626
6655
7175
9528
5663
4716
5278
5754
2481
175
5674
4383
6660
4511
9051
1923
3727
5381
4739
9423
7483
8969
2204
6475
654
6215
4481
960
2580
3631
5264
6964
8680
4724
6282
7568
544
2197
1050
9901
1389
9394
1242
6289
3422
1652
7262
9399
9680
3492
516
2479
4358
5000
3161
5831
5034
7754
4406
3033
3141
6957
3685
8779
1257
8010
8681
1163
3923
9651
2503
441
6681
3964
2050
7222
6426
8324
9263
7792
6775
9314
8515
5349
651
614
4402
2189
272
8260
4078
2899
9075
2705
7183
1728
9178
8382
3864
3694
1452
7731
7074
8917
5827
3912
3926
3558
3491
9663
9214
6107
7117
4018
4220
6435
9037
7824
6282
3551
3234
5783
5127
514
883
3143
1352
2216
6318
5027
5272
2768
2584
7889
8719
9388
800
8532
1763
8044
7663
385
9481
1438
8485
8109
7239
6021
9598
4373
5251
2101
6051
6413
2322
167
5976
2863
6725
8239
9902
3656
750
5678
9225
1706
8800
5100
1613
6628
1263
2615
8587
2913
5898
8221
8353
801
6440
2387
4277
5094
7070
3362
2411
9393
9966
5531
5106
8019
5608
7963
1480
3080
5290
3123
4705
4973
4124
2913
3832
9291
6083
7683
3091
4050
9979
5564
2912
5823
6963
8847
3684
9797
2622
7298
4764
6531
9823
9566
1497
7800
8783
5371
964
2046
1483
1884
1984
2266
5016
915
2457
4634
3797
5089
5220
5333
2532
6795
8768
3666
3537
2167
7110
9732
3471
432
4945
3211
925
4700
6992
4420
8109
2416
5417
9283
8000
9690
9671
8043
9222
1322
24
9539
7188
4346
8513
7325
6323
3885
7746
1035
7411
3796
3180
7290
2405
6034
7733
4725
4427
1959
278
6511
6431
3530
2747
5673
4851
9626
823
3688
8253
2143
568
4800
3552
7862
119
380
8544
5747
6464
9552
9974
1784
1849
1825
4448
9145
4503
862
2899
9660
2337
3924
6707
8854
7929
3433
3764
2817
7558
3114
8861
5837
6357
2213
1305
6040
8559
3275
1484
7542
849
9347
5414
5793
7975
3159
4675
9677
1565
7368
7594
5958
3548
7852
9316
3695
6281
5402
6754
9331
454
9793
3803
2223
8907
4160
1673
3956
2392
560
5438
2841
513
4029
4169
7322
413
2399
121
5706
2979
9184
5966
6799
3215
511
782
1588
1161
2285
415
6802
8086
8233
1902
6843
9295
82
9059
1200
8460
4274
4332
7090
2614
6185
2189
8999
8817
7210
434
26
7917
6084
2178
4504
6012
4572
1545
5812
3060
2710
1048
1572
3933
6560
6387
627
2269
6902
1561
2825
8816
5449
1454
6114
7012
2601
5680
443
7102
118
4836
4555
3220
1538
5657
3394
1881
7077
4342
6579
7902
922
1111
4783
863
1610
6222
883
8121
8838
8098
7921
2391
9419
752
9997
3055
3853
7705
7179
1213
2169
8943
8895
308
4149
7769
8287
6470
6388
5947
3787
5445
3784
4467
3278
3990
9075
7857
4496
8806
859
8476
2899
7075
4931
2390
9544
6324
4085
4325
1654
5717
6755
7938
9451
1092
893
1687
3652
8601
6347
5377
3588
3030
6692
7259
4291
5015
7424
6081
641
1525
2169
9815
362
693
1985
3509
8822
3752
1071
8906
6616
3523
9680
7602
8212
219
4661
2392
8632
4458
1881
3436
7110
4236
5589
480
9761
4328
3686
2539
2173
7869
6545
4337
6870
774
3104
785
7317
8321
981
4985
4351
3925
3774
1353
9077
2189
1068
3652
4971
1212
7701
1716
7234
284
1087
2185
3844
9982
2545
2886
2743
8015
2285
1261
6448
3064
164
4643
4567
7824
4158
50
9899
8619
6001
2284
6762
9768
4972
3292
3499
3279
8607
1146
5125
9638
9401
103
5572
7434
4506
8622
7479
6472
7063
5190
5654
2945
6140
5010
1316
5107
8581
9494
5616
5045
7751
3807
9650
5180
8815
8174
9088
9046
4634
7342
7361
3764
7999
7190
697
1351
5639
2442
1926
2632
8461
7769
3361
5764
138
8560
5119
2448
691
6540
2602
9404
908
7609
2404
6698
2962
5611
2343
2283
4360
4426
9350
9206
2362
9117
1416
1869
3037
584
4633
9374
1142
285
8696
8587
6120
7096
6401
4289
7398
8829
4731
6344
5471
3236
9725
8943
9585
6768
5917
9091
8249
4785
2542
8346
2433
8229
1488
2329
1568
6395
8272
465
4915
8529
4446
384
5823
819
7964
3742
5809
1538
4369
9750
1740
1041
703
1796
6776
5729
4269
258
7953
6122
8280
7300
3649
3376
8627
3740
6590
7350
6894
1708
1895
9991
8818
2805
84
7320
4636
8122
4470
5397
5400
5388
462
1807
6730
7141
1300
4161
7001
9939
6149
2086
1498
2139
2881
3817
9397
7940
5553
4357
9900
3232
2226
7772
2159
5888
215
2348
6647
1354
367
3181
2393
3815
1504
9725
7167
4481
3273
9052
6114
4462
1169
9276
5214
1957
3354
5700
7600
9121
9049
2337
6325
7225
7801
3902
1526
2477
4728
1377
3468
1353
9387
1985
2990
8893
921
4502
8562
1162
5312
8
2278
9
3749
6386
181
8335
7583
9718
5269
3424
9274
3999
222
110
5081
1908
6860
3379
7116
5569
6625
87
9046
351
3171
9057
8604
7609
4268
6381
6723
2893
2941
5842
2464
4214
169
5625
5134
5834
3142
3667
9264
8133
1127
5753
9166
377
4974
1577
9512
5125
4967
1052
7752
5374
6741
84
1361
2544
1037
3515
3175
4934
5615
4306
2541
932
9216
3070
1164
1295
2278
9350
5996
7904
9109
4339
5286
1625
2741
4374
5132
1215
8057
2320
3615
6791
3414
2189
2436
200
5909
8690
5702
5537
1571
5528
7475
6434
6368
2105
11
3478
9163
5814
7423
5750
755
57
8699
9760
6983
9334
4529
595
2352
6264
7291
7821
3337
4866
8355
5428
1778
9180
5776
2060
434
3983
9719
2953
4932
7740
8019
930
4765
8287
6376
8063
3259
5752
6243
9247
4404
195
4759
4813
8974
2052
7195
6389
4265
140
8269
6075
8102
4315
269
1563
6911
9871
9076
3209
810
386
5257
4554
2181
842
4293
2916
9774
9347
7436
509
5935
1712
4253
1106
5035
5106
8929
9570
9830
198
7748
7019
1571
745
1102
6449
2039
6822
1659
1280
4029
4674
6977
8534
4564
1310
7028
7499
38
8636
629
6059
9495
7467
2793
9770
1322
3237
2978
9435
9132
4483
4435
9466
4257
1795
3246
5277
3510
2120
9414
1686
151
9725
6781
9886
7227
3383
7860
7050
5553
584
2302
8387
3073
2976
7210
9693
8815
9964
8751
8448
9178
4709
5743
1085
6301
3220
3105
7384
8921
98
9173
7733
4257
4572
3645
7904
6819
4145
5313
2257
4046
941
9055
5094
2585
5
1245
9146
854
4510
2764
3810
5082
5610
6452
3051
9297
367
4127
2334
8957
8766
7476
7221
555
9161
1349
6098
9959
7946
724
4951
8152
2526
1149
8600
9013
2138
3696
589
7670
6881
4618
9961
653
8917
9761
4502
8507
6314
4651
867
8073
5830
8490
5464
1403
4538
451
7744
7605
5743
5282
4847
5284
349
9429
7284
6107
9231
7822
579
370
8965
9396
4010
7709
3730
7156
9627
7611
6745
5157
3204
3083
3061
5302
3679
7887
8267
3558
6538
9097
1884
2400
3431
7598
1671
1634
458
1981
2959
2620
6541
2667
2400
6073
3416
5163
9305
6655
4533
5809
2711
3577
7135
2986
2663
396
2929
5586
3862
3030
100
8647
6836
9502
1652
9442
6992
2854
2018
9173
2359
8340
9730
8270
2864
1058
7537
2056
6325
4228
2324
8849
4487
2669
796
6188
8461
6138
1715
638
3481
4232
7169
4404
5925
6170
2102
2977
6682
3032
5017
4063
9856
5235
2019
4176
3673
6533
8804
2404
4177
2293
1724
8513
1698
7124
4087
1780
2492
1009
2013
7024
4734
4838
5642
9873
2567
3848
1140
8843
4711
4673
2989
2396
4554
7567
7464
6861
7207
5927
3717
8056
5112
7988
3264
8582
655
5076
5407
5844
8990
3681
4503
8965
9270
8335
590
6526
8828
9497
7413
9658
2119
3455
7638
1813
5697
1327
4311
4414
7107
5384
6102
1055
6058
7372
3883
7637
4952
9624
2516
6497
1195
3477
3925
4285
407
9618
4477
8070
7339
6183
9121
1691
4756
7923
8982
8610
7887
3714
1935
9212
8203
1167
1522
4923
2730
3897
4575
2345
6132
3886
5599
2595
6432
4114
974
2158
8769
1326
4272
7484
6291
4759
1310
8663
8979
7294
8012
1574
6481
2298
835
3979
762
5225
4963
6474
5020
2236
4537
9835
353
6394
7292
5927
6917
3501
2378
2023
5013
103
6569
3060
5636
2226
6219
4120
7849
8685
9434
4748
3563
2274
6907
3686
6330
4320
5362
3354
441
1412
950
7808
7184
8245
3310
4290
461
8846
1703
588
9876
5660
9366
5705
7743
2768
6437
7175
501
1186
3818
8274
4433
5460
369
8389
5100
3346
3460
5236
3880
9898
6892
8060
9318
7588
3768
4334
3683
6147
5849
6179
8806
6777
4829
8229
3734
8624
3055
1183
1081
6525
3904
4578
9656
2196
6132
9457
7437
1870
1066
2721
4423
5743
4036
2707
3602
1903
9606
6378
4335
8580
2805
3915
2260
6168
3199
1911
9665
5757
2742
9229
3069
3458
698
1537
4789
3172
3862
4214
4548
919
9277
6487
6772
1376
7711
1421
3141
8613
597
1658
6900
4139
3627
7598
7125
6893
9751
789
3192
7512
1915
8787
5636
1168
8193
3313
8305
5951
9212
2069
6904
3048
4964
8353
2046
4506
4013
5513
7272
968
9034
7546
6785
8128
9207
7466
6488
7799
5633
3563
3387
4851
8397
3976
7018
194
390
776
4685
5406
6576
9845
9600
4154
5182
6631
800
4492
6152
2599
7831
59
2210
5202
4832
6469
4100
5052
474
4590
2425
1638
1972
8987
6305
5397
135
7355
4487
1001
3143
5122
5515
4333
3452
8006
5207
8833
5887
3949
1035
4762
8998
2490
2045
6869
1378
2286
1659
5464
7548
4907
5751
8239
8607
986
8940
8751
8885
9434
6240
704
2720
3934
5479
2174
8341
2275
7931
280
8754
8210
4858
5127
3097
4136
1159
5396
1012
1149
8042
3045
9753
5116
6810
2995
7221
8550
3721
5952
6289
753
7996
9413
8550
9031
4862
9081
5811
7413
8285
7464
6376
2504
200
5050
7139
2849
6623
9504
7552
3851
8408
8291
9256
7894
7514
7470
2371
3186
4672
3062
8977
1335
3719
8299
1287
1365
3402
2120
1290
4242
509
2010
6498
1057
174
9345
5392
2921
3170
406
2931
8764
3712
7701
1302
1531
421
8596
8527
7219
5843
2177
7500
3669
5887
5349
9730
7375
5153
6333
3809
605
506
154
963
6207
9836
6670
7206
2944
3675
126
3310
5984
3527
4767
8624
7820
4115
6013
987
2189
7253
118
1602
6087
9664
6295
5127
7786
5475
9718
1278
7680
5120
4867
4530
9283
9984
516
8005
1934
5753
9274
9596
722
906
1862
2195
2139
5502
2684
5992
2816
7607
742
5174
9327
3374
2618
7186
3849
7415
5923
9417
2957
6173
6034
8819
268
6310
7416
7402
9883
7852
3770
2452
7424
1088
2196
4821
6046
6673
4438
2288
3737
3024
9082
2440
7071
6700
8083
2992
4900
4003
810
3950
1712
8669
6703
8609
1568
5200
7678
2545
4159
4161
1765
3252
9856
8307
9709
7319
7812
3292
7052
7268
4848
1481
4404
8528
7022
9255
8225
7394
3395
4949
4910
3992
2861
7961
4172
8389
2317
9355
9886
2349
8634
797
5162
9573
8279
5189
2918
7385
7004
6023
1687
9677
3113
3722
4915
9054
8545
8754
9932
2216
3115
7609
2823
5166
8972
5873
6859
7123
2667
3473
282
4028
9782
6542
2021
1155
2710
2105
7010
2161
9064
1420
7687
3396
1824
3007
4105
2800
5534
4587
5043
5771
4608
8354
2302
4897
4439
1028
7902
3796
3787
215
7175
6996
9320
762
1807
2151
4041
9058
2430
4603
6451
2872
8279
1791
1525
9567
3984
6155
988
3865
9497
7522
9885
8969
7844
552
6405
3980
8304
4686
9830
2423
7501
5691
323
4314
8351
3628
5980
7731
6951
8722
9271
6035
2873
7918
8535
770
2090
7795
9416
7085
4151
1770
895
3081
4593
1912
2017
5551
5287
9908
5647
5729
1959
9348
6369
3158
2429
6230
8499
3558
9799
9245
724
9375
1093
5979
4356
8187
684
8596
7338
4750
2603
9642
4755
3206
5873
6927
2404
7929
5752
1508
8104
6052
1519
8482
6388
5493
7001
164
836
4681
3976
4552
2735
7797
9338
3401
9251
9838
7990
2479
2088
3781
4953
4884
5504
2221
3403
2410
8048
4880
7987
2688
639
7804
9900
8643
2630
6334
6742
5503
871
341
1908
7605
613
6232
6571
5017
8306
1924
7053
7262
6543
9328
6477
4277
4820
5031
3152
3966
3488
4289
4739
7510
4012
7756
9471
5746
740
4105
8404
482
8466
9238
468
1460
8470
7443
215
5563
9808
2476
4179
3050
6786
5585
1411
6601
5337
9588
7822
6197
5189
7365
3490
1018
3275
8761
6983
3545
5897
280
2219
3344
7557
3089
4681
2601
4634
502
767
29
4614
2298
3469
7455
5025
9747
8233
3881
2637
6086
9436
6668
5266
7229
8354
7538
446
6907
6812
2647
9278
9656
4625
7901
3225
9619
4477
1401
7793
534
7628
9248
6427
6637
4123
408
8013
5794
2998
6460
8103
2303
747
9641
5603
6622
2842
5581
7008
4369
8390
6509
6515
3367
4858
650
3761
225
2295
6478
8827
3115
5322
9729
9379
2104
6895
4310
7010
7590
532
3282
9129
652
1800
3325
591
4812
3307
7866
3514
3427
6997
5919
8058
2028
4597
5357
8488
5857
1010
1150
149
2078
6002
8923
250
4210
4642
1896
3196
1733
8748
3358
2537
5838
6200
3058
9141
3850
5251
5615
5777
7872
4827
20
1388
9147
4844
6768
8106
2723
811
2044
6437
1318
4584
4119
8828
578
9836
8346
6222
5748
5449
6187
8413
4021
1766
6247
2925
2802
5879
3174
5789
1507
5499
7374
4664
5162
7435
8138
180
3698
9334
5699
288
934
2448
6599
5126
2799
3908
6165
4517
7984
9000
6034
6057
6269
1356
2396
1495
2159
9133
2479
4406
7400
5874
8594
5255
4385
7278
4317
2346
3576
8245
6896
7884
2428
3162
2695
9441
9680
3589
3372
4958
1106
595
522
7922
4031
3983
387
1496
9124
9293
231
9834
6952
101
995
3638
5339
8480
8159
3599
1340
6624
4850
3332
2145
4955
8736
4869
8291
1760
5417
5695
7316
1810
7146
2351
1451
4007
1336
4605
6057
7441
5250
1009
8350
7734
4423
3471
1924
3936
9285
9152
7577
2109
3722
6671
1506
7134
2120
6271
2592
3078
2669
8303
431
1559
5518
2476
945
4766
9799
5892
9211
998
3698
6384
5339
2211
3645
7312
4953
6716
3448
4333
6331
6217
7532
3746
7881
7977
2131
5508
4637
4018
1518
4586
8221
2206
7301
8089
7621
9493
9538
3411
8120
921
8436
881
8546
3274
9934
9421
6359
4230
5480
283
5491
4799
7940
6879
8704
1229
8404
9760
9929
8095
4698
7970
7254
2919
3380
4565
1732
6948
2732
3539
9810
482
7963
1025
9874
8339
8264
6163
3917
2367
8424
8973
1457
1427
7716
9328
2836
7445
9689
5838
5179
8861
6986
7939
4492
5902
1297
4513
8458
8586
205
6087
1203
4256
854
3513
4020
3908
1170
1127
6052
5816
3949
3385
7951
3901
8775
4264
8246
9856
8776
9946
4582
7697
5231
3252
5647
3826
8317
3839
8924
2363
3294
6994
5793
4490
8752
2652
5501
78
8163
5856
5151
6056
8298
4642
435
8920
1644
9416
3721
5039
703
3331
9657
7268
9192
4546
6130
5944
2003
4244
3995
1013
4071
6490
6882
2298
4493
9094
6319
2654
7508
965
9058
304
8330
2132
8665
8212
7253
8372
3190
1717
8052
7643
1255
7885
8419
8037
9667
8503
5991
8725
805
5446
6029
8772
5099
7998
8124
6664
6766
5885
2996
6202
4719
5912
9817
528
3900
8841
1442
330
6310
6870
1335
3138
3766
471
3243
706
4766
8222
9382
7988
4220
1586
1938
7250
6473
9295
8232
6218
4338
2354
1965
1230
6298
6710
1601
3427
4286
8712
582
4242
9589
2308
7953
3362
3046
1299
7761
3113
7830
8403
5198
2031
3327
3262
2135
878
9121
3940
3889
3072
9956
7222
3645
4246
7966
6916
8806
4961
9772
3550
7421
5328
8969
9848
4504
3835
4762
8910
1872
3845
5241
7521
8315
3322
7589
399
6877
1602
764
2925
4660
6364
8653
7866
3226
1086
16
9217
8681
4277
3684
2030
7496
23
1394
1811
6097
7240
5264
750
2717
4904
9611
6728
2950
7601
3747
7975
4475
2092
7121
7746
7792
6858
1874
8211
938
9748
7897
2584
5025
7302
3244
7243
8569
4718
5682
2394
9563
9717
7938
9643
1508
1227
9056
3669
9345
6395
2862
6810
7736
7508
1598
9109
2782
232
8511
7107
4613
612
750
8975
1207
138
9944
3295
6237
3411
2533
757
6460
3500
2997
2235
3861
1638
5572
7663
749
3952
7871
4550
7499
6713
2717
2836
7094
2077
2261
51
6751
7797
3688
1428
7982
9031
2978
3164
3273
6441
7238
7737
4580
9283
5850
2016
7046
5953
5704
8660
9010
4724
2094
848
3658
629
8089
6303
7980
1109
6823
7064
6813
3763
4582
2291
3377
2701
7807
7148
6450
9576
8804
6521
7037
686
1436
1274
6371
4846
2007
1417
8926
962
9120
9459
9543
4881
8667
2292
4178
3975
5661
3271
66
4196
5291
9455
3225
199
2197
972
240
8632
299
4112
9208
9392
320
1457
3386
6657
8650
5468
8788
326
4360
3214
8531
8508
5745
4299
391
4950
9891
5664
53
8655
1101
785
8335
1475
1778
9886
4976
3719
4260
9714
8172
55
6958
8415
5528
9433
5345
4224
8277
3111
1160
6066
9443
1562
6000
7888
4300
5037
4867
7388
2688
9788
4381
8251
3270
7496
8827
8730
988
7960
7875
1092
8726
7127
8067
9516
2564
6384
9469
401
276
5249
2765
8300
1653
3416
5142
1401
440
8271
3068
2041
5742
394
2084
7318
1609
679
9812
4595
3407
3205
3695
8149
9524
1681
3893
5008
5992
9354
3729
2138
7465
9403
2790
9605
837
6015
8411
2268
7704
2573
7503
7164
4153
7053
7561
9715
3478
3456
3216
2980
2044
1730
7032
8856
2465
6512
553
3896
3545
9894
8183
9145
3855
5527
8757
4841
4395
6570
9802
3281
2835
2277
3492
8945
4601
7459
8666
743
3913
6291
1986
4632
8706
3676
4109
3371
1706
7751
8679
2196
5187
4794
5157
714
8941
5979
6372
8082
7700
9222
5502
8529
5190
9128
5034
1573
1449
8678
8231
3089
8589
3147
4360
3009
6362
641
937
1248
3149
4616
2867
5322
3729
7585
7665
32
7847
3053
4504
590
5706
3513
8318
9264
2594
2800
8141
2746
5333
5134
6156
3182
7973
3285
5251
7747
1354
1057
4454
3872
3525
1861
2332
9560
1750
111
6061
2990
4792
6871
7134
9930
9189
9830
2138
6985
8318
5484
9392
3509
8040
1859
464
7705
3504
4140
3956
5733
8509
757
4222
8975
9325
6517
1473
8822
5218
1894
8407
7240
1139
3435
4143
7857
9032
6762
1789
4290
9075
5075
8869
9828
1768
2252
772
9233
3045
6690
5348
6331
4562
9578
1596
7880
6182
2553
3920
2066
5059
6197
7921
7800
307
5342
7318
9648
3765
8965
2249
941
1418
5450
376
7922
9808
9266
3256
1861
2872
8234
6891
185
9621
3539
4343
39
461
5058
448
6648
329
8883
3438
9361
251
53
9233
3716
3088
7388
593
4971
7687
2876
9311
4738
6669
2512
1883
1342
6083
6381
5566
3877
1318
7998
8414
9117
5189
7301
2091
4347
7614
3714
1989
7193
3930
6237
9604
1136
2509
2751
6915
8626
1207
5816
2903
655
5730
96
8095
1604
2718
7722
1850
1883
555
7956
6322
726
3324
2337
3550
4163
9818
7488
6340
9839
1544
6199
9254
8229
5519
5616
7767
5920
1676
6525
2820
4784
7750
1994
9857
3061
8312
5223
6297
657
9208
2331
8440
5496
1944
5081
3276
3427
1987
4855
3595
9523
6555
5220
6030
6324
8646
8102
1394
6636
6396
412
8968
222
2464
7226
7414
7790
7214
1045
8897
7837
8807
5998
6681
6658
9085
9088
9355
7930
394
1094
5599
8623
9122
7834
5689
1876
5192
5238
2368
3709
2151
9301
4720
2732
147
8895
7094
3659
5090
9654
6557
3027
2086
312
3073
8690
4303
8425
8855
3602
1076
9822
8506
9110
8672
8062
8991
1826
2441
9515
3617
1649
8405
4986
64
7022
5273
2495
6940
8286
9382
6505
3615
5843
8108
293
3048
1628
8730
6605
655
104
2389
4326
8402
9846
5843
7856
4743
6591
3903
917
1637
5608
9666
5979
8213
266
9772
4883
7575
3586
5678
6185
3605
5083
1576
3377
5205
9574
3850
2681
2460
9138
3285
3303
4770
6824
6710
1883
1642
2094
3400
8551
8277
8345
8263
6194
1210
1918
7431
9303
2984
1484
4316
3779
656
173
3435
8749
2102
6609
3187
5768
3077
1990
5597
598
1205
7372
3001
9454
1870
5294
482
2364
1021
5350
5954
5055
3991
3459
1485
9957
1199
6165
965
9058
7040
6611
1563
5679
6212
2948
6044
1556
3433
5493
2212
8685
2375
3653
8266
6881
450
4759
3157
3938
1516
8654
7176
1279
3878
6340
7039
9532
19
6807
4348
2841
4081
6493
626
860
7518
8123
6351
1768
868
8314
9259
3933
4132
3115
8488
3111
4698
4343
913
48
2394
5836
7041
2982
1000
3763
8848
1372
8331
8873
3425
7449
9969
4612
3218
5575
4662
3486
5001
6607
5038
6101
7964
7242
657
6134
1344
6061
470
1419
7800
2855
2755
6533
4711
2911
3509
2197
3578
469
8552
2447
8779
4617
3648
6234
8975
4124
5574
5258
4162
6414
1077
497
7304
7875
8621
8202
1109
7240
2292
2851
8604
2901
3301
2081
4286
8491
7392
837
1312
6670
4820
5710
3381
5319
2026
4112
8153
6652
849
824
8334
3739
8924
6649
9553
3269
1085
3228
353
9830
3939
7560
3967
5884
4035
9003
8934
7778
5065
2461
7133
9651
7787
2030
3893
8578
1843
9518
6410
5812
3365
5534
8302
5610
8388
216
5402
398
3566
5780
6345
7875
4772
3261
1598
9653
4842
5303
6384
1271
3167
8575
3614
7939
2689
6130
1242
7153
1561
2406
5582
7817
4342
3514
1974
3679
8466
1908
5376
2040
7652
4244
3339
7549
5300
530
5171
7305
2599
5692
2804
5352
2456
6716
8914
8224
1770
4506
2815
4397
1877
8748
4438
3952
1469
3147
4337
8384
6183
2304
9779
8632
4743
2654
9726
1420
1831
4263
4261
5435
3116
7187
5060
9361
1886
6489
9613
7975
5057
7852
8127
3158
1486
653
2785
9080
1350
680
9772
3404
959
954
5819
5924
4146
3911
7667
2383
5691
46
9311
6470
1826
7332
6533
6059
8956
2361
5635
5468
8752
6001
3610
2667
3112
8615
7446
297
178
3568
7802
2985
1545
1957
4019
2442
8775
3364
6751
7463
5362
8276
124
7125
889
6133
9186
4961
7306
9538
8055
2071
635
9191
7147
3796
2411
2657
5311
2978
5160
9922
9118
6578
6807
4939
9668
5305
775
9740
1134
7697
8985
4609
5066
5453
4048
8967
3659
6318
8592
7160
5707
6417
2922
7945
8993
8342
7172
3709
8142
6574
7817
7848
3161
2336
9563
6849
1225
2489
3741
1855
5158
2115
2191
7270
4826
4852
1568
6444
388
6494
8981
379
1461
9108
3854
9581
3988
9716
3954
5613
1302
6813
6009
9108
2827
8423
3681
6132
9015
7716
6081
9802
292
9653
2907
9337
9772
9610
8094
7676
6922
4140
7988
5801
9262
5446
366
8486
9740
8420
6808
2706
6170
1226
379
7655
4093
6985
2056
62
3986
6653
7368
6606
8564
6896
3461
5310
5209
7061
2112
3382
7626
8435
2667
9023
5546
2897
2558
4898
6420
1793
5864
7404
4051
9720
4798
1840
8834
7761
2704
8593
4179
6773
2347
5499
6951
5600
7107
2666
6398
7401
7417
3286
3700
1978
4709
5943
5875
7809
2302
39
9791
8559
8945
5991
445
6390
969
6339
875
7577
1449
1393
8172
1096
1675
4625
4255
8532
929
469
9770
7373
7195
2319
6151
4319
8378
9679
9072
4191
5183
3879
9386
6915
7481
769
9431
308
155
9188
6759
9930
5768
9645
7111
89
1921
1504
6995
4754
1872
7435
1197
2217
1478
4474
9040
2195
1529
4225
4057
6753
9254
8100
3819
9355
4687
3032
8571
6557
6819
2194
1855
1811
2868
9149
8054
1834
1373
4564
582
3876
5258
1777
4809
2357
1493
9199
7962
3476
5717
5183
6368
7713
637
700
5414
8563
4948
7822
4930
7896
5350
6317
8760
7161
824
7363
3305
6066
6521
9777
5790
3105
4674
1039
2259
9858
7157
8101
7376
1587
9023
3930
2367
5412
100
5063
4045
7321
4285
8264
1283
6306
5098
7092
2054
1759
9081
4060
4277
4428
7758
6468
6465
1983
6178
6037
7016
4051
4192
5179
7642
6958
9903
8755
6337
9131
2543
5400
7188
1836
9466
9274
5277
8239
9928
7064
8766
4063
800
378
6435
5797
2335
439
7328
3390
4305
7573
498
6979
9601
413
5006
1558
4529
7089
6126
2625
3056
683
9864
9624
8484
643
6645
8970
8386
5784
4334
4992
8330
6945
7415
6887
3904
6348
6557
2517
692
381
5827
1209
4976
304
3547
593
6865
508
2516
5891
3391
1124
1603
4006
1404
2325
8507
6707
1877
2717
7144
287
2110
8709
7160
8739
3249
1099
2310
7758
7020
9347
2398
5057
5197
6331
6607
4676
6284
5246
1177
9528
6728
4483
2303
831
2224
6747
5612
8564
8713
9104
7647
7969
9145
2926
2339
9929
5384
9963
1254
3110
3673
1260
9331
3047
785
9802
3245
5159
2035
9094
2667
475
2299
7763
6525
1158
7439
5589
4037
6332
8776
8512
4819
8606
8521
452
6330
5775
5672
5779
3551
3593
340
7315
7499
6728
2894
3551
9514
8395
1670
6356
8385
9662
3677
3457
8513
3057
634
4174
242
5807
4167
6835
3745
2819
4235
4673
9630
167
1087
4989
1937
43
3506
3633
5859
4663
7341
836
8992
274
9779
512
1257
7409
9009
465
8026
4417
7140
3753
7339
9984
4688
7497
6205
9484
8422
3051
6642
164
8370
5435
9382
3072
4983
2190
8661
6223
1206
6519
8831
1360
5534
6039
1891
35
937
9385
17
7774
803
4108
6493
4030
1741
2764
6792
4165
177
6677
1471
8210
2605
3511
7688
2116
5795
8046
4865
426
2444
899
4263
4107
3362
1543
1793
1399
9470
962
460
8877
8032
9815
6015
4807
9223
8343
1815
2609
9473
9714
4492
4542
3723
6874
9689
981
8600
570
8049
8998
6839
1229
3864
1360
3544
9671
511
4900
1098
69
893
1191
5069
655
8803
6898
9943
7630
5512
2259
6961
8861
7667
6584
4727
4322
6426
3141
5836
1987
6938
5815
6466
8240
6270
7537
5459
548
7713
6078
8704
1665
5149
2205
5064
4860
2203
7361
3958
6040
2143
8475
4651
9781
2665
5960
5100
9474
5641
1084
619
4959
7504
75
9292
6313
7094
5072
8290
6501
5209
8365
8060
4871
8847
5772
6725
8505
1001
7820
1008
366
8955
5876
2307
3668
6269
3608
7114
1380
9631
602
670
6988
5194
5635
1530
7909
9660
7356
9432
5412
8468
6969
1978
3998
6739
3108
6324
9882
4729
5556
6811
1888
7779
9688
976
9850
1352
5432
208
7062
2372
4722
1665
1284
8622
8476
5162
5101
9722
3170
6062
2393
7913
6013
399
4306
3432
3469
5071
3455
5244
548
3929
2832
724
2245
6469
5301
8042
775
2162
7235
9248
4617
2712
7161
2631
3749
1697
5815
424
9274
3290
4325
4646
6823
5553
8047
6362
6375
2316
651
5480
5116
4094
5670
3635
7030
6143
3498
8681
9156
1762
449
5233
4291
1149
1723
2477
7447
9089
2432
2279
3864
9377
5732
1438
1603
8311
3722
7939
9442
2971
5380
9141
2252
6556
3077
8758
8506
9817
6491
1272
4144
3993
3905
4860
8911
8103
7278
3585
545
6311
874
1014
3458
571
7058
7112
6413
3432
5623
5968
7970
9349
7404
4366
5629
5410
985
4142
9545
4646
8475
550
2683
5735
6683
634
1914
6612
9987
7970
2709
7777
2006
1723
512
8388
6547
9601
6595
7802
2367
985
3959
5682
4017
3668
7182
6178
9942
4919
9573
4964
6096
2199
2666
3499
1661
2486
9691
5229
7046
2106
8992
2300
1963
5761
3007
9786
5120
9805
4206
8148
6197
7450
9854
2460
9605
9117
4053
9150
4893
600
7662
9812
1144
3796
7579
7243
9295
1557
7891
7090
400
7464
564
6149
2304
3025
7618
6957
8900
3817
7234
4061
6522
7552
1292
7994
7237
5319
8093
8788
9582
2541
2187
9848
8491
843
163
8088
7475
2420
902
4966
4108
5078
6636
8401
5917
6647
9521
6137
1553
5318
2702
4356
7008
4657
92
2421
8114
9021
2123
3104
3743
2975
2989
8823
3978
231
5030
6350
106
4660
3384
1668
7033
1305
4117
7771
5116
6769
5094
3383
5989
7992
1273
2857
8940
3142
695
6840
348
3929
9063
2344
5171
6291
241
5148
6530
9303
1918
5228
7298
3642
4877
1373
385
2569
4687
9383
2423
3766
4813
1412
1169
8163
3415
4971
9951
6445
7365
6009
5404
7059
4926
6453
5573
1003
2416
3590
299
7041
2809
6596
9653
9376
4809
167
576
6460
1075
43
4392
4902
9409
9992
2031
2249
6612
6411
6190
5687
2545
9961
8220
9324
7973
9910
1210
6656
1636
1090
4707
295
7138
8022
9638
7361
1406
9672
1045
5146
8849
2695
4634
5290
6304
6828
9639
8843
4611
6499
8526
1861
9471
7815
3679
4143
2209
3045
4893
7901
4714
6873
7943
6654
5915
3049
8369
4769
9993
2631
8926
6581
6619
9277
3420
358
1998
5270
4015
3284
7922
8171
2700
1000
8349
3953
9463
452
7907
5938
7966
3215
2324
6840
8000
4700
2272
5798
752
1856
5625
4654
8038
8912
8135
1215
1624
9787
5838
1423
7488
8348
4984
5126
1957
8666
6517
8278
8184
6903
9407
6478
8192
3111
2843
8297
6061
1748
9359
6452
8629
7164
1413
8921
5922
9573
3043
4301
3435
9765
5031
4654
9629
5343
9609
9386
4139
7508
2725
5830
2085
8298
7124
6966
690
12
3209
4695
2002
2406
1780
631
2548
7934
9096
8914
851
9273
1698
9064
170
7643
6634
7040
4183
4190
3875
4611
5403
6189
8821
1905
6993
5632
8782
8257
644
5237
8730
2079
1493
2013
7198
3229
696
9103
186
7701
2787
5945
740
1725
3139
3958
4150
3901
3119
5851
6175
1140
5534
5347
331
4904
5560
2707
664
6003
2306
8643
3230
9225
4611
8743
283
6583
4824
6990
8860
5572
9244
6016
7286
2438
9452
6489
6708
7767
708
3377
5391
5686
5546
7069
6166
2734
2772
141
763
9495
8645
8879
4473
8860
3091
200
4990
8013
6222
8577
8173
8952
6952
7982
4214
1325
2368
8361
143
162
8409
5598
9688
8972
5977
8890
5481
711
4058
8370
3879
2324
1206
2286
4039
1226
5218
5488
7732
1375
3525
5704
107
3659
8887
1853
8059
6426
7387
7160
2108
9336
9492
5452
6073
522
2005
2180
6290
3217
7643
6285
7048
8515
6175
5050
8759
2848
5387
2407
7617
9387
8852
7521
3401
6052
1777
3779
9416
686
2498
9889
6051
2062
7728
7516
2727
5227
6311
1115
4348
5406
4047
9
4414
9298
3503
8240
8804
9960
1670
6355
9061
7134
2237
9234
2267
2786
6206
5738
4124
5399
4791
5388
1553
5162
6777
9774
3629
1363
3189
7063
2409
1335
53
1678
5910
6150
235
2185
3388
1248
8948
1788
3488
9991
8639
3753
4321
6256
9950
7538
969
5383
1334
3778
1962
7811
1416
8924
3737
3405
328
8302
1680
1621
2908
945
8982
8804
6397
1802
7187
8156
7923
338
95
7569
8548
1577
8327
9052
1819
3438
9871
6285
8430
6865
7605
5663
4623
1196
1994
3042
50
2166
233
8283
6907
6473
6508
5569
4274
1872
3208
6869
5625
320
6044
311
1696
1832
188
6521
5541
1650
1687
8654
64
8749
4049
594
7816
7547
9842
9467
2101
949
2404
8488
7003
9433
530
4396
6759
2242
8605
402
9397
397
3770
2374
8571
4336
2526
920
2183
916
5377
3112
7395
3803
2364
8444
6202
3075
7138
6664
4992
8542
8788
774
5777
8407
5918
8528
7658
5167
3290
505
7286
7049
9713
6133
8729
801
1401
8849
338
7137
9232
4438
6770
9316
4298
4894
179
4160
2024
4168
9876
737
684
3166
2582
9027
2077
7202
6248
1973
3972
6473
4896
5028
8343
7675
5313
5979
6959
6359
7942
5048
9890
9109
9575
3997
7556
5530
7667
422
6925
9448
2111
8597
4083
3188
8367
6562
5505
403
9186
4324
6577
6544
6639
1118
7155
8117
2254
1076
1287
2075
8034
8620
7219
4186
4329
7575
4889
6181
3394
3652
2863
9444
2707
9318
7741
7005
7196
969
9064
971
7113
4568
2225
5257
7515
3519
3554
1468
1664
6064
4033
9889
6011
8452
9376
9781
9522
7450
7534
5648
8025
9451
5056
3650
3997
3189
3749
7472
5834
268
2537
7262
5216
2938
2294
2390
6587
9664
1068
8896
3678
552
7175
6004
4374
8775
3455
683
8250
5583
9127
5548
9371
276
944
6999
346
911
8295
3142
5162
6962
1345
9482
2272
7029
6838
1214
5095
682
9283
5245
8437
1561
3887
1701
6281
9232
8415
2512
5121
8290
4265
2249
6862
2450
9442
8337
7026
5695
9029
5203
4619
5509
754
5491
4085
1599
9165
806
9223
1714
3410
1176
8934
6016
768
64
6403
8524
1014
8737
7614
9384
8653
3225
2637
2129
3718
206
814
332
5673
1263
8897
6526
7197
8591
1951
696
9078
7302
3844
5583
7031
9127
1805
2884
2010
7088
5407
4412
4566
8021
8001
8087
7000
9846
8127
7019
2776
9609
8178
2143
116
7633
553
6347
8860
989
7518
4410
3882
6
2332
591
5429
4147
5499
1454
7663
221
4553
6818
2302
1858
9649
4810
2108
7302
8291
2911
2129
9404
2100
1721
8694
2668
5420
1754
6331
5730
447
5739
6406
4764
5676
2791
466
1490
3943
3093
3741
331
53
6123
4985
8062
6141
506
1344
9364
6035
8534
6973
9475
7982
1568
508
1602
5079
9097
8857
2519
1464
8648
7983
6937
6525
2596
6161
1982
7355
7531
5693
9828
1839