35
10000
783 1425
349 738
245 1356
740 885
226 472
48 975
702 1190
875 1288
235 1042
43 125
244 604
977 1221
493 625
163 1135
546 872
616 653
187 293
71 89
19 603
301 678
957 1129
480 1247
1311 1315
288 602
106 1398
112 282
276 649
111 1275
468 1133
154 830
53 184
164 727
831 1036
255 1269
1397 1409
264 850
754 1192
60 708
748 1055
604 1380
145 1159
121 1390
52 349
643 677
263 1284
522 1000
20 871
50 265
553 1304
679 1121
857 1076
298 572
1219 1241
630 1161
1025 1162
599 1166
303 1274
327 1036
355 821
694 939
199 1414
45 340
309 711
589 599
613 728
287 949
1194 1330
343 644
520 753
994 1088
220 1337
412 928
321 1029
949 1395
178 1290
467 1126
112 252
1001 1236
132 565
1084 1389
796 1297
917 1106
199 258
144 597
171 355
77 1270
183 192
1039 1428
734 1305
174 891
26 539
150 1020
803 1284
187 397
323 1389
81 339
53 735
1107 1359
242 302
384 1247
954 1361
335 934
856 1108
318 1417
277 1302
296 1086
623 1186
566 1024
607 1138
163 486
312 1357
1263 1409
57 869
618 776
290 1056
686 1005
129 872
444 1151
282 941
453 1347
845 998
248 1371
279 641
73 1269
462 943
157 170
484 765
614 1204
792 1407
955 997
110 579
4 618
6 535
73 482
368 869
525 1000
431 1103
913 1084
577 758
435 657
187 920
593 1432
1176 1335
1146 1183
1224 1433
803 1239
320 1056
71 1020
358 1175
255 1361
108 1177
261 1010
129 390
1120 1344
280 893
1181 1285
1134 1335
951 1294
482 1357
271 418
129 973
650 1375
541 1023
223 1052
84 462
1261 1436
1121 1375
979 991
52 994
628 760
455 1257
991 1109
184 1071
919 1066
401 532
329 756
479 608
452 1245
214 953
343 940
710 750
165 1139
527 1147
375 466
566 836
1119 1385
266 741
460 901
858 1139
496 559
172 1035
634 1169
582 754
562 1178
51 178
367 1005
275 520
186 619
48 357
603 1288
420 727
74 1325
1200 1233
620 1236
95 542
1158 1229
38 112
632 799
205 563
361 1019
634 1269
532 608
404 1245
592 680
251 1217
501 1360
475 1122
205 1179
851 1019
622 1123
79 1397
197 680
101 826
932 1368
596 1159
1097 1123
37 768
750 1428
162 681
10 1225
23 221
108 370
542 639
429 1039
73 377
628 794
202 1366
28 952
394 652
1151 1188
229 498
17 1360
1137 1370
89 1216
367 534
696 1227
863 1027
559 670
555 750
146 1283
42 1242
298 487
1188 1293
72 732
931 1062
454 1344
118 1159
95 658
72 973
221 748
722 1023
1069 1125
228 812
386 1390
338 777
475 513
831 977
312 794
396 769
806 1089
217 1408
650 1127
606 1030
330 372
518 1172
409 1387
1236 1361
616 823
184 904
865 1025
643 1230
575 880
1184 1341
127 750
714 1138
428 765
333 1102
29 1261
371 542
1133 1278
10 113
6 945
56 99
24 1014
318 1335
995 1063
151 463
767 978
7 502
374 434
337 362
716 790
64 1254
210 1196
220 507
283 380
309 902
1306 1392
920 979
711 1043
527 1372
1106 1117
1265 1388
80 128
154 1003
127 204
55 282
312 436
880 1114
70 1346
455 1131
814 1085
712 897
658 1003
28 621
381 898
269 1144
78 1093
1070 1160
42 1044
237 1077
714 1269
153 1229
289 1129
673 1299
761 1341
1239 1328
404 1282
21 577
436 1087
422 603
1216 1256
230 533
1153 1359
380 438
737 1249
232 941
325 484
1067 1173
518 1259
157 842
1001 1214
1073 1144
363 672
99 1250
633 724
409 1404
400 707
426 995
1049 1221
311 1181
67 840
666 1099
707 1387
422 1006
747 1229
730 1176
115 638
844 1283
684 706
593 976
226 556
1015 1185
101 1117
105 430
882 1242
568 754
266 967
273 1176
20 26
48 1153
499 868
502 747
1147 1353
276 345
855 970
1273 1350
317 928
479 898
446 1000
402 768
642 1115
1034 1215
108 837
115 680
476 692
275 945
879 1250
27 1355
5 1255
25 1438
83 693
326 849
513 606
384 417
953 1379
771 1406
144 1099
71 1071
285 613
701 1386
968 1155
920 1040
836 1256
398 1186
1257 1297
818 1422
96 174
202 1421
902 1039
365 1279
5 333
70 1297
582 802
782 1236
263 450
51 372
1246 1304
297 374
559 1259
691 889
210 1371
53 1183
292 1364
5 626
383 1240
218 1082
640 852
343 674
397 1072
290 975
70 898
40 1327
1260 1425
506 543
637 1187
419 819
507 1175
320 908
1147 1254
1065 1262
475 570
401 1114
491 880
493 1415
84 362
389 1077
500 1403
739 1314
91 574
32 49
1186 1301
940 1285
29 586
658 1065
454 1391
511 1386
190 1425
713 1412
178 360
190 1123
155 851
74 590
906 1258
3 1179
493 549
797 806
189 488
487 908
442 1248
385 1003
290 755
1181 1401
1134 1318
999 1402
309 813
1035 1104
1105 1154
430 741
393 784
689 1119
514 1234
1212 1289
530 1082
257 1195
301 448
300 849
411 933
437 1137
181 269
66 1388
1216 1333
374 464
1219 1323
736 1222
483 819
195 1147
215 963
366 1400
593 663
851 1144
857 868
110 121
794 1130
258 1107
616 976
37 892
96 606
125 839
959 1414
34 580
431 1208
42 728
188 472
253 722
909 949
987 1308
522 1000
27 1272
266 1135
210 927
631 1245
171 1154
41 808
36 750
904 1272
281 1122
69 763
809 1161
1340 1362
211 790
188 1153
850 1166
146 758
689 1357
4 589
295 754
859 1071
902 1292
531 1013
16 567
497 725
442 868
90 1085
471 816
528 1208
383 484
1086 1177
302 314
185 740
726 1392
558 1153
101 448
395 1291
127 128
1004 1309
71 1220
89 280
1145 1399
928 952
140 418
396 611
468 715
1 1065
635 1105
489 1110
339 1405
87 914
104 1104
275 929
87 1145
20 392
270 313
45 1410
233 357
411 1323
1143 1178
479 1344
368 374
725 1134
752 1332
689 1242
516 666
541 901
75 1342
1036 1127
110 310
218 379
744 1094
419 837
154 902
1093 1335
131 957
118 793
812 984
575 743
1304 1395
222 1431
145 335
198 629
775 1244
402 1407
1325 1329
461 596
70 750
286 799
186 831
10 589
387 445
151 1224
1128 1176
430 1429
925 977
36 510
1258 1270
711 953
398 767
308 1351
1361 1415
79 1383
554 620
237 380
193 1107
667 1081
802 843
1083 1202
150 602
900 1421
98 235
1128 1211
385 1255
1070 1334
198 1133
230 455
46 1007
544 552
382 446
157 765
247 874
168 836
255 669
245 460
890 932
263 1431
1071 1260
91 1151
905 1403
754 1274
56 1235
131 219
732 1273
147 1157
239 1278
2 1249
1012 1331
216 527
202 410
818 916
812 813
162 231
43 1304
418 717
530 585
138 1343
393 543
322 1271
303 609
264 379
606 1359
675 917
846 1233
952 1148
496 1384
48 1123
320 1346
147 969
407 626
436 651
86 1081
86 309
20 297
24 39
211 837
178 961
266 894
47 186
143 941
219 1313
128 1250
355 405
757 919
708 837
524 1418
1284 1411
330 775
757 1391
435 893
655 919
350 929
420 891
1119 1185
340 377
357 365
326 1047
534 668
575 978
1205 1307
574 911
32 1221
573 1052
841 1345
794 945
67 169
383 995
127 292
98 1056
38 335
790 978
1007 1094
1105 1140
41 1335
1192 1399
774 1075
149 1144
974 1299
330 1072
271 956
876 1403
782 828
784 1184
98 1431
505 1007
152 166
1151 1426
273 695
418 419
994 1119
467 1346
1162 1437
537 1361
280 394
715 1218
115 1274
974 1224
692 1366
549 1067
158 408
268 589
103 632
729 967
259 975
481 1178
422 945
304 309
321 1335
525 1394
311 977
546 1032
112 1062
146 682
330 373
802 1433
584 701
1242 1357
267 774
425 1410
1088 1290
1029 1032
520 1090
1 704
44 230
11 507
765 1165
565 1316
695 774
185 1359
295 990
1087 1247
228 1269
211 722
127 226
343 1023
72 1394
587 1075
820 1024
266 1191
235 706
814 911
967 1190
295 1207
188 589
1041 1221
436 1392
28 319
736 1415
42 558
380 1064
24 793
35 1179
77 1241
674 1114
651 680
871 1195
1222 1410
68 1278
744 1371
149 1388
290 1340
33 1031
14 709
455 1257
278 419
433 1274
210 1358
633 957
226 1219
942 1150
586 1126
1267 1375
587 1041
824 1202
1183 1199
540 1357
744 1131
500 578
655 1440
92 1144
365 1342
234 255
822 1100
107 1031
100 1419
1255 1260
420 1426
771 1217
526 804
145 867
159 380
173 287
309 941
1154 1275
562 653
1077 1357
584 1172
165 1142
131 1359
998 1401
328 1277
14 172
444 801
955 1227
879 1225
134 192
22 842
939 1128
460 916
809 1050
176 475
132 284
65 809
283 1134
142 1138
236 945
169 869
542 625
476 605
342 1189
401 1409
722 1061
1058 1324
392 676
343 390
6 545
99 648
581 972
380 738
56 413
1022 1193
86 1411
246 485
703 1419
1155 1428
175 364
558 918
587 997
896 1146
197 825
336 700
454 881
4 241
487 918
6 475
3 674
230 758
580 779
44 1015
1203 1380
866 977
590 1209
436 923
316 1306
258 385
147 1311
1014 1274
43 79
226 295
404 674
285 306
307 664
361 909
691 1055
283 292
727 1393
496 709
28 1221
798 1100
209 760
511 1332
879 914
675 1390
358 530
162 1343
91 619
1062 1329
257 1335
8 378
290 1286
1400 1429
1032 1141
144 650
19 1284
72 176
673 736
645 1204
862 1179
45 566
62 960
137 1175
432 809
320 1041
914 926
977 1008
449 758
738 997
1291 1314
692 1133
61 739
640 862
63 1202
429 618
1228 1356
320 1233
367 579
546 1308
458 532
173 977
616 1395
753 897
922 1099
1076 1416
513 1331
629 1074
1185 1216
1042 1424
433 1402
638 762
166 332
339 818
732 852
1218 1382
172 392
367 398
704 1290
1008 1303
332 1066
768 1366
751 1421
1150 1440
752 1097
13 408
315 1191
485 963
40 539
42 437
19 62
790 1347
974 1405
1168 1311
720 1433
316 1238
933 1058
1213 1395
398 712
745 1151
227 419
634 890
375 461
409 676
848 1132
1085 1382
1279 1295
220 657
136 925
352 1093
477 1111
136 1107
971 1395
1282 1283
139 1263
254 363
627 1100
1111 1173
469 1270
352 516
236 710
875 1065
605 1418
278 821
84 200
277 1098
312 1345
98 1134
362 622
292 769
1010 1370
233 835
451 500
320 1438
104 1061
832 1353
326 1079
111 1356
618 947
375 1274
89 261
67 912
162 859
900 1011
1147 1393
83 1279
176 1326
984 1379
896 902
1251 1366
180 648
327 765
162 333
55 565
605 1311
15 1164
431 959
784 1320
719 932
803 1333
560 1347
14 1202
93 1277
260 1269
41 1039
421 741
884 1252
163 491
408 1297
151 155
651 1057
753 1168
338 1139
499 1432
780 1282
420 1357
803 1148
1057 1322
1045 1127
96 298
111 1108
819 822
1199 1270
114 1397
142 1168
358 1110
242 1127
576 1268
167 1410
255 695
797 991
728 1184
473 772
687 1257
586 1431
851 1021
655 701
243 532
774 957
386 1417
823 888
655 1195
141 547
1052 1397
186 846
516 949
631 845
814 1319
613 1002
20 556
879 920
337 689
821 901
666 1324
662 720
652 700
340 378
444 946
191 995
476 1167
502 627
918 1196
79 1021
36 1168
427 1271
285 1314
677 685
1087 1143
23 303
1268 1423
345 760
59 978
659 1378
1119 1343
869 1051
434 475
48 1430
706 947
370 491
234 377
630 993
166 1263
144 1048
1093 1216
7 74
327 389
174 692
955 1312
767 1189
630 1356
236 983
543 674
538 982
656 664
512 536
135 1407
384 1214
934 1352
504 881
870 1177
586 672
303 783
866 1102
311 540
42 352
4 971
632 891
803 1308
278 1335
668 1156
662 1296
124 931
5 1001
84 307
549 663
5 1367
61 1174
213 669
229 871
516 919
184 546
100 874
303 745
156 239
60 973
778 890
639 1211
362 1439
71 952
161 905
332 1315
508 686
3 416
812 1007
859 1370
765 1239
1 65
529 1087
293 920
493 639
249 1219
793 1160
675 1424
179 1042
872 1180
521 873
140 1160
459 1429
396 635
272 680
270 779
613 1341
327 1129
198 303
389 1296
1292 1417
591 734
106 1226
68 160
142 222
69 90
357 609
848 1042
556 1395
767 832
920 1120
253 690
85 421
399 950
55 1329
114 961
421 1228
821 1025
189 1364
61 1356
213 789
544 971
712 1026
66 352
1003 1179
79 223
563 963
569 1329
125 1150
131 489
652 940
356 358
1138 1330
684 908
673 1115
491 1020
862 1204
856 884
266 658
374 483
441 1090
1012 1125
94 766
1345 1353
973 1201
607 1412
62 280
81 227
1161 1215
171 1208
303 1406
340 589
916 946
287 647
560 573
721 1159
17 469
416 548
1172 1292
946 1119
730 1040
345 1113
1097 1126
273 1095
611 1178
1160 1335
730 1261
119 898
86 1063
243 1386
166 1314
342 725
641 1260
393 507
280 688
504 1031
310 1109
752 763
781 1284
292 921
445 1398
44 824
619 1046
1196 1212
675 873
839 870
336 797
22 1256
295 530
724 742
107 1000
237 1384
150 941
506 1032
327 1027
620 1015
469 1145
72 387
10 873
268 301
680 1257
791 1391
375 1060
359 687
814 948
35 500
111 797
829 1240
485 1284
131 860
438 1387
961 1179
167 1056
371 730
661 1107
210 305
293 1327
616 948
524 632
239 1403
715 1013
836 926
1058 1270
281 1290
1112 1323
78 508
351 1051
132 1335
392 799
8 1339
61 463
53 370
604 630
151 1373
982 1072
273 413
234 326
733 1358
365 1431
834 1251
538 727
110 1405
485 883
254 1104
221 673
91 1389
1020 1370
792 915
882 1115
436 672
339 684
114 538
989 1068
231 1348
678 1237
385 725
223 1330
273 649
481 647
438 517
149 888
202 877
496 1140
356 539
714 1418
398 1374
473 722
41 698
367 895
642 788
148 1089
452 952
290 1362
64 1014
918 1114
628 1097
724 1432
104 1105
860 1413
328 383
19 1277
1337 1345
107 635
112 467
400 1107
63 1322
161 902
246 840
93 1261
589 856
125 167
735 1155
778 1223
1319 1439
267 659
405 485
101 477
478 568
173 990
256 723
502 919
524 563
556 1142
651 1388
3 1165
720 1218
881 1221
449 677
780 791
1266 1337
168 982
1254 1383
23 103
549 1068
808 1194
704 1437
5 1314
422 470
1075 1353
218 1305
263 889
79 980
250 1158
802 962
510 876
542 1367
82 392
439 769
393 976
575 1281
235 274
527 1237
32 1084
482 1111
377 1030
247 678
911 1011
230 798
1092 1098
1016 1339
296 591
144 928
364 1015
277 906
202 963
115 1266
115 1215
926 1136
508 1138
647 726
168 1386
211 454
109 772
772 1435
209 1439
228 845
112 739
764 1167
399 995
565 1436
424 1090
766 1082
147 790
47 527
501 572
928 1257
810 865
546 1030
994 997
920 1302
295 752
198 404
99 447
348 727
386 1385
168 447
337 731
987 998
784 1338
623 1423
348 593
75 830
832 964
1176 1432
396 793
113 1006
86 744
492 1012
56 500
1101 1240
482 1005
409 679
605 1038
25 74
58 129
263 1048
412 430
145 1005
595 946
730 1252
788 854
163 1115
474 1023
295 844
1002 1413
731 1215
531 1255
1282 1294
392 531
1367 1418
557 1350
2 125
203 1363
1086 1406
947 1345
26 135
130 528
322 1242
557 796
552 1362
629 775
53 846
1069 1406
641 1094
864 1131
5 297
834 910
712 1116
130 339
525 563
727 1351
12 193
133 815
791 1036
8 1018
188 392
1317 1367
441 456
49 1039
534 774
764 1015
146 365
915 1287
43 624
74 1404
291 1288
10 141
707 1257
817 1436
543 946
534 1285
220 1272
368 1174
108 744
754 909
523 768
85 730
505 1172
466 1083
565 1099
1016 1433
791 928
339 1062
116 1297
405 684
106 998
719 1276
39 372
88 678
622 1177
68 365
541 998
1029 1392
479 719
658 1210
187 1097
451 721
96 1394
53 553
107 626
1163 1436
335 892
37 815
560 1248
768 1413
646 1137
1272 1391
959 1173
852 1097
541 780
665 1241
358 1049
561 1094
1237 1408
920 1317
733 1399
224 546
361 1354
129 299
515 688
1325 1405
658 689
89 416
833 1247
228 1132
298 644
365 1432
346 1309
98 441
52 845
736 966
1153 1273
918 1031
722 978
498 1220
545 1014
681 990
795 1096
552 1035
315 351
265 1179
916 948
251 641
363 974
106 906
585 1062
321 807
760 1019
273 914
161 423
312 370
6 260
604 671
929 1032
675 1001
870 1346
305 322
245 679
87 1124
282 1361
466 763
401 954
297 386
48 442
1000 1229
543 568
1300 1374
523 1292
454 948
193 684
437 1217
261 950
668 1139
277 405
356 1177
331 1388
820 1433
38 1286
152 178
250 1125
212 403
596 987
1024 1065
470 974
608 1390
1225 1231
614 1172
193 920
26 942
111 1080
982 1122
774 1133
1046 1398
845 1359
260 797
583 1393
845 877
563 854
597 1154
719 1139
261 665
64 955
76 602
192 1407
52 1238
539 1081
566 1056
178 405
416 475
857 923
622 990
408 1178
1019 1330
8 1068
402 724
781 1070
279 656
923 1144
86 208
951 954
478 523
835 1228
1345 1391
611 1411
219 1421
220 1426
13 1108
268 695
876 936
75 1201
223 607
325 540
826 1040
131 964
281 1015
658 670
483 1318
853 965
255 1350
224 1074
3 175
233 784
564 772
620 843
250 1359
840 1193
715 819
916 1405
150 1052
163 283
1219 1372
649 1376
303 1185
513 1276
609 1373
194 727
304 926
1087 1318
965 1126
49 1420
679 1094
710 926
261 447
925 1237
501 1069
454 517
719 815
109 307
795 870
249 1434
399 508
803 1079
606 751
628 897
259 1109
51 1161
161 1216
490 695
155 1015
477 642
293 1378
655 767
441 909
93 973
621 1014
171 763
445 1398
132 241
810 1007
146 1161
609 680
587 696
1098 1195
451 1066
251 720
13 439
450 1242
111 761
24 354
821 1403
15 1360
595 1125
1026 1381
153 693
647 983
84 946
638 1379
698 905
315 482
719 1396
838 1092
1056 1174
687 1167
213 715
904 1022
267 1157
142 1149
588 1040
79 1280
459 1377
37 644
4 1050
1158 1226
20 442
246 286
1011 1054
1159 1247
283 1115
478 1060
243 1025
724 1116
8 1076
681 1184
469 1427
1326 1410
441 1224
39 854
458 1332
172 903
418 531
478 1394
732 1070
947 1174
14 184
234 1412
427 938
592 627
192 838
493 920
669 1374
204 767
440 756
207 1333
362 442
810 1116
1223 1285
57 1298
370 1424
221 761
928 1377
345 632
78 1251
306 530
544 1103
597 717
161 300
1046 1104
270 874
175 431
788 1419
705 944
635 1342
412 886
192 1430
49 92
859 1436
381 423
630 1034
386 961
598 676
543 1197
842 1290
739 1179
621 1029
96 758
447 933
32 860
211 577
399 717
215 1388
13 835
130 643
473 1212
40 1378
432 1426
148 1285
71 337
836 932
625 979
967 1233
436 588
185 1326
663 825
71 119
388 709
211 255
454 1135
17 1094
594 759
407 1376
935 1196
851 1341
86 912
741 764
384 602
27 812
527 1273
870 987
112 377
498 626
426 480
731 1001
660 1087
1213 1369
414 1316
794 1234
920 1295
123 1093
427 1228
187 1167
366 442
524 1268
248 433
1027 1393
187 655
134 150
261 1289
493 1401
85 665
30 1123
960 1229
843 860
522 529
11 1288
841 1158
131 659
360 1428
738 803
954 1145
15 1256
502 711
107 347
330 512
1000 1325
230 779
578 987
450 1217
200 594
658 938
970 1096
942 1118
106 243
476 870
314 1401
1056 1102
685 864
89 1290
1096 1380
366 955
388 475
240 729
705 895
897 1375
1126 1206
435 754
175 1323
3 768
102 568
155 1422
163 351
671 1272
123 1373
318 519
97 751
672 898
70 130
217 1171
9 796
111 1110
441 1049
74 472
918 996
1073 1102
116 474
164 688
1219 1420
971 1021
740 1104
91 632
497 1408
743 1420
37 798
421 433
799 1415
414 1263
328 939
1135 1308
109 406
311 1116
249 767
938 1380
179 912
145 1423
982 1354
396 531
414 1070
1363 1372
447 1375
44 1313
327 892
305 980
775 936
602 1428
967 1004
131 398
363 547
379 860
82 492
773 846
946 1224
92 534
104 692
454 1231
503 748
7 265
438 624
134 1301
885 1210
96 1134
147 1007
188 596
144 1246
1285 1361
72 1281
952 1099
101 1264
213 261
288 835
297 447
234 1126
841 943
517 1179
399 1233
156 643
270 903
450 858
423 727
559 1343
573 1051
1143 1231
915 973
632 1048
540 717
412 1181
632 907
565 1063
802 852
581 780
490 588
920 1391
31 976
183 996
273 1115
85 989
61 1152
241 813
1057 1099
150 1405
18 900
593 839
726 987
770 1328
172 622
277 859
509 996
469 725
691 1154
743 1412
967 1049
637 664
421 721
831 990
373 1054
628 949
249 1435
129 366
1051 1148
68 533
539 1022
967 1414
53 371
279 459
183 660
20 198
831 1193
211 749
14 1371
481 950
1003 1024
591 598
482 733
228 482
410 921
28 909
668 1114
281 683
617 930
492 1199
105 1142
890 1158
475 988
437 1401
493 1253
567 750
130 1049
1285 1305
365 488
262 1398
964 1162
105 432
697 1375
980 1041
348 1241
217 1213
557 721
616 1302
299 341
441 1002
1117 1191
1029 1301
6 982
708 796
59 1037
29 283
179 194
452 811
249 460
1014 1018
433 1393
30 1328
489 1222
683 1089
15 67
758 782
1014 1266
579 1412
126 1316
793 1030
493 736
194 836
194 1260
629 653
543 948
1030 1330
757 1242
539 937
262 1174
817 1155
541 570
294 694
426 577
248 1067
935 1208
1004 1010
242 1141
341 1297
716 786
290 562
604 932
25 1413
32 49
103 808
530 851
882 924
824 1328
232 1106
678 1264
28 1028
351 884
803 1011
67 836
493 674
155 1081
486 626
643 1404
1231 1360
151 1121
903 1097
1058 1324
97 786
646 838
174 665
133 1400
504 691
556 599
35 209
528 1333
642 1252
206 1182
84 933
801 1151
1092 1239
832 940
846 853
757 858
773 1155
149 1230
444 1406
345 610
452 1334
747 1115
34 808
191 1161
333 867
1054 1394
356 851
1008 1206
333 1056
279 902
235 581
289 411
221 1083
282 646
337 1371
118 641
21 724
216 624
210 1255
423 694
745 900
627 973
1082 1177
876 1280
104 763
173 511
500 1333
683 1099
428 823
1210 1417
956 1367
5 1039
291 948
412 1243
225 637
546 563
698 925
591 964
72 353
459 575
1127 1221
756 1182
351 1229
131 1430
1062 1377
107 1242
129 1084
334 967
393 687
39 699
490 1278
841 1163
710 768
695 996
179 1134
939 1393
443 976
124 958
814 1090
1030 1040
487 1432
172 1264
370 1254
1139 1216
489 1119
727 817
773 1436
84 1411
138 1243
1175 1202
751 1081
581 933
994 1156
873 1225
12 301
314 1257
138 654
490 577
289 1266
169 1131
981 1070
701 914
634 720
458 1326
996 1113
198 1121
648 703
292 708
950 989
307 433
1100 1210
909 1349
190 421
600 1015
476 489
365 888
453 543
1254 1379
1063 1393
14 188
299 1355
307 1083
513 712
838 1118
15 844
510 619
554 1284
695 809
440 954
220 1284
7 234
163 1263
319 1393
851 1343
513 805
1025 1243
50 1002
418 1000
313 1264
269 1272
426 817
1139 1180
1131 1209
588 1088
719 1300
235 1430
477 1356
4 931
116 1394
1254 1278
4 426
3 1074
410 977
589 1400
881 1333
896 1101
235 1202
241 250
171 1440
880 995
1100 1173
173 383
49 1424
272 1365
97 249
222 630
1270 1294
152 604
52 1399
141 914
1309 1350
184 1338
805 1099
1252 1394
140 212
830 1040
604 1405
1022 1416
1271 1438
94 294
238 488
253 1415
703 1066
567 594
733 847
402 535
261 1132
221 1364
179 1197
124 240
483 868
336 628
492 1042
341 1247
806 1318
253 1279
500 733
947 1193
374 1221
281 892
27 324
1057 1315
741 925
545 1255
99 691
654 1261
365 1343
340 1425
666 1409
88 800
351 511
419 628
172 464
55 203
514 1239
342 958
209 573
1412 1418
453 611
677 841
499 504
157 1121
44 1373
947 1251
323 376
408 422
636 1426
885 1260
638 930
279 1324
263 968
988 1240
353 766
516 625
493 612
548 733
253 394
1127 1202
56 191
659 952
858 1336
82 626
190 927
1145 1243
90 701
68 239
197 1139
493 1020
450 1012
188 343
365 1404
453 1213
1051 1329
1334 1392
1063 1330
987 1281
708 950
112 1423
131 417
206 266
345 924
507 1101
801 1012
80 1069
355 485
141 860
1309 1410
109 950
96 870
902 1167
205 673
1 1283
653 1384
159 816
411 1112
270 690
795 1197
1142 1399
232 870
956 1083
809 1151
220 484
711 1323
265 550
951 1008
256 258
499 1307
358 1330
190 689
195 793
2 949
852 1041
296 358
41 473
721 1012
580 970
1274 1315
676 1158
110 606
439 1404
422 552
1240 1296
139 1187
615 1139
59 781
216 245
114 566
237 629
292 358
507 568
191 1422
174 669
965 1270
367 1213
347 376
860 1081
1263 1303
534 1038
133 1221
249 466
415 910
82 182
16 951
703 1373
442 1071
986 1053
809 1294
176 850
90 1440
1089 1346
935 1359
520 901
1153 1155
797 893
728 1323
1094 1421
153 1427
261 421
183 407
34 851
773 846
104 427
88 986
146 1137
860 977
983 1272
362 1124
866 1080
339 496
393 796
21 345
663 1197
17 1419
636 1185
63 954
522 760
1140 1231
423 1310
127 439
354 729
1083 1248
68 945
351 1351
302 803
856 1427
742 838
147 1201
1259 1271
258 494
154 1258
893 1092
803 1071
96 145
85 590
1249 1401
579 655
319 861
710 1056
943 1298
520 1412
489 1104
439 557
507 681
906 912
459 1221
448 1001
159 1176
131 1147
698 1396
400 1227
536 1012
1030 1410
87 1238
376 1249
525 922
269 1189
526 1190
682 1348
559 1329
1259 1416
68 255
202 1072
291 1059
218 663
781 864
307 845
1222 1372
298 657
401 1315
602 1423
393 1364
648 1275
153 984
207 236
25 157
98 139
846 1138
1161 1385
514 1317
7 670
179 245
445 1174
447 1035
1014 1068
5 423
50 316
8 992
49 139
796 1128
748 1104
84 613
755 1319
71 929
472 642
254 788
980 1212
757 1238
521 1153
315 1147
1103 1381
413 1227
410 526
210 923
809 1402
687 797
630 1135
670 752
52 308
352 882
30 148
145 794
191 245
85 1039
769 987
83 820
157 915
211 220
384 606
650 1327
946 1175
160 1272
851 1044
532 1084
655 1001
409 991
467 1034
623 983
403 1160
243 1402
1023 1305
127 1310
902 1270
2 932
756 1304
341 1246
657 1187
100 1246
22 762
455 1021
72 1088
625 979
21 1332
989 1149
370 649
1179 1362
1142 1230
739 862
171 241
45 213
1121 1190
665 1266
115 535
539 613
732 1302
931 975
1231 1240
280 421
583 1275
711 1135
138 338
425 1314
361 471
808 1242
95 802
413 1003
106 269
583 676
268 523
978 1431
593 941
230 694
659 773
437 1033
816 1147
623 1437
142 1431
1291 1406
760 875
614 1184
622 912
234 275
592 843
785 1381
397 1367
677 1232
73 650
332 1350
803 1377
799 1107
777 879
578 671
42 275
226 1308
543 1284
744 1417
436 1244
615 1373
349 651
557 1060
21 542
887 987
63 772
597 1164
698 929
213 452
608 1410
509 1132
685 1411
725 1097
1090 1139
413 885
147 649
484 1063
243 367
680 1302
511 1082
859 1303
1004 1035
437 1235
682 1393
62 528
606 1304
483 861
368 782
608 792
115 278
48 338
1136 1354
170 233
899 1161
356 424
987 1116
598 1209
185 545
609 744
635 1121
808 1241
65 969
27 526
911 1256
196 854
522 640
2 674
199 689
97 487
616 633
22 1431
132 356
185 558
376 1385
1309 1328
484 489
29 1255
766 820
30 741
679 1027
76 1363
119 688
542 583
333 1182
594 1227
1253 1324
608 1107
386 417
729 1241
733 986
60 347
654 923
1025 1376
460 858
315 1134
190 628
1345 1440
76 1366
12 475
9 158
764 945
260 422
358 981
265 457
439 973
132 590
116 1405
872 1343
479 1421
230 265
65 832
134 994
172 792
1231 1249
23 389
1000 1407
1235 1253
168 1154
52 1176
456 800
868 1366
848 1017
1260 1262
816 1066
182 920
503 1158
829 1157
500 576
1202 1309
386 1359
403 1374
227 1106
1243 1309
463 471
835 1382
116 485
64 520
432 470
521 966
323 472
1314 1378
472 1411
532 1386
641 970
1372 1439
464 822
146 717
554 909
74 1318
59 577
264 1005
165 716
620 811
13 1304
44 1437
309 991
116 1238
43 292
761 1426
1033 1151
201 528
504 927
275 308
462 1059
33 320
378 1329
975 1120
305 469
722 1427
64 576
15 972
253 308
525 892
541 660
592 1021
854 1363
776 1173
318 1018
74 1428
664 1389
210 436
470 683
298 868
35 438
311 1085
797 999
1147 1278
212 471
97 742
171 377
205 987
103 314
855 1354
304 391
53 841
210 1126
1003 1389
977 1350
37 1354
298 915
491 500
212 1393
1055 1098
544 1235
174 536
269 1419
180 838
693 1190
436 1065
418 813
741 763
468 1108
477 1208
182 795
495 721
589 604
641 1171
290 293
233 1234
535 1093
359 1361
15 119
424 592
117 913
461 1008
120 400
476 700
175 1403
475 976
874 1248
394 1387
295 823
531 1382
436 880
1036 1293
502 875
237 780
616 1109
110 395
210 582
280 921
288 1432
17 341
135 493
86 816
1164 1257
632 1418
1148 1308
122 1311
432 458
904 1258
301 1263
172 841
366 1304
1351 1368
40 113
836 1288
431 1270
534 1020
301 887
494 931
348 968
774 1012
268 359
519 1115
811 953
173 567
432 440
277 1124
158 875
386 1026
406 1347
535 732
202 1078
182 721
1344 1429
855 996
37 58
160 1015
51 1143
57 1401
161 301
178 1326
155 1183
458 684
1143 1161
1123 1388
82 1250
706 1121
24 127
212 254
82 520
193 1172
219 1415
1136 1333
708 1363
587 700
948 1166
80 113
375 959
1045 1265
321 480
535 950
169 175
267 734
116 316
22 270
916 1100
85 1262
102 1341
513 636
707 1414
1106 1177
764 885
42 538
353 1392
197 944
812 1316
987 1171
111 960
589 1399
1066 1409
134 826
308 553
70 617
745 1227
247 1198
863 1153
439 1333
300 464
416 1005
846 933
179 1259
299 574
162 1006
289 1304
140 461
1081 1197
823 1192
1368 1439
997 1237
391 847
514 934
386 898
566 836
924 1392
51 258
174 1242
1007 1434
128 1356
598 765
85 343
366 921
293 1268
531 1109
193 838
153 801
156 1425
1214 1389
150 298
223 1090
471 1228
596 1337
157 424
295 1387
240 1051
397 1189
163 1310
1026 1058
349 893
250 606
617 1019
133 946
266 783
743 1428
740 820
753 901
559 1193
235 353
1112 1209
155 1172
73 1176
158 911
117 715
398 867
75 471
137 707
79 318
69 296
11 869
569 1270
92 502
913 968
765 1350
476 791
1103 1366
1212 1337
712 1014
113 1105
138 279
120 1234
1036 1299
87 98
458 1001
718 821
70 567
531 724
204 1172
141 241
437 1293
1082 1333
83 848
437 652
568 1322
367 1224
317 1022
857 1344
922 1117
830 1148
744 1043
580 1424
393 555
195 975
620 1321
401 1145
192 791
723 980
578 925
1142 1301
1321 1382
791 1133
1409 1414
384 840
8 1377
1213 1239
780 1165
31 617
276 1095
42 1143
113 804
1146 1359
2 1422
275 355
301 427
287 1202
1096 1342
346 492
409 939
140 242
992 1193
251 1097
940 1375
304 1105
230 418
145 886
37 703
1229 1323
365 1198
305 1407
111 118
427 902
330 1067
188 540
82 709
813 1236
73 1330
210 1031
244 984
359 1223
898 999
550 727
317 914
181 1116
119 344
732 1007
767 1154
580 1257
239 593
411 427
766 882
202 1072
176 433
125 1119
778 1010
254 1344
465 795
1302 1400
721 1200
179 447
207 981
132 745
1111 1273
123 979
800 935
787 1205
496 980
455 583
275 310
728 1154
153 853
196 747
109 331
219 401
598 628
514 1351
811 1434
113 381
1310 1345
477 528
180 701
551 991
627 873
155 874
1069 1141
36 1369
177 801
3 726
590 702
610 1116
583 1290
24 69
1420 1428
335 591
243 759
1 500
499 566
365 426
569 863
606 1395
82 311
486 1346
670 948
258 1243
1155 1165
39 359
319 369
38 88
168 977
310 502
131 323
617 1243
543 984
924 1119
803 1197
519 836
1048 1370
149 1333
141 1398
904 1337
355 1108
1039 1124
777 1268
999 1045
319 721
954 999
754 1123
187 473
120 1247
329 405
1287 1437
19 64
46 1034
411 1231
417 718
221 1081
231 1211
508 760
79 698
57 114
500 1437
276 1053
154 872
106 683
731 1229
952 1277
1068 1351
858 1222
494 1410
1226 1237
569 1278
317 971
388 865
1277 1288
298 670
1194 1214
48 907
374 1429
254 1080
144 887
361 927
128 1185
944 1016
418 670
81 620
821 978
524 1332
122 1324
1098 1292
517 1372
70 1072
456 863
233 352
196 370
365 674
701 855
1029 1052
299 300
162 594
742 1052
1400 1411
621 752
12 215
49 306
775 1020
56 1196
589 628
157 928
620 1426
176 296
904 1358
959 975
968 1336
537 1050
45 720
482 1353
43 1031
6 1179
276 792
1254 1323
206 558
720 737
602 1344
49 1424
294 389
486 571
243 254
253 938
277 419
341 452
1366 1397
916 1437
37 933
395 414
494 937
719 1395
374 754
779 1301
110 1173
724 1271
105 1249
172 250
751 1309
1138 1263
97 1360
149 819
535 680
98 286
688 1331
1000 1348
1188 1359
764 1180
428 857
591 1306
340 1264
1377 1389
729 922
83 303
849 1150
26 212
552 1021
170 955
841 1423
58 362
1022 1404
794 1390
167 473
157 1421
450 682
498 856
137 971
199 265
909 1182
633 864
272 923
1141 1366
178 623
597 884
249 553
680 1089
906 1035
1318 1351
107 1382
387 699
346 461
646 1105
672 1306
857 877
992 1404
532 784
99 865
278 927
927 1331
361 1214
716 959
188 1344
123 1249
228 576
255 516
337 903
346 946
300 1295
400 402
263 350
571 885
244 424
255 303
422 1128
830 911
47 1060
183 1291
779 1259
353 1100
579 738
766 1411
538 1072
166 343
387 1081
77 783
704 1020
909 1211
746 1170
673 1403
106 742
223 1004
226 241
1023 1417
228 867
818 1101
747 1270
457 1186
117 931
864 1419
13 639
676 1091
875 1194
134 843
337 977
829 1395
1164 1368
243 606
558 1129
424 1242
327 663
268 981
193 668
879 1117
550 679
1190 1381
672 1245
1005 1321
929 1298
992 1213
334 1398
236 1319
216 410
767 1421
115 1337
335 1020
678 1126
306 372
248 476
425 1385
616 1071
164 983
322 1210
615 1341
40 166
116 741
414 814
624 1063
42 524
1093 1390
90 642
343 869
798 1314
265 1188
237 575
565 941
52 215
811 914
275 1147
58 67
156 275
459 999
959 1278
533 1168
336 889
135 825
219 1342
52 60
155 717
311 318
374 548
217 538
1022 1104
74 801
102 1394
422 1352
63 1253
404 1321
959 1193
93 560
156 627
242 374
600 1039
676 1044
606 741
30 823
456 1323
771 1030
416 547
297 428
99 1162
351 763
819 1055
579 1161
583 836
924 1391
142 1055
683 1415
997 1199
810 969
407 1427
1039 1369
570 965
789 1400
509 544
239 1119
276 282
369 533
517 649
170 446
729 1106
363 1389
545 929
471 650
106 1329
352 553
789 1411
471 909
731 1064
346 1283
894 1257
151 1060
46 308
275 1287
573 751
899 985
263 496
735 1122
212 659
273 479
800 1394
1029 1419
374 824
115 225
345 940
149 994
86 1125
185 887
77 125
368 410
363 879
437 1314
174 1379
598 666
10 790
337 865
449 859
299 1106
1027 1365
198 968
1021 1080
64 1335
834 997
222 1345
58 1202
387 790
552 982
337 952
344 811
274 1405
829 1242
247 895
1147 1406
56 874
264 864
506 1402
226 1243
168 279
210 254
399 1029
282 1191
874 984
992 1316
905 1301
784 1364
157 871
1290 1346
79 639
614 1169
440 1407
4 581
1115 1304
409 1102
710 1053
1160 1377
1194 1423
1328 1417
450 533
1060 1198
192 936
706 1009
118 779
556 615
95 1307
231 1007
674 1196
641 1397
983 1063
1101 1391
1091 1382
147 674
249 738
153 557
212 1262
319 573
1063 1158
171 412
413 1418
1032 1142
629 635
49 478
199 499
167 1398
86 666
948 1020
313 1023
251 1278
1088 1157
536 682
14 194
523 1070
32 88
552 1295
356 808
16 885
581 1062
51 380
550 1199
622 1363
148 650
668 1371
35 893
87 591
495 861
32 116
681 939
93 372
1127 1195
852 1176
85 253
319 427
327 1083
312 1310
61 1377
241 733
89 738
674 922
174 916
922 1401
598 1420
413 565
291 1329
660 996
622 1221
1070 1082
298 1068
37 437
763 820
230 963
645 732
790 1303
477 651
1144 1154
1343 1415
71 958
309 1351
618 1166
681 1187
447 1093
18 630
372 403
261 1185
88 1009
1101 1225
356 441
23 1162
12 495
421 631
34 1005
355 583
967 1273
842 1241
1280 1395
261 324
121 222
652 714
69 994
1000 1119
420 1228
32 1306
389 944
413 1049
185 524
27 1427
237 1345
813 833
92 293
526 625
52 1245
347 634
281 452
166 832
315 620
356 700
223 1185
82 1151
923 1024
714 909
1020 1091
733 1039
124 1158
382 911
599 1304
269 1417
765 904
469 695
22 1207
593 1150
30 1158
325 1019
958 1222
340 427
7 1077
730 1040
267 510
572 1106
816 990
527 935
1094 1359
598 1004
810 1439
443 1200
389 391
298 1059
226 324
530 1382
488 1348
366 1014
386 461
122 834
787 1283
640 1047
418 1024
76 1377
809 821
108 397
327 779
61 751
308 807
589 1272
1124 1367
926 1344
487 762
784 1312
430 1145
414 808
245 1408
870 1281
619 862
486 1188
198 1431
278 834
23 128
802 814
82 526
528 741
100 1330
188 375
173 927
32 1293
454 1115
46 182
185 1440
783 829
25 456
1325 1435
658 1322
191 877
576 981
841 970
294 1333
601 1321
649 1037
865 1265
973 1019
827 961
196 502
732 1216
199 549
1011 1154
318 473
745 1338
1021 1037
507 1159
423 1039
70 1145
701 764
1373 1439
1140 1191
1179 1284
467 977
598 1234
158 1232
300 554
364 1412
108 944
700 945
315 1008
584 1188
564 1367
26 78
877 893
600 1131
657 1050
140 786
620 757
21 1221
712 859
686 1254
230 675
975 988
725 1151
563 902
161 262
458 696
15 1143
335 989
448 743
163 455
77 80
48 1062
35 46
466 1105
274 907
144 508
624 1355
1042 1156
787 1057
355 418
288 1385
132 688
1146 1381
6 293
2 483
445 1078
1385 1421
2 315
411 1422
498 1316
705 1306
63 489
1070 1160
561 1430
119 293
680 1086
81 191
489 524
87 254
456 618
602 1267
385 1016
483 1295
90 975
682 1182
1044 1131
216 353
264 301
351 530
963 1197
355 1342
164 1144
208 1041
319 1209
1102 1404
395 1244
61 610
535 1206
259 721
392 1008
914 1394
111 547
1195 1328
88 387
718 1183
653 738
101 239
268 1128
850 1185
183 1322
553 1406
271 1132
322 1061
191 1201
133 1205
921 1152
1036 1215
186 429
557 1092
1220 1256
627 1001
607 649
221 1307
349 1083
15 648
413 1198
599 1331
608 1227
82 220
232 618
635 1237
1134 1145
190 231
1248 1418
1033 1080
536 767
212 1194
1036 1264
301 1373
485 1075
836 1215
732 882
22 1094
1183 1369
180 570
944 956
970 1202
140 667
414 739
793 913
1082 1222
136 1252
841 1103
353 1055
661 908
402 1267
233 646
256 467
277 1114
580 1110
296 729
863 939
176 1124
50 376
692 862
289 592
465 680
146 568
645 1108
292 712
4 163
55 253
318 1376
924 1077
600 1312
12 587
338 1411
243 828
957 1296
438 546
21 24
747 1294
1233 1293
1018 1396
1118 1271
842 862
204 440
652 1250
550 1364
195 1281
83 1090
222 1216
254 773
275 480
1054 1352
945 1294
361 1196
120 1261
178 1217
813 1033
662 1106
442 611
407 991
184 606
338 1304
931 1360
940 1100
608 920
480 1002
54 438
1024 1166
488 943
666 816
1349 1386
170 904
738 941
420 472
640 1191
281 910
784 1114
276 708
198 992
655 1179
356 539
457 827
392 479
304 425
122 1080
473 667
227 913
17 675
230 1374
782 856
371 1281
119 965
599 902
770 798
1124 1274
413 606
849 1163
258 725
1092 1229
88 873
327 1288
1229 1292
116 1284
424 974
682 1234
889 921
792 938
384 1017
475 1276
328 833
123 658
412 644
435 914
873 1391
1102 1125
541 734
536 785
853 1247
308 561
583 1334
127 858
157 557
471 720
54 555
414 467
320 764
343 662
116 755
1025 1168
5 598
492 1240
590 657
252 535
63 527
202 870
223 1160
25 1045
197 531
211 1346
260 1359
26 207
188 718
237 830
478 647
347 718
784 976
542 865
189 1045
594 608
136 1028
44 455
742 1242
463 556
980 1438
213 1301
636 944
644 725
141 538
300 1250
661 1157
132 986
648 854
672 846
458 566
258 826
394 1035
667 954
146 395
256 1360
675 701
536 1200
125 1264
92 1382
650 991
318 1401
299 601
872 876
144 304
326 582
511 1163
166 964
12 694
889 1247
1251 1279
234 1087
496 1219
413 1191
577 650
225 918
627 1017
18 758
1109 1312
177 1339
252 1212
500 625
948 977
357 651
708 710
458 689
534 1140
723 1088
777 1029
397 515
511 1006
907 1284
477 799
1035 1411
880 943
409 598
174 208
429 531
198 648
407 1144
537 1023
321 400
407 1031
91 1416
189 551
840 1184
81 1356
806 1191
277 562
1342 1431
300 1168
728 1391
510 884
402 1004
141 1002
819 1300
795 1122
731 968
150 725
529 1079
212 603
573 1191
116 395
1228 1239
394 496
144 374
507 921
142 369
1271 1341
351 412
592 1312
871 1074
143 499
705 808
646 1175
605 743
5 516
404 952
644 1124
124 1017
281 336
360 640
687 929
79 201
143 1366
428 1307
714 731
1129 1392
144 1368
26 264
506 896
60 1215
180 306
462 1350
262 777
487 1414
485 1266
30 124
238 1221
1015 1353
431 655
181 445
875 943
1360 1397
56 498
287 652
98 881
148 447
591 821
337 675
444 583
590 1395
630 951
568 709
866 1439
561 1327
327 351
394 907
497 1331
980 1432
558 845
692 722
303 697
1023 1436
849 1103
608 1323
52 654
504 981
15 311
240 373
946 1030
37 1014
258 1279
61 79
124 858
136 456
20 1151
1218 1314
103 1363
864 1179
852 1298
1144 1238
762 790
332 1193
508 781
138 1093
161 1059
402 999
674 1275
333 985
821 1212
476 1400
716 1248
101 1172
905 1100
1226 1237
295 1264
556 1006
591 1160
1305 1307
533 660
117 699
286 768
759 1409
488 1063
22 335
770 1298
580 797
688 785
971 1099
624 1058
1377 1412
434 498
491 999
84 906
313 544
131 396
722 966
92 1318
294 503
846 986
2 1303
67 1396
252 1389
927 1296
534 994
64 449
227 1178
793 1048
14 70
347 676
534 601
644 914
46 325
38 1006
989 1259
623 921
493 1083
1243 1318
572 1073
186 1195
378 1428
615 1099
520 1227
240 871
40 100
293 1222
243 382
137 746
23 977
658 1114
403 683
993 1018
107 136
1053 1103
707 982
324 539
412 476
97 197
537 995
468 469
732 1133
444 1363
751 796
1103 1232
94 571
189 596
30 1116
1034 1174
917 1326
954 1157
708 1338
339 626
417 1092
6 952
190 912
672 1258
428 849
410 1285
452 1134
346 533
85 250
460 1178
662 943
192 237
209 1209
7 345
14 1218
609 1200
373 964
681 1216
540 1190
756 846
791 1095
130 999
482 946
713 1320
333 641
318 1228
160 877
225 1283
1122 1135
98 563
21 816
97 983
275 429
483 1072
579 1170
775 851
214 525
331 693
456 1423
74 1200
1170 1236
118 902
401 1116
702 1351
555 592
845 1049
581 886
394 762
383 974
839 1149
731 774
255 840
37 1180
214 690
258 733
137 416
582 1186
251 630
326 1201
929 1214
251 354
38 271
841 1238
170 286
778 979
135 329
315 1036
951 958
884 1218
541 1273
440 1213
738 873
581 1430
59 259
103 718
968 1219
275 1211
1247 1343
201 1407
1034 1120
1080 1147
879 1296
84 973
12 620
111 679
117 1069
452 478
128 1267
557 1285
163 1057
380 1322
5 325
41 417
312 1365
90 136
697 1105
469 812
265 1309
615 1314
514 1051
159 200
1080 1362
399 984
592 1295
27 178
71 767
511 938
591 1187
1093 1310
506 788
484 1061
209 1170
805 1357
988 1182
32 898
466 732
783 1120
236 680
304 935
584 1425
1015 1363
637 707
1056 1420
771 1411
810 1355
441 1241
134 1017
110 972
592 1242
592 1383
998 1303
78 1337
60 985
579 587
778 1426
76 826
397 1276
194 1160
927 956
866 1067
203 1312
622 1055
532 773
942 968
278 1260
305 1402
395 1409
312 517
371 823
776 1082
926 1214
635 1049
187 1319
63 447
36 1383
1080 1364
344 559
407 458
235 538
98 1194
265 610
307 409
903 929
826 1361
174 1214
145 350
458 479
998 1269
111 230
921 1200
285 787
774 1340
621 927
76 825
247 1010
706 1287
277 1379
112 631
1144 1241
588 1045
60 1395
421 1005
476 517
710 1202
532 968
700 815
106 169
763 1170
34 388
36 947
109 356
365 1089
1029 1205
303 555
345 544
446 832
397 1170
353 1064
577 1052
148 722
90 506
564 1094
123 505
511 688
651 1125
88 133
410 458
757 946
863 1023
471 1000
391 947
102 1026
148 1101
740 1265
178 566
944 1065
240 1039
308 576
77 1064
931 1357
179 1092
523 1373
703 977
282 782
861 1275
15 889
218 1385
718 1285
402 1154
965 1440
267 677
34 966
105 343
1191 1322
283 1307
199 1011
678 1248
150 1069
526 711
274 287
199 469
193 678
131 135
780 1209
616 842
671 1334
133 1052
362 603
56 166
543 1010
763 1023
692 1012
235 946
1123 1384
702 1135
279 705
981 999
464 1270
130 827
367 438
3 957
992 1241
191 1260
470 976
191 1038
72 147
17 500
534 1340
602 903
632 1373
131 440
286 1095
565 906
351 1438
953 1365
1125 1317
287 1402
80 644
578 768
907 975
1054 1123
276 1079
846 1131
112 452
111 1308
413 471
593 891
735 1319
205 434
661 975
226 957
288 758
690 921
258 1180
698 759
19 458
1369 1406
163 1205
428 461
393 1401
523 771
680 1261
238 1063
1107 1363
136 876
207 422
210 1044
1130 1199
686 730
918 1387
1022 1144
943 1329
98 593
62 899
531 893
616 1173
532 1022
643 1033
20 302
491 685
68 1292
473 1196
587 1369
699 1294
810 1356
727 970
19 26
1072 1312
233 548
3 1154
395 1018
706 1351
498 797
294 1261
1145 1204
600 767
727 1144
474 906
66 1380
348 1369
600 1159
782 1342
343 713
559 1418
688 1232
302 362
547 1363
372 1141
544 1164
1154 1368
471 1134
299 1370
1141 1349
247 635
485 1222
10 337
287 356
3 1439
36 1412
261 936
33 812
82 191
246 453
1184 1302
98 1306
647 1415
239 1356
703 723
721 855
726 766
145 669
593 928
745 784
767 1313
357 784
511 643
734 1367
549 630
723 1044
161 1087
575 1436
451 697
29 108
814 1142
159 276
999 1086
55 936
359 1263
201 1078
959 1210
800 932
515 570
288 520
1090 1217
385 1164
120 284
147 480
296 1433
1310 1348
613 754
1240 1298
771 1235
929 1379
385 1435
400 962
674 1069
1110 1127
527 629
196 1143
400 1184
319 902
101 338
778 1082
551 640
122 347
562 638
234 603
555 1286
1070 1131
885 1290
364 1125
61 187
600 1354
440 550
1142 1316
434 773
872 1315
1383 1401
2 1084
435 1165
582 1178
195 1086
1021 1278
310 1277
279 574
523 681
196 1220
256 1130
202 527
66 301
1198 1431
301 305
352 1257
401 1426
470 1391
359 1163
72 1034
892 1163
1095 1389
466 1232
430 1147
159 1434
209 751
1238 1303
1006 1044
342 1082
872 1346
205 828
453 581
450 485
520 846
786 993
360 654
939 1218
139 213
522 1218
80 492
361 762
215 531
796 956
847 1329
1186 1218
119 844
193 539
14 82
87 1247
131 1163
86 705
640 1365
1018 1303
201 992
166 857
891 1133
1073 1419
916 1040
515 1242
778 1162
290 972
28 896
80 212
123 522
190 1359
430 1281
718 1244
727 1210
934 1409
47 880
165 1330
167 426
287 1058
223 823
469 1000
304 336
971 986
263 1398
374 788
85 1145
218 835
703 960
593 856
856 887
470 1118
151 1319
225 1275
505 744
74 819
457 660
414 1414
219 704
492 1291
868 1316
400 1414
80 803
249 1157
114 728
253 933
477 799
366 522
18 1274
1034 1276
319 1076
391 519
122 1336
580 802
819 1152
616 1139
866 1093
731 1185
1284 1416
869 969
76 1081
614 781
477 1123
1113 1284
239 494
599 866
596 787
932 1274
188 253
1133 1225
734 933
707 1270
1081 1371
396 1042
867 1219
917 1141
787 1322
700 1438
446 756
396 1001
282 530
59 980
481 1346
838 1096
737 1135
287 775
985 990
268 514
388 978
335 443
121 242
785 978
268 1072
300 1104
1063 1306
369 975
111 962
655 929
226 1372
538 735
4 1393
691 1097
365 1299
572 744
13 985
510 996
548 716
375 905
31 1406
393 1215
822 985
1096 1429
178 438
305 1041
540 865
253 966
984 1244
45 121
35 1135
34 1188
334 461
536 990
366 940
1130 1290
290 868
103 1298
926 1290
950 1193
1132 1156
177 281
43 248
843 889
307 413
148 1240
542 1063
640 979
47 1062
390 672
306 1345
4 1199
609 1412
224 593
334 631
281 1436
241 562
656 979
1118 1176
289 447
547 1202
13 898
300 1245
659 1436
138 319
1028 1076
493 1388
687 1254
161 887
124 545
356 562
920 1369
819 860
815 1072
389 1343
721 1310
635 1371
835 1096
946 989
139 1327
514 1202
137 903
667 1263
183 1017
614 1307
509 1036
229 1083
3 870
370 1298
577 583
182 1370
745 759
1050 1080
840 1428
642 1254
66 103
430 1125
226 666
546 1296
934 1416
448 881
620 772
346 1119
707 1059
241 275
326 673
239 657
311 1331
486 1344
922 1231
85 1000
289 1273
80 670
414 1210
762 1200
992 1180
487 1373
307 574
617 730
17 761
115 689
204 1208
1307 1409
195 1195
938 1338
878 1168
375 507
24 1273
70 789
223 1251
95 917
668 976
2 934
66 576
575 886
170 516
890 940
221 584
98 864
305 745
544 1124
208 1061
529 604
228 1317
223 573
478 1260
308 351
1193 1210
96 1214
700 1146
465 825
248 1106
698 1357
1077 1330
604 912
1155 1308
989 1105
242 1041
175 1296
179 260
183 747
69 1407
993 1308
959 1082
405 986
1213 1242
813 1094
280 1327
840 1048
243 591
193 199
35 835
311 1218
877 947
537 1438
290 408
30 634
326 1245
831 1396
503 637
35 613
17 898
188 329
77 702
771 992
329 1397
129 1058
124 1189
519 1072
117 247
1013 1436
542 833
989 1418
286 325
368 912
60 95
30 684
728 834
223 242
268 1428
1286 1348
121 1246
852 1003
410 587
251 1251
63 639
461 960
145 576
113 942
1158 1323
279 445
716 1282
445 1138
340 1087
972 1232
553 1422
500 810
562 1098
195 941
903 1116
454 1359
530 1051
546 660
333 748
503 1261
956 988
721 1409
1079 1095
57 816
795 1352
311 499
720 1312
194 336
430 1264
365 1013
119 418
199 257
20 999
653 658
315 998
776 822
700 725
729 1214
492 667
139 1328
774 1335
332 753
123 525
5 1390
152 447
297 1296
936 1121
376 1130
790 1207
150 1040
498 565
207 601
511 985
1208 1319
599 699
937 1388
1358 1391
21 909
895 1376
1099 1254
45 1397
643 702
461 1033
373 939
502 1047
148 1291
13 170
294 659
874 1233
274 679
192 513
624 853
1081 1118
88 1126
108 1224
1220 1266
562 1326
1070 1376
409 974
394 802
188 486
229 1381
96 1312
237 523
505 767
1008 1159
415 1053
743 1136
419 884
756 972
461 662
923 1228
688 1377
598 658
100 189
263 848
991 991
505 1328
609 741
386 571
600 788
165 240
1169 1355
1056 1339
738 875
500 1130
474 1260
722 1212
344 565
369 1016
8 195
437 447
269 275
195 747
970 1104
619 844
501 777
409 433
266 378
47 690
530 1175
596 661
813 1293
806 1367
594 1094
105 435
42 1021
205 920
200 763
619 1197
60 583
224 1335
588 751
651 1198
63 1097
578 1185
577 1382
303 1121
371 481
626 710
473 1391
90 1122
1013 1247
436 1110
740 1240
339 996
935 1329
278 417
286 361
495 1160
173 501
335 1250
717 1164
563 1065
414 604
712 1259
87 1264
202 276
278 1217
388 1017
596 980
458 505
383 1341
193 846
549 1273
264 795
348 685
164 1055
745 787
543 1002
401 920
96 868
361 950
849 992
401 1049
306 615
433 991
363 1169
368 1096
449 1192
236 1384
764 1439
796 1250
19 1041
517 725
235 1304
879 1187
532 778
708 1334
411 1165
562 958
403 1374
998 1267
325 1392
34 723
556 1038
755 1395
437 1419
38 146
623 1187
439 1087
377 1226
618 782
48 1117
567 913
156 1081
40 751
272 443
75 1066
428 1164
799 1367
974 1326
489 490
686 1256
576 578
332 507
6 707
454 1170
53 204
796 913
226 855
428 513
681 945
7 1185
150 1337
1159 1217
789 887
353 463
490 1403
18 1103
223 1145
213 481
663 808
1133 1327
148 1168
243 1279
299 770
129 760
248 541
1338 1392
124 199
1001 1148
249 1095
278 512
565 1104
204 1061
800 1300
235 236
573 759
281 666
548 1072
721 1158
928 1375
828 1113
210 835
549 693
188 521
216 795
482 722
616 802
726 965
1097 1357
549 572
69 755
405 1000
1183 1363
69 951
419 1176
511 1382
1054 1407
417 864
3 596
349 733
107 988
778 1046
312 1185
485 1021
423 663
29 1412
988 1369
602 753
909 1198
453 522
727 1336
1031 1173
306 916
80 1128
194 339
4 946
267 844
261 1384
559 1370
171 905
263 590
893 1401
539 872
829 891
170 391
477 1422
374 872
184 628
450 1355
199 1404
423 1302
1298 1437
451 1315
159 897
184 515
333 1369
817 832
110 428
162 1170
504 925
330 1230
166 485
1324 1361
623 1070
565 683
164 542
416 452
752 782
103 1047
460 778
843 1119
489 684
55 823
49 634
144 550
89 711
446 1202
1112 1260
693 1300
139 1169
150 672
349 953
50 1344
140 533
1149 1392
953 1214
746 1004
45 69
576 1276
24 1262
507 1248
279 454
765 1016
440 447
234 1082
910 1190
965 1347
834 1421
278 1054
681 1194
86 1355
246 339
161 778
135 495
744 995
271 1216
333 587
295 1220
353 1007
176 988
890 1434
355 619
190 1203
311 515
51 1293
428 970
487 1104
496 1060
10 1341
386 714
438 747
566 672
43 1318
595 748
60 742
297 1179
238 1151
923 1097
435 907
1139 1162
849 1118
154 645
919 1068
71 249
1038 1209
441 1439
393 628
237 1074
831 1215
1191 1240
218 528
756 906
813 1396
1064 1366
41 965
414 1235
627 1379
795 1373
279 1207
629 980
448 1057
276 1081
524 1208
213 1217
935 1034
705 1218
391 987
1159 1231
138 147
427 1271
92 638
411 1396
563 626
876 1368
154 1059
970 1226
456 1286
118 442
1120 1418
583 1011
342 793
327 1411
381 852
179 457
362 1327
1039 1220
836 836
212 543
274 444
585 1122
995 1219
397 520
442 470
922 1077
538 1023
549 813
879 1344
24 1243
93 167
71 455
919 1402
225 377
147 151
147 798
735 874
984 1032
349 1105
152 1221
642 724
37 581
577 953
158 1221
884 900
517 1108
1116 1372
345 979
544 885
219 664
161 1126
639 1419
164 714
531 1405
368 861
427 1187
657 1307
712 737
219 1087
9 1322
88 807
278 400
3 1120
487 903
176 477
662 1290
542 1181
358 1380
788 802
49 551
426 1128
1154 1167
275 848
805 1330
108 1041
557 1346
140 1421
315 1230
557 891
682 1178
105 137
588 1208
666 1208
371 1328
313 1345
309 686
848 958
457 609
1248 1265
192 839
303 850
740 803
82 748
248 1386
95 1378
190 1432
198 419
939 1430
442 1120
233 516
1370 1417
940 1140
624 805
24 203
687 849
271 1102
298 1419
868 1233
418 649
1349 1395
408 969
1207 1236
925 1276
778 1426
154 921
303 412
485 562
191 811
608 1321
146 1221
123 580
819 1377
329 685
438 944
222 470
666 900
114 537
429 600
486 1257
575 1146
356 674
323 1101
214 366
831 1381
102 770
518 1254
3 108
482 587
575 1173
239 1387
294 907
948 1413
116 773
524 699
944 1043
792 1042
211 609
202 975
469 894
195 629
406 1197
409 1194
385 462
542 602
814 1225
1182 1208
55 482
1098 1333
1319 1326
508 790
406 665
620 1440
757 1079
161 856
553 763
350 658
298 1228
1163 1292
425 1405
573 1411
403 1372
749 970
66 464
150 1280
1176 1418
611 661
370 541
114 786
462 797
586 1237
1162 1225
784 920
1232 1397
862 1152
506 627
534 708
49 664
73 1033
693 973
173 1440
1083 1440
548 1304
1110 1378
1305 1410
812 961
570 1360
600 801
543 1335
213 599
160 703
1093 1297
986 1265
344 811
229 1232
430 816
644 808
342 1335
623 992
490 1182
321 835
858 1299
482 1127
1104 1321
1132 1282
465 968
431 1195
267 1100
31 70
26 726
24 554
64 893
213 874
362 912
609 840
1181 1204
995 1120
499 956
252 556
228 750
185 850
650 1330
70 102
738 851
29 1319
250 779
1012 1087
404 981
106 325
561 747
21 263
241 1252
129 350
15 1176
46 1234
204 551
830 1180
936 1373
177 716
520 863
311 999
456 1440
261 527
953 1063
200 664
199 646
207 430
1180 1232
419 590
126 468
207 217
696 749
1249 1259
341 1413
354 467
524 1214
677 988
707 1096
349 866
1265 1393
379 1410
925 1312
487 1345
326 416
377 1251
538 568
1090 1180
518 713
686 777
119 572
840 1291
952 1034
60 440
657 944
813 1039
736 1389
576 1030
932 983
448 763
1383 1416
764 864
1251 1378
408 486
987 1112
915 934
173 1265
423 520
332 1276
1001 1127
81 1422
610 851
601 1316
360 761
1160 1273
222 1373
363 684
241 1106
612 841
233 1084
204 873
534 552
261 1399
785 1096
385 531
494 1216
323 916
592 927
366 704
721 1137
166 1273
624 976
235 664
1172 1344
1306 1435
293 899
73 1151
544 814
366 409
106 571
56 252
925 1081
79 434
1171 1249
611 915
467 848
850 1094
1011 1149
681 1252
482 901
76 1001
15 862
1163 1187
166 1093
485 1032
353 936
264 539
868 1189
990 1052
449 905
148 1166
46 652
52 1208
396 909
882 893
76 621
174 706
1 366
990 1329
775 858
260 911
697 946
227 816
661 1384
75 253
657 1061
444 598
838 1271
248 1078
756 997
908 1202
623 1218
783 1342
1049 1242
644 942
87 950
486 681
506 935
179 1264
1144 1360
218 809
190 1075
552 1009
937 1363
812 1148
113 498
979 1074
374 1418
302 605
441 1187
1170 1296
238 1036
729 875
488 1290
61 350
274 734
43 1080
843 1213
509 938
322 982
69 527
708 1301
243 1162
218 1085
270 419
871 1375
236 1246
728 1066
94 1270
615 1237
898 1148
347 766
59 399
902 1404
365 476
599 831
801 1281
749 1397
410 756
815 989
307 819
698 917
1306 1332
508 767
1253 1282
712 831
326 813
368 1052
491 925
31 808
304 1131
514 1286
515 887
444 877
450 1341
933 1296
784 1054
30 908
374 535
294 1200
553 723
530 963
891 1016
766 1178
65 1341
28 1198
561 1284
3 636
569 1376
911 1224
616 835
207 1030
381 1365
797 835
146 655
698 1377
776 1259
311 415
1141 1147
447 493
798 1379
1026 1166
772 819
173 719
870 1011
72 928
196 839
261 989
252 263
615 1243
612 1372
995 1082
73 1072
111 683
342 1159
569 1016
1237 1437
289 1153
765 887
416 623
66 916
193 1036
183 612
24 834
733 1398
55 1032
268 1041
474 1241
1018 1182
480 836
1011 1301
158 618
849 1150
589 1133
724 1240
865 1035
419 1127
208 915
630 775
4 1202
660 1036
701 1323
120 1211
57 184
420 1371
370 920
246 321
571 783
1260 1431
259 588
6 457
462 1385
960 1051
1192 1332
182 328
725 753
396 1094
779 1025
623 786
379 1413
235 752
414 423
131 484
523 1339
779 880
82 279
656 1197
685 1061
191 1180
360 717
35 1191
61 74
671 1351
438 668
484 968
696 1402
691 1193
537 561
237 296
24 399
387 1383
1127 1159
1213 1227
1069 1160
220 529
309 818
208 999
414 569
63 400
1141 1346
1236 1377
851 1255
565 1372
56 1020
153 712
752 797
547 806
378 591
826 1389
160 412
259 726
10 997
217 759
574 1349
470 1334
52 1087
650 1408
132 233
881 1387
108 561
1142 1167
773 1267
358 938
78 904
1200 1437
341 760
42 44
793 1040
160 233
510 1333
172 1275
400 1104
402 1337
666 840
265 1436
347 1338
752 773
186 850
588 706
237 1320
654 813
443 982
220 346
646 1160
582 1021
34 134
1251 1368
180 936
1016 1387
280 891
91 1336
264 510
167 1075
443 1268
790 939
586 1179
657 724
619 916
208 434
49 965
735 1082
40 250
131 510
413 1382
608 1273
82 811
684 1228
675 1163
810 1388
409 419
915 1148
1072 1147
679 972
831 988
533 1428
435 1370
1035 1163
661 965
261 992
373 1104
77 553
1300 1326
1064 1262
110 260
678 1105
879 1437
415 1355
471 876
134 153
1256 1260
341 634
194 793
592 876
673 1318
174 410
661 794
38 558
136 785
685 1222
233 1020
109 568
1114 1366
63 860
1110 1226
599 1121
963 1037
76 1420
196 236
990 1418
818 1309
495 854
657 1233
36 149
964 1427
100 224
991 1242
431 594
229 781
728 1418
48 1160
1040 1403
942 1227
204 1065
73 1024
140 728
220 945
671 1027
1065 1384
861 1328
590 989
284 372
75 999
316 448
565 1301
119 1415
893 1124
197 699
305 905
101 787
836 1291
324 462
27 528
58 283
922 1440
277 1161
1269 1388
243 1202
632 751
807 1216
639 1195
220 1332
1157 1396
275 483
8 26
306 690
776 1260
457 1230
389 1095
761 1025
42 414
957 1142
821 969
634 1383
1117 1168
173 1172
527 650
222 875
479 869
49 945
600 1400
274 427
455 837
183 864
407 1024
1326 1418
334 482
1080 1276
99 258
186 976
9 204
646 722
627 668
571 1306
93 1128
1202 1262
674 1041
53 1252
466 728
143 965
37 1318
1002 1341
19 856
443 1426
948 1234
800 1305
14 541
207 887
139 1156
826 835
44 355
536 761
1288 1343
215 258
486 693
580 1039
479 1294
45 150
473 1042
286 343
449 1042
23 1347
114 1079
76 1161
354 1317
43 184
427 1092
378 941
59 937
604 609
553 1038
654 1240
551 1252
194 949
372 1411
668 859
274 630
150 1273
970 1236
1258 1273
1141 1142
350 1335
1080 1412
295 1258
28 913
303 328
1067 1187
362 736
425 585
382 451
112 628
1153 1339
839 1393
542 1315
1213 1301
1224 1275
187 739
176 484
502 1089
942 1346
507 1276
209 1040
82 1434
239 1352
133 1148
912 951
970 1083
23 457
317 1428
590 953
203 1070
73 144
178 185
43 1412
616 832
155 320
51 1184
5 417
450 1270
147 427
572 816
598 1370
97 965
213 1314
325 362
816 865
1045 1386
431 911
271 1114
766 1261
282 1176
948 1001
426 816
186 515
905 1174
346 873
1036 1404
606 1129
146 168
315 475
475 629
3 1427
692 706
208 941
389 470
434 758
28 718
203 747
170 990
1323 1390
437 763
229 1119
1170 1238
1285 1286
570 646
626 937
541 878
33 35
841 1005
409 412
49 772
680 1170
47 907
53 1186
1200 1287
1084 1426
30 1307
195 1352
875 1295
143 755
1160 1187
550 1337
59 912
52 1240
394 846
354 1321
167 626
526 899
177 1184
826 1089
1287 1320
630 1038
412 456
334 577
661 1303
1193 1295
554 1393
255 989
735 953
579 933
202 1429
728 1047
1114 1386
918 1162
744 1163
189 201
1239 1320
693 712
1038 1343
127 988
783 1197
214 1072
548 1087
387 867
834 1392
47 1053
773 1371
452 502
36 227
239 1079
404 865
1265 1395
259 903
504 775
689 1021
995 1134
263 972
1183 1282
51 785
31 1300
350 1353
621 795
555 953
869 1124
154 431
194 215
206 474
247 454
240 530
207 313
159 976
87 427
293 518
600 1298
438 697
1266 1374
790 1330
625 989
1009 1437
170 1241
383 684
66 981
275 729
893 1125
535 990
437 1344
412 573
440 570
705 913
626 1418
178 1242
1302 1412
12 1328
1143 1299
1201 1275
895 1080
64 995
789 1334
238 304
56 1137
316 999
513 1315
71 1082
349 639
1248 1309
251 1242
285 1293
324 727
793 1357
830 1296
335 922
467 1173
410 696
1155 1264
974 1026
472 1005
663 1206
110 827
343 1275
185 185
328 1137
75 118
943 1198
503 970
1090 1272
806 830
236 1004
1172 1193
822 825
340 1303
377 1080
372 1218
982 1293
157 770
192 359
1094 1128
1168 1354
572 1179
4 445
379 1046
478 1162
642 1274
240 801
508 675
847 1224
282 1250
155 717
113 465
763 1100
296 365
148 939
1274 1337
216 1033
414 1395
123 1195
543 647
77 1379
99 395
892 1102
933 1308
67 661
146 1412
216 392
889 1263
325 524
123 287
206 1048
131 344
584 894
922 1093
618 1417
442 1172
347 659
625 694
143 1002
1386 1412
362 724
301 530
134 273
230 480
765 1233
739 1079
208 1158
3 230
891 1407
165 1008
439 1331
164 370
67 1098
992 1366
758 873
236 607
1088 1224
715 1387
18 1223
573 752
606 619
423 739
841 1422
629 853
1176 1416
459 897
756 1426
138 818
357 1333
333 484
344 445
226 1215
640 1303
167 350
622 1347
109 637
897 1332
776 939
881 1297
362 816
782 1193
767 1393
290 895
786 845
1128 1393
340 896
1116 1160
85 1355
855 862
1086 1131
677 1123
442 950
330 333
314 885
611 779
926 1203
551 1408
105 568
659 1085
807 864
668 1251
642 1022
692 819
12 1051
1033 1383
472 1381
9 1172
51 959
61 382
370 668
472 776
110 1193
1297 1401
68 1330
974 1290
498 644
1104 1401
117 846
939 1418
994 1427
34 619
834 1168
491 1326
14 936
649 1198
115 182
339 1371
1256 1274
180 1384
791 898
423 1336
371 1364
80 460
248 1228
929 1179
1112 1422
25 1203
830 1415
246 1315
605 639
584 775
351 825
199 777
918 1243
114 1014
432 820
674 1239
235 710
581 1421
613 1375
82 1321
401 1346
781 1113
462 675
296 1062
509 599
669 851
1003 1403
330 1213
1350 1392
24 1198
760 1142
157 609
86 893
48 1301
372 1119
708 1402
827 1107
536 782
267 298
735 919
538 983
224 267
388 611
74 799
106 176
223 514
403 1380
106 1074
1043 1224
545 1063
408 1042
62 1238
649 826
499 1091
424 567
371 757
61 1438
258 884
1219 1405
163 1165
542 624
82 945
139 1429
586 817
1138 1227
687 1206
126 1111
614 1251
1340 1353
256 384
411 1043
712 1370
57 701
620 758
188 796
259 347
82 1042
466 482
130 1300
580 599
310 1190
153 1008
107 392
165 816
227 287
12 724
764 1122
951 1415
949 1117
414 858
139 600
60 993
1012 1256
90 1246
1277 1434
102 365
733 879
33 457
529 1396
456 509
60 638
990 1010
696 1057
1032 1162
422 755
147 710
1038 1124
639 1344
94 912
183 1036
327 1227
305 492
390 1165
718 1243
377 943
589 719
423 625
290 811
194 565
392 1329
48 1021
968 1052
422 773
244 707
185 1156
429 1143
183 1134
27 1237
17 134
779 1055
982 1049
346 1012
164 445
1021 1263
345 567
833 1428
402 535
204 1073
180 726
954 1260
243 996
203 1201
1184 1376
839 1354
48 410
113 1387
321 987
831 836
730 797
537 1423
491 512
135 813
133 1082
156 1095
237 744
470 1016
714 1134
397 1073
336 1152
625 842
696 1412
612 908
768 914
104 824
404 737
447 1426
889 1138
397 1415
321 1157
601 1189
651 1426
181 1067
183 793
227 1188
1151 1339
431 1365
283 1180
488 1099
909 1239
1280 1408
26 505
182 608
1137 1430
277 1247
581 1170
1045 1410
669 1429
259 466
434 1180
251 415
434 543
91 312
477 966
323 1356
848 849
417 1307
581 1107
245 401
395 1185
404 1111
376 588
130 1276
720 1367
333 1335
461 965
270 967
16 437
212 594
232 427
156 487
207 499
795 1100
253 1404
643 734
490 987
302 330
372 793
458 518
719 1091
1074 1402
20 580
1025 1226
851 1089
67 593
693 927
605 1307
446 876
154 973
640 1353
523 715
319 528
1161 1262
162 576
324 797
39 739
870 1073
197 1436
37 753
277 768
435 1067
248 1116
760 962
892 1059
229 853
525 530
716 1183
142 1255
365 1387
69 707
463 837
135 1034
877 1127
820 1205
1388 1391
475 538
781 1339
88 229
580 954
170 637
193 408
60 976
53 308
103 1189
571 1433
207 262
282 934
206 865
1187 1326
172 507
923 1192
119 838
826 984
568 886
719 1103
875 900
415 812
1096 1433
581 1259
477 1187
584 814
292 604
170 644
211 1088
1091 1298
641 1031
344 989
284 1437
1083 1110
243 828
650 1400
208 1291
26 1171
758 1057
723 991
163 1122
103 322
675 1242
1305 1306
93 884
15 888
400 1296
718 1118
639 722
176 486
107 1122
778 1097
33 1331
842 1163
353 622
1000 1148
1226 1305
186 1415
1036 1312
115 1191
301 1409
301 809
508 1120
5 869
1247 1288
521 594
844 893
1179 1205
650 1216
505 1414
489 1241
559 615
428 492
867 994
12 1324
1130 1387
298 407
128 586
203 692
781 1233
673 846
203 1275
166 661
679 1096
66 1242
1310 1420
696 1231
833 908
1296 1390
395 1299
143 1115
1181 1424
659 1438
444 444
814 1177
990 1330
257 702
1001 1083
1199 1226
847 1382
695 837
369 1431
237 580
790 920
423 1183
1422 1429
1094 1327
472 914
251 977
1105 1364
433 1277
1136 1284
266 495
341 437
662 934
599 1331
208 430
289 1155
397 1143
1183 1237
323 1026
660 915
416 1418
1005 1057
624 672
30 1269
681 1110
487 587
958 1132
540 1373
37 577
621 1366
905 1158
170 636
170 612
429 1056
17 572
965 1273
19 354
62 705
998 1402
1194 1206
577 882
336 440
275 553
256 1333
528 694
370 750
446 1263
328 776
283 1244
110 838
381 571
1007 1071
478 977
407 954
49 478
421 930
598 1208
592 766
767 796
715 1387
365 877
741 841
656 1425
446 1048
501 757
472 1159
588 838
699 1255
929 1122
355 713
498 934
167 564
136 715
29 667
11 88
1107 1334
461 1438
408 1244
951 1091
134 771
133 1219
787 1366
392 544
472 1169
786 1132
657 1255
998 1077
1186 1381
105 312
421 1134
1008 1043
927 967
229 1109
20 1223
1086 1102
857 1013
732 806
268 1080
814 1201
579 661
41 862
165 1342
571 1291
311 1383
206 1060
740 1371
362 1019
243 740
507 1008
392 927
46 266
829 1389
566 567
1086 1367
54 1108
75 1217
268 998
1279 1359
376 583
44 982
202 1123
311 414
874 1298
744 1251
55 536
212 716
184 436
1083 1089
21 246
390 665
1082 1164
477 1126
261 401
466 1181
540 662
141 587
756 1426
899 1343
11 1330
950 1026
561 1224
648 947
624 1010
82 308
328 1248
297 876
1185 1380
439 844
47 1273
171 886
362 985
1076 1386
773 1341
661 1221
714 1053
990 1134
815 1221
219 598
937 1095
404 1167
683 957
45 872
114 889
450 650
112 1100
737 1270
996 1127
649 1370
409 1145
196 1391
610 837
521 952
725 1107
1172 1275
61 941
153 962
336 649
605 850
964 1139
138 633
74 1157
581 1073
171 555
322 883
260 774
82 569
697 1218
1236 1246
371 1291
818 1389
762 878
371 707
99 841
467 634
512 1196
56 1136
822 1047
200 1223
507 851
623 1144
289 323
130 1078
327 674
19 881
305 623
97 137
50 802
481 923
661 960
778 1033
149 1275
54 1251
590 953
167 1284
255 858
34 702
472 486
179 1210
1106 1190
140 532
210 246
932 1193
272 1089
729 956
458 815
241 705
821 940
292 1260
94 823
313 320
627 727
182 551
86 1202
263 591
56 709
290 432
1120 1365
777 897
65 218
388 1326
465 1427
1014 1220
591 1410
247 286
753 1292
130 1241
443 921
924 1067
1069 1155
727 1418
590 775
223 625
521 1272
1035 1158
28 850
263 675
295 1277
613 873
716 1153
933 1320
1110 1386
183 460
26 1408
1039 1168
603 1231
394 836
81 906
86 1230
626 1184
149 1027
463 572
163 364
249 1183
317 1007
810 1351
171 1021
619 1145
72 286
248 952
322 1386
704 1251
439 1030
205 693
856 1248
168 918
218 1357
731 1001
136 444
642 785
341 406
197 585
548 909
410 1383
134 866
241 1030
914 1251
175 1061
1055 1377
241 1344
933 1378
510 642
39 1273
145 1253
450 1075
66 469
988 1113
195 662
831 1042
485 652
299 1351
191 1423
19 1363
568 1056
79 911
297 647
406 1262
697 1417
75 955
139 1185
333 708
42 745
499 969
254 1409
475 760
900 1325
315 834
591 649
361 969
38 109
131 738
206 347
894 976
530 880
131 433
468 885
478 608
107 1286
308 781
126 1338
580 1004
93 403
660 1305
438 454
55 1058
266 689
67 508
23 450
834 1099
627 1285
858 1188
427 1409
258 886
193 957
919 1103
1066 1265
405 1375
506 658
246 876
372 1302
387 464
113 1266
740 1376
95 629
609 756
762 926
392 711
1065 1248
681 1054
29 933
197 1078
367 1326
285 1089
569 891
342 1168
122 1258
724 1229
455 1084
1131 1321
679 1363
223 567
860 1323
240 545
458 576
301 577
105 1069
239 1301
320 466
1227 1433
8 768
202 906
1015 1408
159 996
941 1034
16 132
113 1202
355 909
351 929
847 1258
109 1038
554 1047
214 1141
250 935
100 337
95 482
866 1225
698 1301
646 842
411 1266
660 804
496 1090
722 1288
152 403
450 723
203 670
487 1130
744 1393
319 789
601 1003
841 1359
595 1112
515 662
86 1040
858 1062
740 836
910 1168
260 452
1076 1274
200 1257
464 1154
211 1431
971 1373
901 1300
155 345
381 1100
416 1333
369 566
297 1193
517 774
311 1176
20 843
87 787
792 1185
598 1076
58 1218
402 1412
364 916
697 992
800 833
397 857
97 1283
703 911
982 1231
46 1218
533 1307
516 952
737 1190
322 1426
148 342
541 1013
371 484
89 166
803 837
727 1252
179 371
434 1178
1044 1315
776 1108
518 1389
90 1366
35 316
569 1054
838 1122
202 694
227 777
563 847
547 1039
832 1078
511 1308
577 684
980 1093
582 1156
550 691
85 1421
1248 1302
153 877
378 886
56 78
874 1391
245 650
767 1086
792 918
858 1093
52 643
1265 1365
830 1024
192 1226
602 1332
192 1363
291 1226
235 273
862 1000
731 1338
18 299
72 531
424 1412
335 502
620 1152
1195 1434
287 1415
342 398
256 288
126 950
62 584
420 1357
189 534
514 890
95 516
436 1191
442 914
320 900
278 356
338 712
307 1165
38 172
165 488
393 555
517 662
84 1396
1064 1094
641 710
49 547
572 1096
321 1150
388 1202
258 1423
1034 1338
199 548
628 1226
29 1025
413 649
176 1153
772 1113
179 1430
400 766
589 1316
35 43
182 487
674 839
148 170
304 1178
913 1175
409 850
141 785
44 1062
170 716
864 1032
505 1260
917 959
915 1067
220 557
339 1197
129 650
901 1030
75 1398
538 1292
107 950
17 677
515 981
527 733
226 1350
135 1061
135 232
694 1105
591 999
999 1356
756 1139
80 206
213 366
361 716
113 441
359 1223
15 1280
58 1282
1066 1434
174 231
1042 1368
199 232
667 1026
449 1248
18 1283
190 322
735 852
742 1220
480 988
334 1036
688 1276
639 1235
396 1402
341 407
149 1287
6 635
418 1289
228 613
899 1427
242 277
37 994
104 838
472 1432
312 976
48 160
58 849
201 1206
844 1015
46 1268
606 1436
352 875
494 858
1148 1253
788 800
1117 1157
1312 1363
348 465
151 828
321 776
569 671
19 1234
276 1149
318 646
648 1150
41 257
502 994
815 890
650 1267
215 545
553 639
480 1019
840 1375
139 962
717 1082
326 945
531 1192
671 764
261 675
928 1379
566 640
336 633
71 902
1000 1045
812 928
1091 1437
494 1097
279 1277
113 438
467 931
61 560
795 1030
425 1167
245 705
188 830
543 983
489 1073
989 1012
1178 1327
36 1079
1202 1359
1016 1169
1128 1420
530 774
7 223
467 510
313 1065
411 1144
74 1167
247 1116
422 789
341 847
89 581
131 968
981 1028
85 990
812 1150
484 1165
264 829
1110 1308
152 1413
101 456
574 698
469 984
219 778
285 951
729 1227
344 1099
45 1203
475 809
749 1343
368 1038
129 1149
639 1257
466 1000
210 367
545 1391
530 1204
127 491
429 881
726 1168
664 989
1126 1366
484 723
1154 1390
1005 1093
675 1320
111 227
762 1132
70 344
196 501
47 55
128 1193
752 1255
247 1009
137 1286
633 658
549 1394
122 632
46 622
231 278
149 666
65 169
136 667
237 1229
864 1310
1225 1346
137 860
43 955
455 872
715 798
114 940
317 853
468 975
892 1255
259 663
716 1173
669 718
1127 1164
19 1153
496 770
1217 1373
177 420
870 1389
911 1019
13 892
350 1270
381 1311
43 890
37 1308
1026 1118
615 1170
185 1435
513 636
641 930
10 1033
517 950
395 947
360 589
140 1001
717 954
465 1099
673 1247
961 1103
1134 1141
529 905
99 1146
33 950
24 907
191 282
999 1230
106 604
473 1192
741 1228
459 850
110 1078
889 1231
421 1384
52 307
7 392
234 830
491 1062
217 370
551 1021
394 520
729 780
48 171
240 1216
144 1421
966 1348
154 353
518 1107
160 896
889 1411
350 1041
658 922
685 1240
56 410
647 679
601 1162
866 1111
651 939
452 1118
149 1384
762 1044
929 1265
620 952
588 630
827 1164
74 682
861 1052
920 921
597 730
514 1384
466 974
1058 1313
887 911
341 1296
824 1346
990 1233
581 915
165 390
283 1050
510 524
1210 1224
521 565
1243 1434
443 959
868 1081
3 46
104 448
1252 1432
595 1403
159 1034
455 1353
433 684
209 410
503 994
429 1241
862 1176
256 732
151 1356
384 1244
218 308
1271 1391
810 944
785 1142
621 1121
214 997
113 1177
565 755
627 1106
176 1328
631 1119
189 1164
278 1395
543 803
781 921
72 314
114 376
748 806
1152 1273
1032 1368
298 391
4 613
62 224
225 1106
925 1327
812 1299
178 561
277 573
533 1301
208 503
63 205
564 730
1246 1356
398 1036
237 834
553 714
830 927
373 1122
1173 1394
385 478
123 1175
290 714
867 1420
1016 1035
980 1423
359 604
340 1423
342 1318
602 1391
214 544
1236 1256
230 347
862 1225
4 495
623 910
666 1349
280 290
668 1435
199 1027
680 920
681 1223
154 390
225 814
1135 1219
213 1302
185 365
134 1157
569 1172
579 1012
563 1225
5 1435
458 898
553 1058
909 920
624 658
500 510
683 1199
916 958
132 1133
128 258
79 279
1096 1417
911 923
860 1271
688 1025
65 354
910 1013
306 591
779 1360
401 909
596 958
1029 1107
299 965
973 1302
321 1166
500 549
108 448
306 1343
62 193
572 803
389 636
158 322
448 724
508 934
44 1087
935 1411
862 1066
492 650
188 872
315 1049
337 815
36 1126
786 1021
1200 1421
34 362
266 908
1086 1314
270 1369
119 1186
1304 1435
1000 1029
878 956
299 1390
1241 1306
1197 1341
743 923
99 702
7 55
212 1086
920 1197
531 562
440 494
277 1129
386 1042
232 923
158 462
323 1349
27 1105
145 1317
247 333
79 585
528 1052
362 969
530 622
219 418
977 1437
1014 1419
277 1292
516 646
194 620
784 1381
323 1352
342 699
907 1349
230 1328
131 1278
643 937
17 332
707 1333
888 1010
824 832
500 562
326 1109
661 747
96 464
368 796
677 983
1028 1165
605 663
128 1097
638 853
505 1145
819 1110
201 1424
406 1346
496 659
552 1163
486 771
998 1084
50 1314
340 651
787 1347
286 570
304 379
667 675
289 881
225 696
341 1237
31 1049
47 746
182 319
179 721
378 616
299 961
162 403
342 989
763 1240
177 1001
1020 1409
516 1152
157 958
77 1092
25 1195
328 495
810 848
556 1030
706 1360
300 441
9 1122
47 1092
272 1284
200 1415
95 818
106 476
135 1198
549 1201
328 1405
228 1157
647 819
748 1118
392 401
60 1171
256 943
460 923
964 1001
1123 1332
111 1224
332 1196
139 559
205 324
110 247
614 1396
80 208
490 585
593 1204
907 1403
783 835
628 813
209 1275
18 537
717 1335
811 1278
10 632
654 762
968 1083
668 1368
206 408
357 1312
562 971
676 1298
692 989
123 769
636 1228
683 850
21 446
560 1208
1213 1259
484 1050
1002 1071
965 1250
488 982
1229 1325
1020 1316
373 1218
937 1400
459 694
393 585
905 1261
404 747
283 1389
458 501
1033 1365
780 984
382 701
32 953
1199 1395
364 374
311 1244
498 1142
407 1426
212 298
1116 1329
688 1021
716 1036
479 487
1048 1225
721 1196
558 705
185 523
369 686
198 310
4 1241
3 596
787 1242
199 292
40 848
853 863
1348 1405
495 733
106 1000
119 194
332 338
329 1190
526 1179
535 1342
692 1223
153 997
575 583
395 1436
31 190
340 1086
81 1121
237 362
88 1306
309 478
352 750
209 1161
1012 1173
254 1059
16 783
705 1129
355 1209
1046 1153
438 463
650 1411
1254 1283
1116 1141
343 1253
112 253
1098 1426
687 1418
26 30
310 1098
310 1033
572 843
172 1038
441 562
373 819
355 811
1117 1375
365 418
392 593
1112 1240
10 267
36 476
524 1281
233 1141
332 750
902 907
99 1103
481 1314
590 1049
250 656
215 1368
1049 1208
896 1270
474 527
256 305
761 830
729 1202
13 254
543 644
861 1041
47 74
227 571
600 1092
1063 1312
460 791
1121 1229
72 1062
614 738
490 1121
681 1232
216 958
312 407
908 1164
104 924
736 1229
629 669
647 734
11 615
529 1231
996 1185
310 1334
532 1049
27 772
562 1223
107 799
564 1390
892 1227
172 515
234 1364
325 531
199 754
891 1245
186 359
528 954
503 721
569 765
24 1131
379 1419
288 747
480 888
96 1269
482 817
1021 1319
309 1304
1041 1271
46 791
320 577
443 819
403 928
366 964
896 1122
429 436
1038 1261
721 1440
1180 1272
62 252
29 1038
447 884
388 637
373 1195
570 1219
521 1206
565 1408
174 1376
565 1265
472 1323
542 1185
444 747
78 251
297 1192
164 513
900 1220
194 1209
1155 1425
131 459
127 295
1071 1180
1049 1055
395 758
942 1062
6 298
182 455
592 671
364 741
65 1313
20 1162
655 947
879 1252
638 1205
389 1163
773 1024
940 955
398 1272
42 1124
150 674
577 1391
563 805
790 887
320 1004
307 543
1113 1387
28 476
1025 1256
124 219
561 646
1286 1418
479 985
356 1310
1092 1373
785 1294
657 968
7 953
858 1111
692 713
302 859
14 1337
608 1352
1129 1261
302 979
906 1166
1175 1189
872 1141
68 1240
196 1170
538 1348
505 929
973 1114
550 1376
851 1043
401 1417
996 997
528 731
1077 1197
471 924
767 1338
721 1328
663 1139
500 1238
736 1316
1043 1115
34 488
485 744
161 749
910 1168
1260 1276
230 1201
325 339
313 689
38 1120
254 910
540 870
639 965
99 120
410 624
1254 1381
1152 1323
631 820
499 1279
552 1250
525 1182
880 1238
211 464
11 1374
394 600
851 949
28 1184
1053 1111
178 603
504 727
222 1292
567 1038
111 570
1006 1348
699 1008
347 1348
64 1018
529 573
772 939
591 741
153 1156
392 520
353 1320
65 1365
1121 1365
639 1247
961 1384
771 1399
40 327
165 530
615 1248
515 542
1025 1436
205 1420
363 1410
74 253
369 963
76 1380
101 708
735 1248
300 1070
231 551
869 1408
598 760
195 683
1012 1285
219 1207
147 279
350 904
384 585
188 593
234 1016
149 157
820 959
465 519
137 1410
718 1227
270 988
853 1374
618 1049
453 1136
112 545
507 696
72 304
537 1361
1124 1288
474 1354
940 1345
431 678
132 1107
202 1216
479 596
97 265
346 493
1037 1202
370 1142
550 1234
366 951
1176 1324
516 1410
475 801
554 839
6 1006
272 1057
550 1028
717 993
165 546
278 882
782 925
318 1317
600 1178
690 1205
1037 1256
178 838
824 933
327 849
900 1107
315 929
1150 1420
84 1334
865 1418
504 1240
604 927
1236 1317
1314 1392
910 966
256 1294
148 901
634 1369
752 905
71 799
1043 1424
556 1421
545 1081
469 1357
605 1413
306 826
1143 1436
1166 1178
557 621
661 1439
110 1353
287 290
480 1308
247 605
507 1106
110 326
117 317
1086 1376
57 1291
400 1316
768 1226
74 409
358 781
302 1142
244 1273
250 281
93 859
759 1121
1211 1280
456 1432
394 1303
456 1148
618 747
33 1009
540 1132
359 1340
580 1366
322 1194
1274 1431
264 675
826 1025
543 996
641 1178
2 1095
1142 1172
560 727
486 778
146 359
638 1223
197 1215
493 1108
35 222
87 492
165 871
546 1144
235 1326
200 901
63 503
1288 1343
447 676
28 224
409 465
194 1198
382 1008
276 961
505 538
1035 1138
438 1413
678 1346
1026 1298
808 876
225 352
46 1234
863 1440
805 1064
684 898
91 607
31 800
198 248
149 720
325 860
306 456
777 1320
345 499
474 517
1225 1291
631 746
51 475
198 477
813 1161
262 448
296 1365
210 432
37 73
98 1133
92 399
669 1353
425 1165
78 1424
1097 1207
369 623
381 842
1249 1395
580 1037
174 343
131 342
771 772
210 1280
11 214
295 1265
531 1286
558 775
196 389
337 846
896 1325
210 942
404 1030
243 937
469 1280
858 1285
601 1066
917 1179
65 1249
124 811
598 1208
422 505
246 1412
480 587
56 667
108 1358
1034 1067
72 1133
521 1245
537 938
299 859
161 337
275 1119
63 663
425 1400
67 1182
1224 1298
343 1066
236 329
403 1414
219 721
313 594
159 716
43 220
1 523
941 1131
681 852
912 964
878 995
302 746
335 517
588 833
624 1359
523 1329
506 535
222 1227
80 246
729 1067
263 1054
302 1012
14 27
261 351
1089 1210
598 822
97 271
569 1182
201 979
575 1101
509 546
348 398
1091 1105
406 708
1256 1291
267 866
1187 1433
433 544
1111 1285
486 913
241 1341
457 1043
63 1293
68 594
352 991
276 588
879 1066
158 402
532 1040
664 703
1055 1137
611 962
419 1347
718 778
265 770
349 636
829 883
89 910
1094 1354
276 430
781 880
527 1163
152 703
7 1396
62 215
575 666
359 1085
741 983
4 465
505 1333
282 458
83 484
464 1334
266 999
291 597
436 836
756 1310
867 1027
579 623
1281 1325
120 585
107 1025
195 770
846 1335
451 1426
625 1275
441 1360
1004 1422
92 1288
230 1317
26 718
170 867
1187 1405
229 591
74 731
446 827
403 564
201 1149
1154 1382
145 1196
265 389
594 841
387 1408
827 1181
226 1083
463 999
1176 1273
113 346
195 420
129 503
281 571
120 967
519 1122
210 625
1185 1396
43 287
928 1396
183 889
348 1065
464 576
1077 1357
282 701
40 1356
213 875
791 1219
608 1137
653 1178
163 1433
606 1096
837 1059
1158 1265
285 454
934 1416
24 917
161 647
411 1237
800 801
614 1303
1260 1331
78 1281
15 440
144 755
621 1157
159 747
255 393
485 903
976 1350
1341 1428
499 1189
558 1142
88 1154
496 1146
506 712
9 197
854 998
57 1195
44 1026
44 576
642 1101
765 916
15 1096
595 738
878 1185
509 614
512 1350
12 102
220 731
187 866
467 725
466 717
447 886
833 946
257 776
462 893
271 1262
79 651
370 1168
291 735
256 1172
307 1428
449 1190
423 1104
617 1095
712 1205
422 1245
286 1367
792 1365
133 688
933 1374
313 633
596 1024
10 186
468 1235
647 1355
240 1157
130 210
847 1336
962 1350
132 1360
594 830
99 1434
204 769
124 934
723 1007
183 244
904 1066
212 318
1054 1069
93 119
80 714
946 1159
1077 1395
425 585
898 1011
616 1245
65 543
121 627
425 474
1070 1398
734 941
20 622
28 632
338 594
188 1395
894 946
358 959
710 1319
638 1143
872 1421
1089 1106
926 944
309 1370
1235 1299
548 1140
316 1304
535 892
15 1243
1394 1432
201 762
136 182
49 343
193 785
315 683
1037 1175
7 441
893 1044
17 1355
771 869
524 1362
958 1377
36 1336
132 411
144 1286
637 1032
554 960
448 1420
294 570
20 529
949 1089
1054 1263
543 1127
693 1424
781 1302
1361 1420
95 1349
73 697
299 1133
246 762
2 79
1140 1268
162 1181
186 902
957 1390
460 1027
887 1392
50 995
851 1257
841 1346
829 862
782 852
491 1347
265 1180
989 1279
209 661
24 38
688 1064
436 643
138 760
221 604
145 721
498 918
538 888
221 269
1144 1383
799 996
28 559
797 1343
35 322
120 497
50 158
434 566
185 632
443 1078
951 1184
890 1113
37 323
289 1358
580 1119
43 71
198 702
593 758
906 1052
283 1197
1301 1312
474 578
499 1159
229 483
873 902
952 1308
475 1026
1061 1184
952 970
219 979
706 742
935 1179
1242 1364
486 734
571 1251
196 874
1230 1272
484 648
186 477
753 1102
726 1304
598 667
927 1289
816 907
395 1243
911 1148
746 1181
844 1232
407 1288
426 518
916 1342
69 952
478 1098
28 625
1137 1395
709 1138
21 1075
1090 1331
130 1209
36 438
35 810
418 970
905 1283
490 1207
361 608
464 1210
843 1395
644 1027
1 5
51 1410
345 536
72 856
13 1390
492 1390
389 1367
186 1155
4 618
201 215
410 1066
310 779
90 603
556 874
965 1377
662 1167
519 911
678 1263
840 1233
30 991
901 959
530 1271
34 1337
266 676
46 1422
354 390
808 897
317 1326
86 519
965 977
917 1332
746 861
26 1086
162 686
366 900
146 303
131 313
68 586
805 977
854 1308
1023 1380
88 1288
234 1237
479 905
998 1424
1251 1302
79 460
1083 1154
289 1309
749 788
545 1101
617 800
930 951
599 701
19 527
639 1331
101 324
785 1356
357 759
84 656
425 700
117 1424
707 1100
617 1397
511 555
75 797
270 376
449 718
157 320
609 1225
152 972
127 487
361 527
405 414
235 619
407 499
1274 1322
193 641
166 707
424 1211
1309 1326
749 814
470 1419
255 459
796 1272
432 588
605 961
458 942
64 1188
682 817
298 1117
500 1024
249 831
801 1407
570 767
206 886
949 982
33 196
75 1144
255 1393
103 654
62 398
171 594
823 1317
913 1205
177 1323
1111 1363
772 1330
907 1070
72 1233
49 789
256 393
666 1013
485 542
1232 1356
1001 1381
342 1000
325 975
633 843
611 1094
177 502
927 1105
879 1266
315 1239
858 1166
212 474
523 1178
112 753
884 1402
182 331
493 588
315 975
259 1108
574 1134
807 1435
94 538
1107 1361
163 1145
206 310
606 1108
155 1221
856 892
326 756
1146 1164
1178 1336
556 926
426 1128
241 509
218 1041
270 671
881 1247
792 827
1068 1225
37 735
584 895
175 480
159 254
181 1141
713 838
392 1282
647 1022
155 544
56 714
455 1229
55 226
651 1275
224 785
123 1215
343 1405
779 867
836 1290
159 497
201 838
582 742
282 1219
61 383
1046 1282
990 1152
311 558
789 1134
742 1317
367 1398
715 898
795 811
766 797
136 354
836 1032
510 1383
891 1354
997 1112
474 919
32 810
393 578
722 1291
529 693
192 947
1181 1182
175 1289
3 1135
324 951
586 1024
225 1407
285 1387
620 698
275 721
423 1154
694 802
174 488
679 712
31 76
4 701
969 1071
679 806
959 1077
454 596
520 1105
326 513
829 914
302 1069
50 648
389 1378
120 1233
214 1425
1121 1184
580 1415
100 851
1332 1356
835 1266
315 1299
183 630
552 613
474 570
160 762
54 680
28 1019
214 1041
1182 1349
192 826
226 245
126 960
180 1159
106 1079
1056 1356
215 653
1339 1414
769 918
264 1045
93 322
72 1194
648 770
266 1298
74 1032
294 542
1379 1427
1054 1213
974 1406
584 646
925 1006
87 668
287 420
73 1433
443 941
197 857
502 873
402 683
819 1378
104 1239
735 829
10 1226
90 1199
63 510
863 1425
452 1121
285 1044
344 1198
215 1429
308 1169
60 937
631 1093
1010 1058
576 906
675 1299
277 444
760 1058
1017 1381
341 677
216 511
179 494
116 215
320 553
344 564
141 329
466 1270
277 1009
334 486
121 1008
393 908
1212 1414
155 793
273 1191
886 1103
52 210
503 1141
880 1116
178 233
117 1055
181 1249
703 994
479 750
265 641
494 1098
81 402
40 1336
407 425
307 1224
1118 1274
805 1355
283 1310
431 843
639 1329
959 1259
401 602
212 393
518 1039
1042 1334
738 1272
775 1357
214 1394
388 497
732 1365
42 328
167 1035
901 1307
885 918
745 801
278 751
102 1239
658 839
304 723
82 474
613 1401
182 532
275 338
9 1282
489 1276
88 407
1026 1213
99 1065
7 1343
414 425
49 744
25 442
633 1233
151 1298
21 1145
593 635
712 1297
50 507
490 1083
462 647
979 1388
541 1192
473 636
192 753
867 1381
900 1439
399 914
839 900
112 883
543 870
771 941
193 1329
201 224
163 1379
413 739
85 167
561 1107
271 541
812 821
98 350
794 1430
1083 1110
62 1254
312 1432
816 1350
893 990
642 1254
379 802
778 790
1020 1193
17 814
371 1163
677 1231
805 1216
759 1296
534 893
63 1284
1225 1234
1094 1245
94 321
94 694
532 1402
311 1337
547 904
392 1440
30 522
452 983
289 782
497 707
417 1333
225 485
697 1270
209 1025
359 1103
262 271
1210 1226
641 1409
132 436
819 1149
22 399
329 986
678 800
254 669
126 1096
286 961
547 912
886 1170
351 1046
242 746
696 804
971 975
272 370
1116 1374
341 704
81 584
528 1142
644 1141
133 1259
1211 1370
749 890
565 1392
1317 1435
386 1343
308 641
333 831
813 888
472 872
372 915
771 1009
890 1412
167 1046
742 986
863 1409
249 906
746 1355
153 983
79 375
927 1436
41 815
126 824
686 1130
151 1290
32 1249
54 1136
553 1391
284 920
531 575
694 1124
146 1256
1128 1206
595 765
577 1198
127 607
99 307
374 870
277 1201
24 604
891 1261
566 984
970 1305
6 1385
510 619
696 1227
508 762
1019 1186
742 1268
235 1040
595 1066
396 679
539 1375
199 1356
77 1340
95 566
1120 1272
388 927
984 1044
224 666
231 364
544 913
793 1334
1203 1379
132 502
195 1035
83 358
224 752
756 1240
739 911
1073 1252
381 561
682 1172
681 975
316 776
544 685
329 357
212 1353
519 782
510 1424
106 589
189 299
331 912
385 926
126 266
82 1244
7 702
570 735
89 555
764 1014
727 1437
646 810
591 1331
878 1282
325 1331
44 734
49 848
17 529
92 986
987 1045
619 1223
1066 1217
192 252
444 1376
421 1274
453 952
121 1397
679 1165
679 752
251 742
541 875
699 1288
356 948
12 1331
503 918
641 932
338 450
817 1384
609 859
547 1336
282 996
899 1258
839 1257
566 1102
481 1035
1295 1429
442 1381
742 1271
792 1428
231 1399
930 1373
399 928
1309 1440
471 1299
681 1067
420 1264
932 1136
796 1109
433 852
240 1323
63 213
425 1432
928 1131
713 889
194 1293
289 1380
511 1429
283 298
699 1140
102 525
511 665
221 322
315 1099
73 290
775 797
634 1248
260 427
221 1393
614 1101
43 232
1246 1410
52 1071
728 1437
564 1018
41 1172
770 1398
684 1283
252 1070
475 1254
787 862
256 783
213 943
88 1234
167 1397
31 355
621 793
381 1258
406 943
1087 1336
133 224
1115 1361
282 1112
29 1138
279 308
157 1362
815 1404
1294 1327
165 324
48 691
12 347
1155 1439
820 1070
393 954
129 1153
133 1153
971 1415
734 1313
89 600
330 1063
744 959
1344 1421
358 550
769 1071
808 940
740 1143
92 1362
330 1083
137 958
872 1165
1157 1206
10 409
381 1422
19 863
485 1321
64 241
257 709
598 1411
98 322
513 1075
556 940
243 1223
177 773
117 879
307 442
808 1013
378 807
89 832
377 435
774 1195
301 508
226 298
1149 1268
992 1227
362 387
832 960
364 1305
1036 1414
909 1013
693 1028
311 1251
676 1301
438 1295
1139 1383
659 918
109 693
645 1224
139 585
70 362
464 1046
732 1365
971 1237
866 1114
123 170
622 759
98 475
1241 1354
259 757
41 561
765 1291
226 597
157 535
643 1413
967 1044
208 1292
607 1063
328 1269
108 281
410 743
67 1156
271 1150
413 1356
455 788
142 1279
67 272
1176 1428
523 987
401 1316
1108 1435
133 421
782 894
817 1015
220 238
171 1176
942 1335
844 1016
260 1139
1002 1239
395 544
275 581
1131 1370
1244 1426
826 1186
751 1101
674 1098
138 1206
177 1191
430 705
15 177
350 1160
259 1424
134 256
176 234
146 907
104 1158
899 1077
708 999
335 920
51 1389
895 1341
216 225
804 1389
579 1230
914 1040
520 816
586 812
152 545
311 521
304 669
218 1044
286 409
552 1134
593 1140
829 1116
591 1373
315 322
266 1327
1056 1193
1184 1361
480 1033
809 1156
1180 1210
30 492
363 840
139 789
373 987
701 861
683 815
1271 1383
1047 1245
283 1157
430 702
431 1222
829 1037
446 579
955 1320
308 974
92 140
360 444
168 924
196 1066
1357 1378
841 1185
342 1290
338 1044
30 1209
99 1356
224 1234
335 1048
48 1261
344 819
642 1066
134 767
134 1108
399 435
84 238
688 1216
497 1226
1009 1192
754 833
495 1163
229 1364
1414 1438
474 1028
486 1082
467 705
497 1161
966 1026
341 938
505 650
835 1016
982 1021
173 698
731 973
11 715
215 1114
811 1298
722 1200
658 788
1000 1295
692 1144
7 319
122 439
135 1432
63 1272
102 1261
241 1168
211 1328
303 1095
433 1050
576 1401
42 661
347 918
139 299
1041 1260
343 1195
29 904
333 1216
445 774
176 603
542 1124
922 1307
462 1176
531 596
633 967
355 822
724 1061
456 1286
160 998
136 1409
320 1111
371 800
383 1431
163 960
403 829
813 1174
710 762
302 1010
1150 1268
430 462
188 1033
469 1285
580 975
1036 1111
289 591
392 978
362 492
19 166
111 1104
47 486
142 857
364 1272
925 975
30 519
695 1354
348 933
312 1376
648 1428
621 1104
930 1399
853 1100
308 1102
372 1141
3 418
159 306
349 1189
334 802
207 413
596 944
468 1420
135 1176
464 1047
482 1337
352 416
263 1010
353 401
466 1339
131 1059
160 1039
27 617
833 1399
471 1277
30 86
742 808
770 1149
39 686
707 1087
723 1329
470 1229
1223 1435
823 1272
659 1377
73 900
193 590
212 1343
638 761
460 1428
236 1179
380 1398
543 1150
92 1205
969 1284
528 539
1199 1307
849 1028
1131 1298
833 859
908 953
1265 1342
755 1397
916 1192
39 314
763 1253
823 1068
875 1054
663 673
384 488
1076 1146
110 658
215 957
1298 1320
801 1055
194 957
50 797
653 1192
641 1394
824 900
388 1221
997 1179
803 1406
1320 1330
566 1290
546 1109
710 1106
1099 1372
19 1052
62 1285
714 768
188 471
737 1115
766 1147
307 888
631 914
382 1417
856 1231
866 1387
1304 1407
993 1109
399 1294
190 1394
896 991
550 633
67 724