1000
140 488
1420 987
447 1343
229 579
453 943
1312 717
802 915
1223 113
898 164
818 273
1128 1429
1276 1366
127 1313
277 123
764 180
559 574
312 1170
140 1408
1136 1217
403 869
451 361
684 429
558 821
1279 963
329 339
376 605
1232 789
510 1410
428 498
770 1266
651 226
660 975
554 416
157 364
693 549
944 1244
1315 568
690 1093
1012 1082
1251 632
1157 1267
41 577
726 855
1025 447
414 590
1164 939
1083 905
461 1020
162 574
890 84
704 1350
498 958
695 859
268 917
375 1000
1027 500
115 946
222 326
1319 1114
872 1357
918 1354
1219 1305
578 141
218 846
49 1211
1268 1327
1256 1269
1251 1198
754 1275
407 581
834 1101
900 153
1286 678
1089 884
886 889
762 578
1057 1251
405 88
131 1266
495 1094
718 1253
695 1274
752 570
142 61
867 128
516 336
664 931
536 544
785 342
1 90
423 189
954 805
179 689
198 495
1088 449
1036 1199
504 1189
625 320
9 938
908 1097
429 386
851 854
486 120
638 979
201 508
2 1045
492 876
796 961
210 65
250 9
566 693
1109 602
101 740
1162 1331
1138 312
239 1392
768 1375
819 274
1207 542
1378 822
101 1338
443 328
1234 402
255 867
81 886
315 469
1003 1272
946 1341
998 1313
123 660
1104 1111
1195 830
1265 73
877 911
570 44
568 854
74 144
316 702
818 435
1432 1020
236 1343
986 1188
568 387
737 10
3 535
586 645
841 578
1027 186
542 809
625 1063
195 1188
603 214
1239 1047
373 1387
34 46
1045 123
98 1300
1301 107
391 56
1152 1319
925 981
250 361
1091 1259
423 906
546 603
547 1248
177 528
603 911
182 622
635 410
887 1368
768 1053
700 559
1012 218
838 1252
516 785
1317 996
88 1231
733 1166
924 69
552 758
404 1268
1246 43
1434 864
880 530
909 1327
1023 203
588 132
1247 607
212 767
848 316
1034 53
551 1287
6 445
303 1073
1231 156
342 645
1139 1324
358 402
1173 708
184 1060
128 435
69 722
86 968
372 284
53 1363
1235 55
107 712
768 781
888 280
550 1283
721 341
113 8
607 470
478 823
796 65
331 182
410 453
791 968
1308 408
1263 101
461 78
444 193
1199 61
536 80
910 617
761 99
851 276
178 380
247 1368
611 948
758 386
1052 502
624 846
836 141
115 920
1072 557
689 83
208 717
1223 844
768 57
1064 1273
108 1086
493 734
168 995
164 101
661 420
188 782
403 856
832 760
572 597
65 1151
504 623
291 319
363 978
1410 1154
40 81
469 817
843 521
542 463
669 1021
1244 1212
513 1420
773 856
327 717
639 573
47 258
617 1162
1238 753
1248 83
1256 215
1413 461
23 1084
1276 890
780 758
562 1347
923 174
815 542
615 1080
87 191
919 364
261 1302
1164 106
1122 107
1362 1264
767 700
302 284
578 711
849 644
307 426
492 402
414 734
590 1351
10 1335
46 701
1281 1347
687 417
132 669
366 602
582 525
1025 1357
1294 897
714 1403
57 610
1440 348
934 662
913 1375
406 309
730 916
466 395
574 83
37 1057
688 1050
1333 844
38 6
623 875
725 586
1180 1136
652 1348
1262 506
879 1000
40 431
303 26
990 853
599 376
1331 258
734 255
1029 1112
1047 68
653 620
1158 323
21 3
1380 944
894 307
636 1161
221 955
78 966
517 482
1357 1038
332 746
1153 1125
348 1328
1003 796
1320 372
1304 842
251 700
958 374
796 282
336 28
1025 383
292 615
246 597
1006 1403
334 88
1333 665
907 546
237 80
1032 402
1070 1037
248 335
289 978
1428 1373
341 48
1105 179
361 1024
261 657
240 639
355 401
585 723
310 661
221 502
924 1238
365 1016
1411 386
1241 1220
1176 1082
724 915
327 1261
630 794
567 443
206 342
745 889
1181 350
776 911
909 802
93 863
1169 1242
156 1352
635 1008
1137 1351
855 40
1333 179
465 1009
488 1280
686 1373
1421 791
860 120
89 1193
875 603
791 1091
571 228
1084 630
107 305
861 58
1158 1392
1092 1080
244 391
1306 343
647 1172
1080 1234
334 619
917 539
12 1381
1329 351
507 111
190 940
574 201
1236 553
1287 1061
252 1104
525 582
397 405
386 805
98 429
166 837
983 1353
129 664
623 1022
275 745
793 455
980 788
551 1063
625 608
441 1246
1151 176
433 1042
830 1159
9 458
72 1077
1129 428
1254 1008
210 21
83 742
512 642
803 1073
522 390
274 1135
584 452
804 163
114 1168
439 527
773 837
1161 1129
594 1359
679 1406
179 1209
337 439
747 613
319 330
1071 180
271 1426
1035 914
1267 125
723 234
925 1229
139 875
595 39
594 859
436 102
239 386
1390 144
266 363
1079 412
635 353
812 590
1103 948
1092 1421
1129 1199
71 198
1152 21
1004 291
1177 947
658 1105
1328 351
1193 143
1352 852
729 1400
1074 641
338 1302
1090 708
402 263
622 1011
564 651
561 1099
457 357
1094 814
318 1203
378 1422
76 1127
1351 677
1035 225
172 647
305 997
833 1032
595 42
525 651
146 1173
606 523
384 49
1315 42
1351 202
923 527
1438 1143
1114 976
385 1313
189 415
483 1432
885 219
756 853
200 725
1303 513
346 1329
308 739
1045 514
508 87
983 918
197 175
523 1034
395 820
624 130
1359 16
874 1095
280 821
73 453
1358 831
565 999
294 356
699 1000
1080 709
160 1080
1146 130
113 1259
1253 13
198 827
654 1310
1193 452
509 299
290 405
1145 591
948 811
1073 1338
1248 565
1437 288
293 495
1186 891
828 418
237 849
1403 1351
611 1440
23 195
811 212
529 692
1286 908
1320 301
744 92
1431 366
164 1130
489 513
446 938
926 1200
150 875
752 1375
135 170
737 90
1403 151
1177 305
780 430
1133 392
104 12
92 1111
491 666
65 328
1348 258
333 68
116 290
1243 460
1221 1080
198 981
977 106
904 1235
978 1181
858 201
1193 1201
680 1375
1357 988
267 223
358 23
594 837
372 113
243 587
572 1074
1181 352
485 1337
80 1408
839 1385
1340 85
657 1062
1254 1202
897 401
993 952
117 1213
1424 1251
706 825
621 142
1196 989
1359 310
810 1079
437 451
847 71
605 349
325 1394
433 507
139 512
1257 178
1296 306
619 976
1343 799
171 1363
722 947
479 401
1060 1012
125 1251
416 1207
652 683
694 1348
1368 487
1132 809
1247 1143
993 803
710 1308
157 207
1277 1282
506 720
1033 283
473 115
1154 1082
1100 394
1367 524
918 926
1141 663
985 790
1092 126
1416 505
1376 510
1187 167
1237 1299
152 545
1424 890
418 560
1119 20
97 975
284 1226
740 1292
1350 510
1059 229
1278 124
1418 167
609 67
1186 569
627 253
466 651
586 1041
584 21
991 874
694 295
1154 342
839 751
1061 757
10 869
718 210
970 321
737 1082
732 978
66 913
351 1085
1348 518
1049 36
702 318
729 831
134 980
1162 1273
402 219
1229 946
1436 838
1274 210
966 1006
1329 303
441 67
702 395
1042 732
684 1093
1121 1209
335 1344
375 481
1350 269
101 1091
546 1074
66 50
54 264
942 1256
480 1061
275 377
93 1331
963 794
70 399
909 996
298 913
587 722
1398 617
168 323
1182 1157
96 1085
1263 1238
83 1045
1196 590
293 1164
219 833
1279 552
553 748
1195 560
694 275
1146 624
52 503
1326 891
723 136
1202 1341
1021 1338
145 1396
1185 618
1382 1074
512 174
1346 746
763 1353
278 1249
1308 1062
989 763
1145 887
831 871
993 676
1024 1194
536 601
751 1272
935 568
372 356
1365 1
585 330
922 1383
428 693
87 1410
314 146
914 1087
332 919
95 3
598 1201
408 201
487 608
169 732
82 845
810 336
456 317
31 870
251 1030
158 1409
1329 218
958 1298
604 47
746 401
685 283
767 482
34 1010
427 15
805 851
548 1207
38 104
300 969
168 659
390 912
749 1310
147 1135
41 1197
1305 780
1149 249
66 694
116 1354
316 1072
884 641
432 962
1430 210
170 1348
17 1225
1153 838
1139 882
662 307
850 372
940 1287
459 1025
540 140
1184 1376
1351 1394
488 1407
199 956
1037 955
894 1164
1324 1143
238 1347
460 1
14 1165
635 1252
302 1229
1238 102
63 295
131 309
242 115
886 958
1216 1011
854 327
1294 41
11 1376
125 1383
1188 574
1084 438
62 117
844 11
178 675
484 908
698 704
371 703
965 1413
905 1294
40 1076
131 514
801 1440
717 171
407 802
1010 196
617 576
365 1112
223 1307
1244 1360
433 464
690 1411
470 693
1258 1052
1051 206
1186 1391
1008 1006
1198 1021
399 137
99 269
416 694
802 1402
1090 768
721 838
342 939
400 573
557 715
1440 791
805 1419
1222 750
473 92
764 317
895 1383
1113 1043
878 480
1064 165
300 17
219 316
298 375
948 269
845 830
359 1239
116 1179
1420 178
546 429
141 1338
798 1203
25 1339
575 362
1230 503
632 922
957 269
175 239
1074 1410
83 899
214 264
1079 1325
1354 828
751 191
400 50
552 1277
1136 568
1404 549
577 603
593 886
1122 23
1239 1039
1190 337
490 1360
786 1332
74 964
994 1249
1315 1006
1104 412
540 887
138 1168
1067 111
687 981
87 388
228 851
515 85
1416 1130
1263 149
1030 187
1314 1038
1237 242
1320 220
803 938
632 1166
1105 485
798 1408
1277 791
517 241
1004 996
464 1167
1342 310
561 1379
733 910
521 2
1359 576
833 225
1175 369
983 1066
1099 104
1279 382
6 72
994 774
880 901
1108 111
91 1111
1056 577
850 530
1258 1151
1200 1359
1172 611
422 598
409 219
1063 1412
40 1439
1164 530
258 524
550 969
181 1220
79 1145
471 1046
1350 318
1276 1337
627 1218
246 1222
413 1091
715 745
915 1329
399 916
895 1367
180 234
617 1431
839 504
222 146
1414 1153
1323 1262
740 1027
450 28
309 439
1121 238
1191 1370
493 1412
510 88
1390 585
547 746
1022 850
1304 26
667 840
239 480
974 230
1110 544
666 85
289 1359
635 78
1028 1141
910 452
361 702