1,6108246945692226	2,1474116218456714
2,2070253230610164	2,3649456164612475
2,1768551130450033	3,4285338178361764
1,4971383135937266	2,5705750058501455
1,4899645680760372	3,4424540963453696
1,9067105931073844	2,0115312930581424
2,111632262284067	3,4584149948639165
1,0790837158118212	2,4710271856472903
3,066959618917765	3,5247112053871916
1,8122135687364114	4,174403268640363
3,119151345814251	3,3723636054496957
1,3322777631612412	2,2379186529842676
2,2239514640715066	2,4506024978422984
1,829664932665081	1,5183984034929072
2,3422279046677295	2,444088481972273
2,129989001487647	1,9788175468582583
2,5295756764234727	1,7301581230173362
2,428050643812157	4,112997279502718
1,84620399135071	4,033837681502425
1,1095895629248282	3,4802410048262824
2,4058407866352938	3,557889331201377
1,4870267983933734	2,252893239899433
2,8124588396775825	2,2377132844208214
2,931976896511225	3,60902158368038
2,4583025995133516	3,0956985556409293
2,945131049192095	3,2863635257985564
3,0481138173704863	3,8674138480503046
1,2476656733902212	1,8786835194466538
1,2911559012271145	4,1919256617295
2,6010447521786535	2,3470062583741704
2,119432706475301	4,021895207791256
0,8744861672443656	3,373507246315149
2,226328017728966	1,894183774164721
1,0564756852307413	3,6133344419050237
1,7795333085180305	2,32057920221264
0,8288918358945492	2,654294464267896
3,021155937354587	1,9905001263745934
1,6881067901367222	3,3356126583949415
1,2082665106031527	4,220692110698943
1,8873497828032926	2,5556347881957446
2,014376111947345	1,9227113607728852
1,594728583782195	2,5432648161344216
2,0297415737759525	2,2606348492484134
1,4954763256283294	1,6301096606910035
2,7326929016066095	4,1476948853068185
2,170652679477127	3,6746725760925547
2,5885717121327643	2,0377789937649866
2,0986127918499857	3,097669867905172
1,683331315425474	2,79097251924816
1,4385350815794102	2,287350360188534
2,7492918292114275	4,080310321260907
2,6343176763835916	3,8643463797904714
2,454890178188064	3,9217999167079824
2,439163325485334	1,9119949783127799
2,4684557678008967	3,581979216275067
2,722088408035413	1,9765004004516324
2,263493728323594	3,660139323985786
0,9327507475092309	2,7390006188699996
0,8343348566253035	3,2290298700651876
0,7665110621477669	3,1777703217464195
3,2782733373831143	3,36224014540392
3,494770086039898	3,092677865934509
3,212135978227429	2,8343082838772324
2,2909338073672934	4,465665340138895
2,322406958610014	4,316088681088411
2,929063469455389	2,934458844633383
3,0227217955436694	3,951300215496413
1,2972065061293638	3,971179708079917
0,8214035381312279	2,9625713755178578
0,8922332284995067	3,9094843317010253
1,378313765338306	2,8568505277138465
0,5184433081302244	2,9946055964283107
2,4156224811830076	2,3098703030032777
1,3173563227322056	3,0468231378223933
3,4737388929287496	3,0697142778896214
0,6801411665813928	2,478111224371264
2,2582385805637357	3,633825710777586
2,0987670544429715	3,665803627001772
2,7171079640729374	3,901939212040797
1,858389540031418	2,8926153466962843
3,066878415297289	2,365175332591013
2,6905889109415413	3,8461027478199057
1,6568016236723622	2,7533900941831497
0,8987638819837913	2,272655489330031
1,4578732450793608	2,448456984706922
1,3600223933231628	1,810819241259369
1,5412072935977799	2,4621895651107804
2,6612760916726317	1,9952087178556603
2,797605876137654	2,7561555906851787
2,2558782058793363	3,7703964147456075
2,650936067733698	2,9608021469127
1,641708441545011	1,708782445162621
3,041605693682072	2,1148027021597837
2,0650429883141728	1,6710864199537936
2,737098001052229	3,950583678982857
3,1882787430056676	2,2140206880338438
2,035974826017894	2,6399370130603916
2,235402344810181	4,126697530467297
0,7951768376365413	3,6960042184708075
1,09009161818962	3,26086196049558
1,487226028029628	4,36717133550961
1,362393834118448	1,998134197423004
2,1744883214934334	3,1112396290601585
2,4800760901463956	3,556710759760246
2,9713942831925175	2,7800086256047494
1,3876037745495127	4,224246000638727
3,065170156171866	3,934859197581398
0,7775508967635845	3,62453754206496
2,090965223044768	3,63389780632278
2,0051533986854824	1,632718735712443
1,5257485540352145	2,7749742678655314
2,019244230992096	1,591767446608511
2,6551144339583246	2,38904823989921
2,138233033850582	2,239666000705575
1,1872878645294809	3,255447474428095
1,1129042152608166	2,6305956197668046
1,9068094874022392	1,5684075431870093
1,8630547121792733	1,906607962975282
1,4024883549296767	3,9570857531159174
2,698901853525126	3,460314099007848
2,6228606369396497	2,213200515011826
3,3669528902549573	3,0815584880656353
1,3046331362415167	3,458171680880297
3,144196162982589	2,2704946788138987
1,846279684658561	2,711368392127266
1,063620591890861	2,6756127198035036
2,6721333802947287	3,3260916708776422
1,7409233269618978	4,1311608423316954
3,0622055335552827	2,90558364807493
1,9850023991461931	3,1278208720991443
1,995610036348409	1,7211162551654364
1,104251195247411	1,9475624721381306
2,942367804519342	3,94006707282828
0,5473625611717046	2,9284941641033475
2,1090126466756907	2,0180920698692404
1,3762704007711346	2,9839968309710745
1,994438322953184	2,2119272932625926
1,8790486488472016	1,6568756463347831
0,9902745953377978	3,9031417014570495
1,5345793780196737	2,890370999454171
3,317780472456447	3,010578440990935
1,0667190635761221	2,1321535707871364
1,2942254606483394	4,234119647760839
1,2339010889481905	2,533579333885373
2,8166727586726603	4,142980231280678
2,4804245796841524	2,9700517406674716
0,8462247488191963	3,2541818824398048
2,3165804359096116	2,027743231730973
1,8527115625096324	2,2264400641116104
3,0227626949770627	3,1572394211410275
1,1986864686540097	3,531267335642453
2,0088899302409224	3,751217003742269
1,6039481132830462	3,0950882474145276
2,757909073598562	1,996654409794844
1,4120588929465634	2,4582700225064076
2,446419232296653	3,997131987425055
0,7720071474894168	3,266361563028242
1,1175253806079901	2,795304780154969
0,9648385429839659	2,3034411458901554
0,9043261533414066	2,2899048074533184
2,8422027447607188	3,3659775789713997
2,937745146911216	3,062275868550507
2,5723142947840234	1,7527759370603477
0,9906267017561199	3,032372018442085
1,018498822384318	3,004630967144037
1,251105110563969	1,9782867420256205
0,5703284046672135	3,2432678664661916
2,7320779349235154	3,4206782633174493
1,9677907828147116	3,1004300036027272
2,910413714421039	3,792966516135099
2,4805007402493455	2,201379591790217
0,7472804817772853	3,5610931851742773
3,2911230116561008	2,921280530535263
2,1658303150486056	3,882004977420522
2,0200041650157785	1,7051642681155323
3,2850229200276297	3,0225726673468976
2,5307629384471935	4,133404591236449
1,9349052883093312	3,845670825491905
3,2793609231599357	2,912073707638495
2,640156440604702	2,851097347911629
1,6366750084801864	2,771759656409237
2,879418354400122	3,2406654852375283
2,3449600268207593	4,452435727539033
1,1900748436225712	2,288922322430014
2,763445224435194	3,5547759688185083
1,2477137201953572	3,893839517063297
2,8334553633510557	3,762131297157273
2,4501668300783983	2,108604710368113
2,879263076113074	2,702735866281283
1,2668066083647718	3,9444039283093293
2,614140874484681	3,745646344337796
1,5995024363730084	2,9868464909518715
2,2095071350461666	3,992789455695026
1,0080871597754029	3,7680218804976784
0,8323260062340412	3,8019652628893503
0,7783316978531301	3,8158670376379917
0,7757612265350788	2,8048304021654507
1,3985413354624487	4,318517806511394
3,0784331488522914	2,447488001242408
1,6099958911119854	2,465752276815474
3,049674021890598	2,0304706010707108
0,6671821333018728	3,2140754816406165
0,7161669322420381	2,3340064501688205
2,111741370569635	2,052003902562109
2,067896992115113	2,478476298421384
1,2755780134099535	3,4108456404928145
1,6776325537701706	3,1374804267257352
2,15691627776307	1,797644661366696
2,698020698973247	2,72536662944054
2,498188581146494	2,675653707852843
2,507139971165894	2,9693744770185546
2,122238795908291	4,438133587530347
1,0294283508765756	2,9358097532105245
1,206861763380861	1,8214961631674267
3,1368654640026286	3,2016729378293185
2,8797818586678083	4,141301520306944
2,2101365949027114	2,1295999738478493
0,5515253587779847	3,157175086953227
2,683696354037465	2,4121820986541573
1,9107498277699506	3,200826624110803
1,0193856053586239	3,542301037684413
1,3797762941154077	3,646077780233857
2,6652796986222147	4,175596149998325
0,6002409038391441	2,5289528604747327
2,1240370004825015	2,301737264697924
1,2934005342445793	3,511011470533208
2,622600352547561	3,572207540104258
1,0044248955063182	3,9546939870630116
2,923160250566036	2,627972920887754
0,6286220513713263	2,7000458269026693
2,34747527561184	2,6318071660105433
1,4645278003656803	3,7961388365412887
1,0983096197791073	3,049033642922096
1,507135414935251	1,6676652484995886
2,546553630828198	2,869454411148423
3,104765983328978	3,150785157978158
2,8531327696200637	2,185472307819195
1,4872034080787815	3,181381684913948
1,8845580799221635	1,9106216142131274
2,5337106556648825	2,4989610009461938
1,8972312628092372	2,677549785566284
1,5311124860465768	3,1833900838789346
2,4280366585974167	3,7381368123095426
0,8948467808082587	2,231322636912823
2,3367289613241704	3,888012554073529
1,6675516599597004	3,731393649558897
2,3188363917773334	2,10517983907298
0,8921258597740966	3,4634485634398158
3,2307991159820495	3,712151370688294
2,381092222319756	2,8723761547805724
1,6720238648929378	1,973881260478479
1,4351353790137327	2,215791150989287
0,6473598373907106	2,9928447289966194
2,705933129779354	3,7389190204773906
0,5752737538512198	3,1314793988803604
2,792129854701782	3,5871374649062195
3,4063120462531566	3,139060095881424
3,1292905801636435	2,3813771050747192
2,8145081115342103	2,5151319261897385
1,562731771945716	1,5720748463060046
1,6972363556188408	1,7750359932119157
1,3158400231654275	2,348637150649311
2,83645937884475	2,063551964265103
2,2569362641505073	3,6912535329502276
2,5233141165246353	2,9812402485937435
3,3168541717723645	3,199791059190019
2,1419242658608186	2,629342517611588
1,9166628826592873	2,503766023995148
2,2977712732337148	4,465369236519811
1,7420134498842637	1,84546316076096
2,9909107057678437	2,182194181479867
2,3997178455783423	3,212568065255706
2,191613346913386	3,917997130420901
1,606459073298346	2,4868919138558625
1,7722584833917319	4,407402932573609
1,3118235637297344	1,874554800050339
2,6507639390214233	3,289248050804014
2,1037610220387317	3,0097524279836483
1,7735698150895816	2,985341327800505
0,6204754805748482	2,6559499894084313
2,3759677267524015	3,1207146279068785
1,8170699319273296	3,180749291209626
3,0999649225962154	3,589606505127579
1,717579107230625	4,4390701316443
2,2377076067528656	3,729417353220158
2,191456180015674	4,113819468335039
2,2577211643205	1,880974930072821
2,042315033603805	1,72477942205293
1,1174278735519092	4,130326680503438
2,226641931805542	4,206133948747493
1,2869674894362122	4,236740555932335
1,6787149492480238	1,697548743636406
0,9275077428300282	3,3989975207129226
1,2725694776636989	3,4202627771677054
2,3940615217663916	2,668964642646936
1,6946002017214317	3,184171164457954
2,259241914658697	1,5945981690528026
1,0786090236077892	3,492850829249189
2,050778804026109	1,9565488356588705
2,126162612248697	1,6416741513612017
1,6773175312866768	4,2050275677302835
2,3919201170537407	2,9889669634155482
3,3026859209588375	2,6675582393134403
1,5696925486740794	1,7144700697102369
2,0620913004665415	2,539606628767503
2,6599000071296737	3,8423239565966187
2,6373812298230424	4,31084396712623
0,6436060682296942	3,2958068714194244
3,3803656046464505	2,749997809008235
1,8008177237458578	1,6279653470038622
1,506056186609873	3,2870050123662384
2,4772006414323955	2,5172283871965435
2,2698750974791913	2,748704105819225
0,7482353813237768	3,020297001408157
2,7805048669117896	2,2835450675282694
3,341321098897957	2,5427839262853196
1,9311673544118937	2,5483447195279028
0,9343584757611112	3,2960493970241376
1,7268775775038216	3,061245782450711
2,5893924394382846	2,944536743331675
3,1994968742560994	3,4407484813171343
2,3480308033526223	3,6594952034662076
2,5071210737028773	1,9632679100842654
2,4584754061291973	2,687793333103638
1,630817408615138	3,295359271991084
1,333953679791861	4,166678572583843
0,8627551513314904	3,503382071674137
2,438379602331016	3,975826126119233
3,2626178339687235	2,542789377161408
0,9629172626639664	2,3724211560531985
2,9499632313564215	2,7275099309726465
0,9894648643452488	3,9416676988431463
2,8925228050183573	3,6325831515235825
1,8270502942530091	2,3575406182960634
0,7085349807995804	2,8551108598181845
3,03573779288572	2,4167987885608704
2,6985305914449516	2,6360643061878957
2,271161670725332	3,4128330424349023
2,0007431581102093	3,2519146856120376
3,1476820620486774	2,293318802035175
0,7150297930470646	2,9050303630712206
2,6826374660025087	1,7041509317560004
1,1186843475136266	3,9715874400757554
2,4698414826093567	4,33374820814986
3,0578544226875963	2,0384252284715765
3,1618268734602437	3,1025732925169485
1,758940214841519	1,9032461678805404
2,3467811604950604	3,019776944756788
1,1952250157686584	4,166011654481336
2,4829478688614346	3,4257137523784684
2,2338089167454473	2,6544123537522015
1,765285582453275	3,9220953096913913
2,528723308674283	4,203554868454242
1,7171646921754489	1,658076753442144
2,0410329178629083	4,181352826168581
2,4129270436698946	2,125907954328606
2,375577825411177	3,3166144318166833
2,3164746600298987	4,428172475864381
2,7462854055784414	2,9440937555368207
0,8443845396907605	3,6949360650952676
2,502755443695233	1,6179511872213168
2,4547098536944394	3,3123909173545796
1,751801337816453	2,3335820300143215
2,7890706538570007	2,077122959107653
2,3827832547014225	1,879304352352298
1,6983240710977054	3,454674507928281
1,7954412899253862	4,240068940190352
1,8520187677612883	3,7506339645301865
1,0394507890269966	2,782243314723504
1,8601442582236978	3,268358823578398
2,4526434180856325	3,0221224630183166
2,198489654085473	3,313904952857297
1,7784533180586801	3,4915796842553815
1,2364522703473155	2,042695640549985
2,5215629868648053	2,537607555968284
1,7406332244032243	1,5728167119200744
2,3121658163980303	4,416576754684896
1,4282792188711406	3,3027279495090567
1,194243689152548	3,530906382599441
2,4321802739094633	3,1212835117956623
0,8610677063878187	2,817025860679946
0,8136751451282387	2,3998275576613133
1,8449251741740127	1,7804329700326587
2,4995141723050947	4,034756491495722
2,9557110399244326	3,6390322408613636
1,2003533400154898	2,111600103102841
0,9734198638511566	2,229007653374883
3,007258914488065	3,6013952324059693
2,069930318745653	3,171539867879921
1,0462713018977121	1,8783290389196445
1,3537638155841853	2,3723431859531177
1,4310608242087008	1,7507067453037821
1,3572890169412637	1,6865040304606342
1,6039933416491894	3,0442989005858223
1,7355934314690915	2,2974256032025435
1,4115156175007826	2,1549698164174362
2,1345902735848243	2,7191347376239885
2,063134660329471	3,8669523095393115
0,6309004874090014	3,146843187160621
2,425202197431543	1,961102082895399
2,5795451099843065	1,6767299187601301
1,3426094402791116	3,975998107099467
1,3774803491998342	3,5698382315093022
2,4373405419417864	2,26590733957684
1,5427408432775556	3,6079575938600574
3,1249846619293367	3,664281970253761
1,3009878575335991	2,6697092079783724
3,0793838008239858	2,8198997650120345
1,5461576514855007	2,8112737861289476
0,9936143100798664	2,0240528212031808
0,7360643560415976	3,7982472056801586
0,9854117687199209	2,830996383185145
2,3658812086096805	3,018297465417761
2,108402201545629	4,180379434870707
3,3937066007067527	3,1828453331852424
1,23321085516333	2,873025208265551
2,7621145260026694	2,2111469042462644
1,4299581593050874	3,33891242199054
2,2328494838460053	4,192633092408659
1,9543090725852785	3,7937173922731917
1,1732075774799111	1,923134718683304
3,252098427205107	3,0537069829011187
2,60949876404265	2,210503292872534
1,3349165140511121	2,1750477657936305
1,8798815020377695	3,4198651540780567
2,4555028187104964	2,3606333276636677
1,0002814093155918	3,500186645551002
2,0567355324904844	2,185076553776391
2,7678737736149035	1,8017298062189506
3,3024055032175363	3,1189665237477184
1,1658496946595012	3,2894501271032306
0,8629644178360005	2,5828968225561573
2,3540626190568013	4,230202888208621
1,9894250884813096	3,823628459145853
2,803718508393379	3,4780067397671175
0,7742264472752012	2,957090328079237
1,205814288884635	3,257431998814914
2,3004204730716613	2,5297946354231784
1,4755273707452452	2,633910090518045
1,1731018707661158	3,0286828702476285
2,2845474889451176	1,598603391938254
1,6256983511179302	2,492796075397486
2,108090973151463	2,9951410824586437
1,5319594130928407	3,6744258699445442
0,8327525539010281	2,802186047071316
3,368513925747811	2,6968616462176436
1,2532150691440023	3,811881213671813
2,4504278236002466	3,7981665967146823
1,8945491936028929	2,0250659099349786
1,4843669052988349	2,116527674859224
0,8382377965998593	2,3239919044709807
1,6521663594516827	2,0687663471792526
2,8595538123049304	2,745581437888847
0,696688006766129	2,3506383150796437
1,200933294461778	3,5969147961053256
2,1372883077722387	4,284928663214062
3,195707213116466	2,2518868289967724
2,4927451259691953	2,281479084427308
0,7960152439004686	3,5861886952346183
1,830507589381575	3,650216820384618
3,262726488966787	3,232179638879584
1,6549449015891982	2,6401634319376086
2,5206195768620856	4,138962136721225
2,7844634476820054	3,2674358090358444
0,971345988022688	3,2765013549116864
1,460092971303586	3,8728095309801804
1,548564540883513	1,9646882556752272
2,127892902432377	2,574716206381479
1,4327565324370584	1,9634542842066407
1,418180841772208	3,128256858461333
1,6560612934194952	1,9851658414908728
2,0077480817008553	3,902978052694427
1,7713424831709723	4,321041862773296
0,8055987301832082	2,675856555638946
0,8091057351345401	2,126766251162591
1,4298870277457345	1,8623308723823542
1,79036879349579	3,7389820783781698
2,9991943341567953	2,2480307072261114
0,9722345367005187	3,1618335709226124
2,8433119748064657	3,208173349082833
1,438154888386534	4,36520196092432
0,9010282675743111	2,1671513737588315
0,7702062830050309	3,1062088984966905
2,5245837417248196	1,9490186968563679
1,5160791342689208	4,254365311884058
2,5861004851606686	3,0378787385080113
1,6073191836543161	3,3643611039442303
1,90672179436581	2,1039924650884494
2,5746681149396813	2,4825700864214824
2,410719106256163	3,5882169864670552
2,2001024470908312	2,0901771104879874
3,2615111236875607	3,5453668523241624
1,9169316179008946	3,705482234331491
3,1922320280572327	3,393255186178275
1,6324411011950302	3,029987271558682
1,9889131391879007	1,8031827709624326
1,5068729421220943	2,5612114406066633
1,3400589361835873	1,715096729531413
2,2683349794027547	2,7961566499286326
0,7543444381853273	2,9824179593794407
2,7309905050095216	3,5869677489661225
2,7039065738258996	2,417671823240508
2,1371848334868746	2,85455420377933
2,437855614864665	2,17124505967399
2,465540539052398	2,20247418559617
0,740148263980074	3,398908385390998
1,6941863362857899	2,434915256212275
2,5422950931781276	3,027981116295367
2,5038042949151533	4,293683525835575
1,6284526190202504	2,8248055124409217
2,3662869174360734	3,370160199913944
2,2124484130464994	3,4238294886774425
2,7761267828877068	2,0924648365135594
2,531126062161819	3,143382747027412
1,8169150852627134	1,5674865398726838
3,389244951220323	3,2030810008133606
1,2834939592821177	2,680981910216821
2,4407232461733592	2,57114833351246
3,265059611946052	2,957352160770187
3,1260958679594273	3,890648451170936
2,448972638709184	4,3810516387717415
3,292563861349988	3,6517728787151382
2,6232937988184335	3,836121274496806
0,9568109359982273	3,902080572507637
2,631263465561572	3,16200392533706
2,2940102692298807	4,274568803867526
1,3962528930899978	2,84765839303698
2,1878037321104404	1,7515833278503197
2,9730554644485903	3,428429746844783
1,61870494148272	3,74033192411207
1,7329209946226187	2,7091110227263275
3,4185682560832427	3,3900406830197882
1,83788305828074	2,7677950831261238
1,5025870940545452	1,7485975873974893
2,143510570011319	4,335180973911099
0,9063433373733689	2,770505809590441
2,358923085986144	4,38473169037328
2,231790839012034	4,466487320558172
2,1427468431668477	3,4714334501781035
2,273475748605676	4,4531161869888525
1,0528451448810454	2,067282595345474
0,5764839488267071	2,533706532638829
1,5333399564591428	3,723522751162993
2,4391192367137617	2,8835927692677417
2,1665568086706375	4,102905965550466
0,7447538342572348	3,4488782949270407
2,52596847049746	2,7168771665512077
2,261302196281809	3,4351312723095604
1,335276590565765	3,0387749706890856
2,180903817839969	3,762149048338009
1,5403305958777718	3,7272629266361146
2,16631664892235	3,8132338579573037
2,7267149895905027	4,225823010527247
2,0270704625369187	4,004961474859958
2,7509333143426287	4,028620170902763
2,2110753844563176	2,9736523279133658
1,8334556959052812	3,823909238519194
2,193921010057887	1,8133276208805775
2,936951548214761	3,8737563035485496
1,0288677733040026	2,2852849479355504
2,0749294352283116	2,046333827608768
2,6207114945702923	3,558216102212318
1,1128130694159624	3,4211354342076663
1,2123615057485706	3,831682022666174
1,7351055305876244	2,413303092769167
2,438969228525186	2,2708757261899635
2,653147097621185	2,5020718830476305
1,9954024992650077	3,4460843934831593
1,6263810423004934	4,381229676515867
0,822188693286571	2,974086892447112
3,1297838687328827	3,3643424134775937
2,31932729125847	2,190645227650622
1,6001079393321083	2,8281162234409516
0,8641587428620694	3,6181135184074398
2,966935060719047	2,446736962441692
1,5695214335194012	4,2873143091591075
2,8485695313231894	3,4236903423346816
1,3617821447657188	1,6935798265150357
1,938041946194517	4,174158325680416
1,7284593875165997	1,7276015662125233
2,075682039479921	3,336958006945551
2,0591248885439506	2,539237500170196
0,7705344239030367	2,4380332249347587
2,370412826171785	3,347698446802416
1,2050787255052788	3,835721045239712
1,6283184773542236	3,0563564245549135
2,6998158585984746	2,320546104077555
2,4371736058785407	1,941083266666242
2,0091616240201975	2,6340782296874363
1,90821598886712	2,320200064431001
1,3995870059564919	2,4324323264019347
2,9860353751705953	3,3727026741098407
2,631041383165237	2,75352219997395
2,476587117737803	3,6531309472914844
2,7630762755189875	3,4893777837424746
2,463963256930974	1,9932918009553329
0,8810911687864695	3,4406426200928366
0,6330667157451424	3,2658956281469775
2,870101872664082	1,9881842538517376
2,9172275654520865	1,8609974041665807
1,8721845181260446	3,7976272821353416
2,9979251742768906	3,5026567654275658
1,6123580951410459	2,2512443989267474
1,3626700193086685	4,092382520428568
3,0324970069280663	2,4107957872643695
2,7770225209363093	4,270319131402637
0,7165541186696267	3,5572855419113276
2,9986256934898834	4,053919428755999
2,8684013828784733	2,3687261290679564
1,2145744476471276	1,9737738749569156
1,714033543337273	2,2035962108139393
2,145067884435456	3,6091348811482664
2,0319664694105044	3,2799166276782548
1,388685847260426	3,453764154564338
1,5825687486498878	3,091782920806611
1,998451303876458	1,8986844105696012
2,165009516458311	3,7017473334970648
3,2741961902040737	3,1078225548104133
2,385639107764284	3,6115643042114653
1,1522961586382814	1,8111018281956206
1,050331409063653	3,977909436110214
3,3899198575340903	2,9796138466307407
1,4391742744963083	1,8799160397032588
3,097190281107957	2,863438875134746
1,0568892104129035	3,592334042307809
3,2728044841965573	3,379990280989673
1,6683694667217648	2,690087660834594
3,0637413579594988	2,6455616088740985
2,352683646561303	2,972785348860976
2,349416406324339	3,3168592760462348
1,7982089187518329	3,222845010054045
1,8190463975816829	2,007131561585241
2,8922575167247864	2,9866438639407598
2,4171232890329026	2,695586075525592
1,4872158307569938	1,9093903452495573
3,331705790546195	2,6323538974346192
2,435313655246599	3,8153874318093046
1,9914627864539243	2,443120797936118
2,207844451245569	3,805727579411605
1,1685778533259532	1,8481359762103806
2,428246271268587	4,284935986561359
3,2499290279763846	3,580965085945378
2,52976056313684	3,963641500695113
2,229946655589002	1,6835155489859535
2,956006883678018	3,9315282603378767
0,7857208513531999	2,6118037847131097
1,0451180358196475	3,4539519721925207
0,9701427086870038	3,6247450664739267
2,2281414233629824	2,4449884703660207
2,7062855571644735	2,9763705747279268
2,4957469557711707	1,7771586553859884
3,1059266841536184	2,8770445696462894
1,821559783453183	2,09543269114966
2,059279697731723	4,240484734556161
1,4596287006898194	2,3115130558081387
1,4186755494443584	3,1572250366255545
2,4473241876343477	4,319549095902378
0,6423816374676832	2,461570730733625
1,638226791260233	1,550934890368176
2,4393361937433253	3,697182135156642
0,7788715827548864	3,1860851551320355
2,356695045874158	2,7194429824252047
2,754157525857643	3,2576719010717325
2,0428176385238217	3,9333456332269394
3,1315337487059822	3,1770434351133994
2,6807913151895395	3,4879923916676914
3,3079270282261897	2,912494080081882
3,200751803294904	3,130821150657169
0,6365189018121036	3,064709237494199
2,444414065173991	2,147591978683643
2,720245014812563	3,0353968954839057
2,4285868339776306	4,161766457880859
2,1512935108609432	2,3624518400519157
1,0701910847352205	3,5824433056839267
2,915962788476384	2,9213019202683
2,1504855837349943	3,9036958238877335
1,3344308897773347	2,1931640436169486
2,250291934151867	3,5010036528109154
2,5730657733587146	3,996505462481281
2,0549120905268605	3,0238755224783826
3,1585061415867965	2,354268805842711
0,980781225840236	3,5576719531212286
3,0993307489074273	2,348424982104794
0,8538721826825275	2,982348978141418
1,520644608455283	2,4042691138212855
1,5468546736752762	2,6333423828835554
1,689868880728223	1,5760002844159835
3,250090982102253	3,7261664340642033
0,9345733781546406	2,926422434530037
1,181740748884755	3,852386655430956
1,2317176841131303	3,732236290705565
2,091502118815391	4,062262551692834
1,159330214890944	2,599219148561664
1,4846867509062665	3,455512110176475
1,8707312016556177	1,9147896137892977
2,3506004055405825	1,9383528486053734
3,4684060376970685	3,0846364552886847
2,7990967975678025	2,0720426235137737
1,3457108767461543	3,421508394023299
1,5817265115492147	2,1692499443664213
2,2282312625869096	4,335725771583652
1,596018692750968	3,772225979255024
0,9213403183823117	3,734630265564993
1,2647217169930078	3,6727000177568496
1,7480637363634863	3,9036945835717063
1,3520486886329683	2,5483411368020303
2,3604929495825515	3,903454502401149
3,068775332672895	3,6880265572399886
2,8986451221501293	2,6628798213675537
1,225099922160683	4,011126553734983
1,4204011601888937	2,2770524401460124
0,5546429336020531	2,9541469930418858
2,5332520968423964	2,5618173791056074
1,3710175965767173	2,81030160970071
1,885316736511487	2,7392237564583213
2,2188714542038723	3,6357146286551
3,444908751683973	3,3361560657570757
1,9742703337773957	3,5746484458406655
3,4876154918907187	3,0043134935112072
2,375013188116602	4,209554740059064
1,9395929317343756	1,953376174475781
3,269902441954536	3,757331147893619
3,375329615489533	3,4879246406582465
1,8138380707939792	2,303858232090699
1,0617370012076197	3,8926665789931696
1,7638971684933726	2,0808606985671925
1,9852103204446725	3,5872418304107088
1,7249658141236845	3,830336643254185
1,7329850524111399	2,270435417789339
3,4630379097717507	2,707327117904998
2,561222545359139	2,514408498882312
0,7541009807157653	2,5056273470608925
1,3430000870104255	3,7978942729428917
1,6477893187057644	2,8709430334967423
0,8356927011390178	3,8418833801935897
2,434088327091133	2,398111026867552
1,1385376493890274	3,076043032687832
0,796989948680155	3,0814483262182972
1,1728665245647298	3,5280060819155015
0,9019150850585549	2,991113587903268
3,057081616428721	2,4604957028038412
2,040107134306968	4,288329565645073
0,950097745515645	2,1017404296594293
2,006290712595081	2,2426829074599293
1,365625697179886	4,2099926864351565
2,5642839137868094	3,6128070676101056
0,9552788739500866	2,2758780654093775
2,6895071167804803	3,2179420587043754
0,9112827375712798	1,9826675592788519
0,6172148664941566	3,5039872700756733
3,4241053244106707	2,5673302607749537
1,8358859687907587	2,3790721634039502
0,7895327903332723	3,6011742300061194
0,9531333983952535	3,932642974745261
1,6488752293201194	1,9250563200031054
0,7365785375813216	3,3520063060703587
1,5959750585714794	3,8814793807582446
1,2516814124722264	2,286849611905169
1,092337540807648	3,939174680481549
2,8373072456760418	3,7451034753407497
3,224869667783574	2,6896918866352455
2,7762657606020253	3,110593640373357
1,6258418055039345	1,6955006207696268
3,128638888692247	3,4138761207826853
1,3153000428230408	2,6980790259389593
1,0603667014250795	1,9284063248240364
1,3445911070260368	2,6651309060789163
2,3728731126998257	2,1019257718229682
3,1468627472232242	3,8342730984349727
2,9801702974409703	2,027015578803785
1,9418502623544884	3,6779000407827476
1,856043402466583	4,355219906987391
1,7990405717110465	2,306574636480456
1,8944115840064077	3,6308481332512224
1,7412311726476029	4,27934217923566
2,775044154279296	1,9653594738056355
3,4935361506069973	3,102655448042736
1,918418780185252	2,2124160250232867
0,5334653255956685	2,879669198416267
2,0727050027204705	4,15422481041025
0,6519564975780971	2,8765347184112002
0,9389215225622878	2,5484264539275583
1,9165378183931248	2,6776939401324396
1,7121098612675423	3,6048696767363895
3,0852450301611984	2,9414117256147003
2,950969572752093	1,975946903524875
2,405264977326432	4,30301969536159
3,122039706414586	2,481015833754386
1,5400011592026859	1,7186218045916144
1,3134573987781488	2,5868484080795686
0,7340840650791305	3,4284339022336887
2,8125541539012087	4,104617770001712
3,3523628520049673	2,3774401980369935
2,6929590982055913	4,244032999621843
3,121351149264443	2,3894402595028996
1,6026179796281932	2,0232828680839496
0,8321668567928548	2,816538653513874
0,9145232131996217	3,813608201449446
2,082326406485033	3,3648298818247673
2,065441571837745	1,802285036803204
2,3066659145810866	3,7685012089516383
2,824743285560024	2,9874007446384145
2,203911410347814	3,9659349800885346
1,4624106152637104	1,7304431954948611
1,8202273098856072	3,5694408948912426
1,8206605446059383	1,8834034965710165
3,147384622404643	2,0933188992433465
1,839651328511673	2,8497499418429353
2,396191323777711	2,2456394230134125
2,4837523761750453	4,113701217144378
2,1887470980735326	2,5815715601750076
2,6891626443685093	2,8228499956737005
1,426718093937248	2,1517115140848357
2,056646453504905	4,138936564104065
1,42157396898667	3,8868434163612884
2,931699487735574	3,5689945777489296
1,8099884771551498	3,643525799197379
3,1252493452374726	3,4814664175454535
2,5178437579702315	1,6820968499985611
2,5699556733298743	2,405328972771385
3,003687739282447	2,5152620472907574
3,057264075309998	3,0946985194950285
1,739380775361127	2,1992890965015524
0,9992901109315853	3,089526176250838
2,7920825498660324	3,6007922074219856
1,9020696044576302	3,3777688133217456
1,4212034425730684	3,7814651798517707
1,866568494031347	4,00981668080911
3,024534193713281	3,868499484177975
1,577405513291885	2,2703895936276277
1,1778444136150124	3,9473142672608246
1,1796769750128204	3,344810015545032
2,017146693410723	4,091359717254575
0,8699064398232679	2,5019509784474208
2,9614523846927816	3,689733131175345
2,4830965797807614	2,920679911351468
2,9246637154582626	3,315274299831056
1,3618687149858961	2,7795737608387676
1,6346004857492273	1,8775016867932959
1,799063255468824	2,9511417467347587
1,3388321316475649	2,633403607619489
1,9160436967830008	2,8960645708711072
2,505074799342787	1,775646694900195
2,854107558108103	3,3079177703703566
1,526449173552793	3,621393923946843
2,6490496842006586	2,298566775349587
2,961611309612832	3,1286634360040786
1,1749731234434835	2,947785785666699
2,3285251781023613	1,718871646022118
2,902413659241697	2,946030714479098
1,6570267780629764	3,281539963770152
2,2194172269446177	4,236685288563817
1,9588859472056592	3,2541238915751705
2,2805531458256216	2,4357523735825195
2,2723740158204535	1,785801551401814
1,9786925127497594	3,8018726874562105
2,1078238908527203	4,442810846717877
1,448361007672498	2,670460114265117
0,8997578774976751	3,4371326150514685
2,1385348224552603	1,7261305713369237
1,5450192862609948	2,5237799855490035
2,4732177034914233	1,7768900582365448
3,015652564607472	3,4112880921906275
1,002026377880364	2,1917438979303867
3,0831408498439195	3,7421538922947093
3,007649463694488	3,3916239848894434
2,867312761550034	2,9322923851554448
1,3815583134849772	2,935460071254756
0,9819483619906375	2,4079489842414943
1,4621225574270191	3,24217424105531
1,0197480001849009	3,4449808988616626
2,1011195555841007	3,4326919225171113
2,535519263554784	1,8562671987549408
2,892721651232318	2,399835987990862
2,9032095118080834	3,9994294304416904
1,458332419287538	3,724427925551404
2,564082449213218	2,4440920019251595
0,7189229675100963	3,073872300615312
1,5433148226365487	3,9193849664203753
0,9871607202820973	3,6898281142883964
2,3234016654468093	4,234024141332597
2,5322737947275797	2,841262862669666
1,5170588696956364	2,642068309832612
0,9037000739014391	3,5415214888460795
2,7778120466028104	2,280539995290858
2,577129124987901	2,4875354651033468
1,564147574184925	4,225263323967338
0,5950921202343598	3,26391166691362
2,149704530978759	4,476171234669476
1,324772964223052	3,800411900119735
1,5146624233816919	4,203743309578862
0,9468622728833485	4,050788247971701
3,118992004906209	3,9245870960976634
1,3047981215145332	1,9545195873591776
1,7681157589827574	3,5856042880931462
1,1602307967024124	3,6109607347378243
2,978193064047792	1,9310646447251725
1,9925311659790181	4,074737337493815
2,9190325675820255	1,9766526489178569
1,4509083331999713	2,9724561687630766
2,57995179858816	2,126330934530781
0,555010574815483	3,363582889855161
1,1629096273750505	3,0998145565486075
1,9465124478569973	2,773436059611262
2,154607489894489	2,2238718887895628
2,6873188897633877	3,5064045904563015
2,660739510569893	3,0157717699414746
1,7240077614482163	2,8681634704757237
2,6231652274692214	3,9403566651214024
0,786309028930841	3,503641043908935
2,239754188322505	2,98723977097236
1,6377739193595693	4,255280163690096
1,564724358070126	1,7632015758653388
2,8825754966592485	3,798604715926645
2,982931304418394	2,6927012420906786
2,292687024402685	2,207049162085252
2,055142764035148	3,261253546223248
0,8159410803518103	2,398269723616447
2,392475858097408	3,4960343403084835
0,6999989664524211	2,2890642326170565
0,7670988137767207	2,636660320939851
3,218537978304032	3,2504341137226183
3,0654976015219884	2,834938664128681
2,3866072436549004	4,026146623951364
1,3833778249508921	2,650909574137074
2,503830420094442	3,092348067706712
0,5303118243108336	3,1107649820338867
2,3323024765324227	3,577823948479153
3,1795018140863407	3,2009110746654064
2,5582522842382236	2,3578722360864734
2,9954737225994066	2,6428081027038828
2,8369300859944766	3,0558187780993737
2,7155924792198176	2,519917689831972
3,0098208795973624	3,789535826451014
3,0469802209686705	2,1680797043278037
2,6033645226780178	2,342756221907805
1,9950596876100593	1,5077446571608717
3,192264915140848	2,474692773488666
3,0082726783038485	2,4533088999517823
2,8362403548517117	2,0303169034219435
1,5994270165091233	3,109341408992784
2,1871879484509984	3,059465728761684
0,5512861100849906	3,170441837423609
1,2442258738272076	3,3928475886671734
2,6167274560240847	3,965650763858285
1,8761598120275371	2,0856773693171315
1,378935938666424	3,4736219870696554
0,7307938843400832	3,362433626298046
1,4881317311438351	2,251898867214239
2,580560734225991	4,101373958055287
2,4390516368417203	4,388952803342965
1,4337051638831235	2,4735029443805736
2,2718831080680557	2,5217429227184396
1,6376037708315478	2,7003089165611414
1,3955875101259756	2,6057596155002787
3,2914957508580027	2,691333893135539
0,9655209155467814	2,0340640385602544
1,7645957124401455	1,9990206518904643
3,220309152659344	2,5224216949100797
2,6067934448842456	2,5885087712045416
1,6085322866371514	3,519451619053234
2,7830487070500323	2,019149738271726
1,6765242379981342	3,2623703813840965
1,1306598391377294	2,1270555679493137
2,206646792548527	1,8964272604172363
1,8208873969714445	2,8790212558205917
0,7702941102803091	3,592129391369203
2,230327105433657	2,0781875682383366
1,0531107128815131	1,9660028663251874
2,811397704657005	2,4117047485727983
1,9203291987893703	3,6659060199005644
2,279385352756763	4,463617525715637
3,1077483719913515	2,1963580304637924
3,4082387786124193	2,4982934810845747
2,191946242642643	2,3733421635116296
2,721113915723955	1,7871510476408556
2,0643732776416552	2,190641949716501
2,2914242825354596	2,6280913996672
1,1035222303243153	3,875461699251089
3,2819508595860905	2,7302845553832022
1,7001417505955736	3,4537271428990195
2,2498536144917107	2,574069406227737
2,309009349992319	3,3106549558119323
3,362382984054639	2,9243667314143504
2,7381552271596603	3,0218804575023084
1,1071150007842432	3,9507733861121554
3,0712584335052266	2,807871074315464
1,0032551357712676	2,3635747788263095
2,3215727748007136	1,5800615257769433
1,8167850595354123	1,6035231713738356
3,401833566238003	3,0175842003869433
1,7086038473968244	4,148732904302463
2,6222150251143406	2,7491735393782823
2,112727353781093	3,4790938794996995
1,7489262540879722	2,013599347695221
1,368277562265963	2,732880169833487
0,9610218098451258	3,0050835875880963
1,0615265969149394	3,547525755141893
2,4597385686613684	3,6356643094320003
1,0230595720073121	1,9439901580340668
3,702324729823946	0,7305630304445727
4,602580612046465	4,282789367226277
4,397246055802411	1,5972560137915972
-0,4570922322661777	4,70496554139347
2,8107898388428754	5,634206231520482
2,0626098791772316	0,17397078575241576
1,6017786383206287	0,11171335298876306
0,40735410580630216	5,37780269510691
2,7978860321176406	5,624131059417684
2,5355019113807113	5,897381396620522
4,693106338937132	4,205896958345561
-0,021128603407506663	0,8340921351140973
4,448724818351073	4,3964144868929145
-0,6995785488173438	3,750326918087174
2,208413616048688	5,760963536965658
0,04708984657779647	0,9411806040204467
0,22421555731944598	5,212840500356858
0,9439829047657975	5,770803890236817
3,8498753646100745	5,288650590594776
0,19130332659325688	0,9592486365662469
4,762142895963855	3,2253243281519994
0,9808493754035685	5,777137305708957
4,60594786978059	1,7606474931185128
2,1192717723207863	5,7114341864103775
-0,6763786188116225	1,7799745545656847
-0,648789623620821	2,4534924178565065
0,6562919954548982	0,4971417647569294
3,239100628091213	0,3537775265449583
-0,2750334869849387	1,4058427519972292
4,588670099253893	4,301756184624351
2,962898891835982	5,816615905660064
1,0497593788046617	0,3106327721829807
-0,8644988506723834	2,839180194038003
2,6851276787346547	5,674505946869779
1,2589775342884066	0,28305128260980883
-0,5739315513508885	1,8624941568119149
4,88825737014122	2,49948437696867
2,864394946651198	5,829239726791579
-0,3769012092448025	4,311467640181348
0,9299140580761094	5,7249212124279145
4,807535159040376	2,362818133125311
2,0912547545064277	0,08028363250497783
0,6168545007067754	5,357862849743667
0,2573159395989022	5,157592019598434
-0,8706316353613976	3,807104637601411
4,80971639146493	3,423378772936095
1,9377964886831263	5,89774931772695
-0,6814385372869425	2,558418779100168
1,6102741982298996	5,684906196271175
0,9559338811449292	0,3103514401042111
-0,4206807809734956	1,5811409398435747
-0,6585407834189887	2,2568415208831043
4,802169224282226	3,974335019483042
2,9674181082094826	0,3717342909150414
4,073498346023992	4,7575662483103835
1,6470550266994683	0,2203824578839746
4,034011964488434	5,127846002865116
-0,27466984678560014	4,734200310421789
0,7790747319676743	0,4541614994282863
4,787839257460625	3,42464430064046
1,4603474652786845	0,25639603015304147
3,9389702084497644	5,221004072729451
-0,6887857237862471	3,7890342427866575
4,922854333202604	3,158378464470104
3,5453830933099377	5,416886670998382
-0,24699513229621672	1,3921902495607916
2,779996201220498	0,1276939893944049
-0,6883779837255939	4,195773853561678
-0,7173395480594462	3,840436612544518
-0,6903661125672551	2,594839833243381
3,126947059897552	5,697851353864877
2,5754960722751163	5,8213916419326885
-0,8244663414633919	3,5819835628174284
3,6368676079383	5,210905926810504
3,8038007310032027	0,642909234232238
4,947061624757925	3,137373950366849
-0,5136992201510702	4,441123680525745
4,937315183254383	2,557485521908288
-0,7034556153778677	2,146105686258498
0,06009078170543081	1,0166239611677088
0,7672773019900161	5,528606701904081
4,150598985814517	1,138659019094443
-0,7812299474646927	2,633929146050598
0,9083000665565168	5,711291518320111
4,4087655045579135	4,7134976435010145
-0,25306998216665466	4,924478269880294
3,8550041672090356	0,8435481917663767
-0,8644276319373176	2,8268842610086367
3,171963118048648	0,33883082726034797
-0,8646006770972825	2,481139535175697
4,463767089888455	1,890721470750983
3,222809412517652	5,664698695692323
3,0446236554308213	0,20727697259232025
1,9567031619647022	0,15291445099569456
-0,5137508966452327	1,5110349610716909
4,12082280543312	1,0016164628843174
4,646071796764108	4,029665700035325
2,3000034783577035	0,0669109717769385
2,2683073205218616	5,977080045571391
4,216326531166826	1,375093412795347
1,7307173746383369	5,961544568888506
3,851822082004801	0,7856935610705436
4,574694941457844	4,516374414929991
4,75516732526002	1,8705752609994541
4,77987411878139	2,9293871626231356
1,2718039746240914	0,09613002340066856
-0,36378165372847393	4,6190923242000235
1,860446827914135	5,920279789235208
3,7234254162181664	0,8169550425204095
-0,6276176217201659	4,208938613464197
4,013061308706872	0,830838481235237
-0,7516661661485751	3,5793529526913646
-0,6811257354612161	1,9834445996553407
0,45959565698930005	0,4764134062990366
-0,4916124753440325	1,524521317913632
3,133355759451021	5,646693841598481
0,4923189322662229	0,733498554788313
4,418223725298423	1,6249057222909242
2,3052819676405214	5,836073066770648
3,2971315014712914	0,46107387226203
3,331253423799403	5,363498077415747
1,789150289073949	5,785850104572756
4,852183404616094	2,687505215954008
2,6882524604023015	0,2680595899005498
-0,9161952662314437	3,6694718962147186
0,18400785359884098	0,6668298313136516
4,616970809425567	3,683465834924554
3,154947595802871	0,30226583871432844
1,3643968163382056	0,15714767679862396
1,9391477160825028	0,18956988376305084
2,3887820175651133	5,688166082563386
4,611036093249974	4,45168593431198
4,734753817582593	2,6359795169243583
4,8246816333302505	2,845741232506367
4,917026883092815	2,973262363241134
0,45177398255013346	5,284348164731133
-0,3057448084246501	4,511408605516506
3,5232135610317776	0,5548645575771061
0,11608906535569674	0,78627544905958
-0,7321912538967714	2,9095074092210362
4,716561195738724	3,237097594502289
0,8627695648435281	0,3257134531496475
1,337143231205462	0,3234904670885781
3,036262596007221	5,730102307805327
3,2180419430716807	0,4426119066985583
-0,4886152081151156	4,5365957191154465
3,606188503667596	5,410733447771836
4,1820718702269675	4,795148894198312
4,619928762387662	4,011618904782258
3,2021777646894254	0,28594563631174097
3,6341062667978825	5,3866478920304415
4,668907628494259	2,2668032237129623
-0,7025061787429725	2,264537766599643
3,8212294049294275	0,8425534960545069
-0,7713287816196455	3,7696659007326803
-0,9589333378850999	2,67936684690532
-0,6982069098834875	3,2628353825602656
2,126935455179397	5,82690676443131
4,340349466512808	1,5446924852330415
-0,6768691959772899	1,6502305984676904
-0,5285089477946028	4,531783308911296
3,7641085598493857	0,6453627059564377
2,5483939758024823	5,7089090168868495
4,258043502440791	4,942718561504122
4,785116860394997	2,518530230497581
-0,2967552444682422	4,802256097592265
-0,6362431751202573	4,038553696206258
0,17345569996429533	0,9240035104348321
2,624278879241378	0,2556837994870049
3,923695925212826	0,768687587050151
2,55441979782716	0,33992400549681046
2,2976285349170746	0,24382941329001317
4,79746573927602	2,8221230518488816
-0,16213810839037013	5,016460930807304
4,319041762699715	1,4367154686743837
1,9567723917881066	5,948977031291782
2,6824115499809005	0,32866995423729595
2,517890412503146	5,790889924808457
0,27707801524109565	0,7478222543446922
4,323459142552917	4,475855517714349
1,7635229889697353	0,2993668770483566
4,1222965900287445	4,893900312001059
4,8108156100310655	3,6612082431507194
4,779818133845204	2,932367914276947
0,9729599475598307	0,3479803327478517
3,918912820642611	5,2632422286466
-0,7313409015217065	4,067784128859339
1,893717352408963	0,08567331448011162
0,6563311581632356	0,5403659952695556
4,687543983159609	4,137688053238877
4,757054960099078	3,7521498923481147
0,18827611461133897	5,180378511427715
4,6841956713876565	2,610511493006297
-0,7374604885183187	2,999112013696382
0,004243951900394727	4,822632105746321
4,5779415018922505	1,7456989393805444
-0,16629675692860912	4,6305307541693885
-0,22005996547033835	4,552335368085502
-0,5753708581534722	1,5880844957513833
-0,9097004335555443	3,6504864555668433
0,8309435223865644	0,35077198768372364
0,9968302279335091	0,47481442491368364
3,1396650070953713	0,5208351913314808
3,6976067963833446	0,7756518792705682
0,9852558922775152	0,42524960177867444
4,579414438238594	4,203959376870451
-0,5758401317814124	1,9531936064193745
4,709606436367608	3,0083581570338054
4,345368885070414	1,327708767563576
1,7371000539711872	0,08643804472135086
1,5489122582197137	0,11895729914124598
0,07298990356218127	5,214679043400299
-0,19019887607509833	5,0265161184412435
0,19229116357129428	0,6799657050233141
4,376265703515648	1,3443138643779993
3,571636552954889	0,5279939996040581
3,4768287655762533	5,50707173522537
0,07028369494613629	0,8403385518898463
1,8788764210399465	5,8723807643486285
4,930058537419514	3,5768488122227833
-0,8930765314846054	3,211006597551093
3,4598185535465475	0,5486037133028545
4,4314380343223325	4,507783158698216
0,7936271195088742	5,5051510322907955
2,125217405869045	5,9722141733067575
4,51450894121311	1,4502180204961914
2,090868599248995	0,2722702533895882
4,867722363960758	2,8628698460624755
4,283896503473791	1,0888561126781624
1,0090265832524343	5,633508925765726
1,864801959805665	5,7863502197843015
1,791746783627456	0,23597503513207885
3,9091207419258667	5,210811634010307
2,5502568658491063	5,8772327660710575
4,42772149407222	4,628099531216717
4,773155069925492	3,023006513772631
3,311360278940044	5,551230085063213
4,934620518797798	3,5896929420625145
3,1262360888983065	0,3767313757250226
-0,7931063114983048	2,522889397318439
2,873681170254125	5,791242117122014
3,792749087475082	0,8933789163477934
-0,10823445675556975	1,0438648848849446
4,668348685984055	1,9695348415430696
4,930945599852101	3,3460163247647223
4,462770407860235	4,496613483690229
-0,3280366876994574	4,521742949758829
3,8073973386049786	0,8288357457445632
0,7022978642306714	5,531881076541211
3,476551911475611	0,7392806655356878
-0,7045686799145146	2,0623337612922743
0,24641725043868212	5,099871051888593
3,5089157275004164	5,354064870900543
1,6289489357796794	5,874407761557858
2,099208370334597	5,897676266690334
3,3985431057167688	5,587701625217043
1,151331107554317	5,823004292315829
4,20228181123788	1,0810420723627214
0,7959730516668124	5,438794102523216
-0,8724383235066755	2,2229884189112967
-0,49907217100206847	1,3551436766760994
2,310713382830705	0,15580605755817967
1,0865563432868255	5,58060444914326
4,754247732103995	2,0782599479572355
3,036885175753892	0,3335012842260232
0,6831107335092346	0,5617679562581439
0,5441968336375551	0,5046239339195164
4,537757756037259	1,7293928348350123
4,712336024008314	2,221197653104169
-0,11781555756243689	5,0625389000497325
-0,3131007831040602	1,2784276127162086
4,001347462093653	5,183793460665003
-0,003243658878616884	4,880014679866094
-0,8375030523669205	3,104413241182031
3,934552935739861	1,1146286607516476
1,4207048289214668	0,12089393482546384
4,811018447928082	2,5742528067701103
-0,9894993157079726	3,1192009561513485
4,1153892376674115	1,0300962851565334
4,456415335065259	1,7376880589353196
2,8587793302194884	5,784903193794853
3,637377087683176	5,2114937113367255
2,5419223279216934	0,15465181410404005
2,9369689818271194	0,16501310673136738
0,7401292259023675	5,632103873371687
2,8428136238321784	5,869403739033857
0,9779833100897586	0,4973711334259425
-0,09311706593895419	1,021253203766279
-0,7785312509347566	2,16851808710619
-0,17256808445862504	1,1121578149888955
3,1752854428062696	5,64210410089736
4,557726641192487	1,9103938202461999
4,955669637638259	3,3682575690603525
-0,6399959676282094	4,362816401065306
-0,19611698232208408	4,9230716309764
4,175057241744147	4,963160425784652
0,5365629504137466	0,4648472949765843
4,7384958667759145	3,0187659293787266
1,5417342149104474	5,736645199950736
0,2661542632159113	5,4315869024555
4,58364834407112	4,326319895919308
0,8062366446036144	0,2670215303978809
-0,9090288098609602	2,9642366954333688
4,787757489306777	2,569280513245939
4,528331532794489	4,391132568769538
3,7435545032239608	5,0691287068689626
0,6877897704639298	0,372898517702295
0,38518561476788316	0,6922092455115392
-0,584833534099753	1,6417589288375982
1,9465036203642938	5,7404685223448535
4,324734136257039	1,5789349206284862
0,3162266091126811	0,6194557528584204
0,9049202998929571	0,31988281480404135
0,7568431889315006	0,3129249629504698
-0,28890702448770655	1,4684754798014668
2,6801810183271035	5,771172354107587
2,5920271006342395	0,29602183905958857
0,8008157036927628	5,559994523063558
3,0578986626570437	5,805876915222299
1,5620273030862784	0,1654273922248808
-0,30211215999561203	1,2637802865442662
1,6271438799354538	0,06403653743195026
1,9518490538794129	5,85425744111682
-0,41629725021481034	1,6776352606346898
4,598621403596951	4,329998512040548
-0,8039939676496446	3,877233494797623
-0,7564960829100014	3,564964444383861
4,110576067549248	0,9415329771911178
1,283092035963405	0,22620051755597714
0,1267384290697151	0,845661108289157
0,25885544395334437	0,7181146293239573
0,5451904856903815	5,367366441192676
2,604693656140511	5,657317400506168
4,4998109397054815	1,4003805838570251
0,6890436519378627	0,6370116113612481
4,170639512371526	4,861729196481188
0,5988012376626379	5,59320857869639
3,784157628696539	0,903539432995828
4,524774261499074	4,099516103754313
2,343754618757843	5,918365368510058
2,2738673475797753	0,2225153996272704
3,4671950535675173	0,679181539444897
-0,6591709225270561	3,9562679835087824
-0,051701717550862725	4,796050423650163
4,200530552999666	1,1942065869451646
3,2078987546365143	0,5518250829369546
3,4056608082796034	5,605043919362375
4,747555178263664	2,500161602231287
-0,11612888826721379	1,1099807216386806
4,220361681718855	1,3882679683902803
2,283959194781982	0,19789393104399888
0,3334645984600866	5,419435347158935
3,6366978718260206	5,3962248408252504
0,9345640298981197	0,30347111223905365
-0,3117766531283963	4,558780444686493
-0,8145108156299958	3,2158168321049447
3,121510774015837	5,466204684197949
3,3150508959860314	0,5587170164147874
4,131630663463102	4,90170538632817
1,763628623096704	0,2859710250316807
2,4629708937276056	5,754256524767813
4,7111350150793685	2,4914778754236795
2,4369352618841638	5,900432405513785
1,1227921589537178	5,62786786411052
3,090815613243474	5,788784240708652
1,443973120486925	5,752192237600672
3,5130664377002074	0,47492798172162676
3,4334717687732494	5,370728529234673
3,605936177028932	0,5558549114033791
2,627719185803235	0,23597942215500023
1,0868383427684747	0,2358120513747588
-0,011612732743752296	4,85447991754609
4,6556391758830875	1,8170712148821122
1,3711546058665647	5,762566611794837
0,9287559503904683	5,756492703751357
3,560893501182351	0,730110161519474
4,789973861219922	2,763128489280486
1,5436174788377053	0,06115809860755128
4,702024318918569	4,1018907502038875
4,296114175978982	4,863901115323918
4,498747576408599	4,069944826952299
-0,2391339375829622	4,549159070859391
3,404257340964679	0,5606945503633662
-0,28344452776326934	1,1066855804417346
1,243132608421847	0,23367529762603123
4,392877367992109	4,436630635287956
4,902074397103394	2,5909859470404752
-0,8283259324760475	2,5586240187778575
0,9917314560738524	0,4658380997468652
1,6473174453740966	0,06833727794879474
0,13340810899621802	5,24603267445776
1,055451057829297	5,719059018151782
-0,6905610109239992	3,385089987939261
3,723205082178045	5,432787380765017
3,374080707717231	0,49542486828389487
2,947393563332707	5,586734373351381
3,3550249762200512	5,4853045751752685
-0,027578624096492366	5,032307453772802
-0,6134911150425983	2,0094909217630312
1,5147054300491103	5,686458778300068
0,5398164048310048	0,7144747834395728
2,489412955456114	0,342817215909482
2,7117697383425052	0,16256598589387528
4,72284584262996	2,9131519587126293
4,580589094208836	2,0752923993853987
-0,5580597811643564	1,5462150697796824
4,10683591849134	1,178933258011005
3,55559649528577	5,29774377262741
4,29649340416519	1,1568732377913837
4,953790715340594	2,5838212603763853
0,8490834314777316	5,5931213183729005
-0,7458527560298145	2,6631106202539425
3,8594362037942194	5,16417923648328
4,832006597649036	2,9515739051983148
1,1191964519408573	5,857758774392911
-0,033560698935306554	0,9107368095472292
4,948685834786925	2,7602812009183557
2,4918094730172067	5,857902657957215
3,2062020643798084	0,5629462139775838
0,7916315242518506	5,542944191286543
4,630662453083476	2,3761091842374604
1,5978497775581106	5,7964350198303825
1,9466669961436114	0,29506478150416937
0,44430126412634285	5,347173254227874
3,938551378053872	1,088854162867643
4,794923724907953	3,5927861033091726
-0,9588001483060071	2,789798438409511
2,7388845192691744	0,26953565409809155
-0,7049002045098582	3,743180183977167
-0,8165618488292212	2,7609545413209737
1,8928464553236788	0,009310278994442811
4,598516869543762	3,9764754003986176
4,3629795836856395	4,578687730851012
4,710130041680446	3,513218071684074
1,1958759037297426	5,707165796554948
0,308832988757229	0,5222879362510047
1,3742263450788137	5,681718988233075
3,276695127185958	5,3854528318250345
4,104782077570331	5,070019959587441
0,20092928966982604	5,264953283926288
3,066790366487379	0,3343082063035383
-0,2025026357469626	4,930106933564118
1,6521989747976704	0,23280621771406906
0,12448187079543649	0,8982063727463605
3,3988295147115544	5,541038572068418
0,30313034782683257	0,8042174451734332
0,7449958930636882	5,682058998420079
4,121647212263202	0,9556943986124615
0,131858667137146	1,0467699963440982
2,5843458108797055	5,905616922493179
0,8593768712445797	5,4505048504705975
-0,9607888066701102	3,1162185368407638
-0,12069681938219379	1,1262765814988078
0,9757799607352946	0,2387020783005278
2,626377903449153	0,08727141854732423
2,016699701456586	5,825556947632884
3,760842465798235	0,7714113861849454
2,132960721989842	5,730616337503244
-0,564394786838724	1,7796493278320136
4,877990028001955	3,5662659073135394
3,966804933736953	1,0311852481225474
-0,8381585291861033	2,612303125754793
2,240778172736899	0,27456209925279085
2,5308657594346538	0,31774233379655215
-0,556616695957922	4,0554997328797455
0,49407532015876066	5,344672309055033
3,4082179766786878	0,5388316073457244
2,434701696402325	5,733491120579794
2,928472305016121	0,38546287698683956
0,9903975020557654	5,818423244932115
-0,831995782210535	3,077479615440304
-0,060504711751100615	5,066602731580007
-0,680059506809072	3,9694773355122512
4,424118077780511	4,519979982761324
-0,16193638437261226	4,7929377951134
3,586905513504665	0,7894856306871989
3,802034939705135	0,6274936738939845
4,728976515653763	4,167678638246242
1,1179035368895611	5,569798402873108
-0,5483337456468336	2,0379151348464144
0,7704969585412402	0,46358939614813766
-0,7204845321769344	2,5359550552455143
-0,20452966665364203	4,981077636811893
4,676590009423704	3,374244591165956
0,48776266396181067	5,355504687975315
0,0842096490625186	5,028975801571498
3,0349656701252723	5,621413323521459
-0,6497053459893398	4,3025053634001384
-0,5315784817890465	1,7325178254037037
1,4723447197369075	0,3157779421885931
1,2037658814843963	0,21019467686209525
0,017633219276012913	0,9132236084592433
-0,4829850382289069	4,063485573317058
4,758301496599029	3,1045190253348127
0,6344957200086729	0,53779095888591
1,4329153657824287	5,684730095438105
3,387149398033586	0,4138092335096957
4,2809329919138905	1,3194437619295039
4,425464268587082	1,6798127700459595
3,824360185087464	5,325230220308079
0,2610738635320904	0,7985959098517577
4,854976366078718	3,775871740746273
-0,0983689004667303	0,8678995524909063
1,1161915403186873	0,2590493745213647
1,2267820145709627	0,2672070741742325
4,725858588498989	2,066509928179133
0,9180466002440493	5,691889499006091
-0,8505623561205735	2,602035515672818
0,578579079220312	5,46883110678969
4,744151666279269	2,956578926024901
3,2900552144677873	5,4964773188098315
3,9360906370895843	0,8883929311103422
3,6753937129468124	0,7078331876506683
4,049262838717414	1,191297889846622
-0,6962890696985387	2,6772978693445513
4,366767068500923	4,457513574160308
0,21030628516680983	5,156195713764767
4,360200203400357	4,686664318349177
4,6636205086135565	3,610106355550038
3,7967796636556512	5,328416688128981
4,686294119369293	3,823323735305176
0,020286385051826894	5,1544582325614146
1,9539741851736043	5,930277029910272
1,2909821762429985	5,657343082970752
0,9276660987495331	5,768769343861138
3,183618754296432	0,521420947588978
4,918296190508926	3,145366137152395
4,01524101020521	5,163800905198947
2,5431891810284566	0,18949833529582705
3,5654036202163075	0,5857884930503428
-0,3494323341557388	1,17725146099627
-0,12791365668818022	0,934706416416986
3,061677871620023	5,798738357600479
-0,4902357508311197	1,9340208379132513
2,8731651042994706	5,665575539735274
4,534841353831725	4,344279333197295
-0,30329206261967423	1,3106653210125796
4,579173427983298	1,7973576520506198
2,294380267690999	0,2852336694025377
4,77100271992329	2,5377271715755327
-0,32930451476613687	4,76726497212044
3,4285316646844137	5,611465824866304
3,8403930790410605	0,9810513278245159
1,8706787421237263	0,2573943091631077
0,5414035801162502	5,465631414491353
3,706501113556275	5,093580758802856
-0,5746138900596396	1,5355680750335878
1,2994388131461991	0,31433643535075273
4,919708021697678	2,8712025315516696
4,015659744751369	4,935584674721092
0,23443010960541755	5,120665898656287
-0,6935862159658939	2,6120753284848264
0,5392809527062392	0,5347471136302882
4,420999079009962	1,4497975158895322
4,4657588778049995	4,439946515829444
3,751861637253591	0,6548229734673479
-0,8323409277381608	3,3875458810630654
0,48375473418148207	5,5738360676805785
3,7673997076231096	0,7535085089682938
2,4906358662907015	5,698121509362727
2,3809171986309225	0,030583089631798455
-0,8295616770682663	3,500311204902731
4,773363733543976	3,5344269346420125
2,2471704672291595	5,9476590167513015
4,32677617150159	1,5248948368714754
-0,7391352234222803	3,613740324162712
1,7596677032533494	5,865411683229469
3,338968447111504	5,54147288312396
3,256812478998933	5,592531041833694
-0,5197335626581743	4,063597055210233
0,7013747242040711	5,645618682899908
0,38531180351382077	0,7633178588088598
4,725465118609634	2,3583145347450136
-0,2279183680397514	1,1822131967510603
4,259706605146636	4,617391510141438
0,5042213566489944	5,369816891243193
2,338799451200381	0,13912129983526134
3,0657458561624322	5,723245600896417
-0,26855854531461354	1,241717091223539
3,1477374865144068	0,2551347919566478
0,10629752129841519	5,27613344917866
4,593853549493237	1,9406705945686198
1,1609196480798185	0,39368297649745454
2,5118124223213996	0,287873293290414
0,8480882434367907	0,35432462872899295
3,3387300579908668	0,6115180159590725
0,04737033412894842	0,7657446478604637
1,7626432385487965	0,14476973969677642
3,9970017683177947	5,048540006606741
-0,8875181171210693	2,6108085937090126
2,195269841500383	5,746198111829536
-0,7498422563277067	2,5025108053062093
3,898542686751458	0,9975893308162025
-0,2322593433492619	1,4593600273247846
3,511362406842018	0,7047008060717763
1,9336115096363071	0,07386738933302173
1,9737916055754383	0,0858903130362032
4,812411765525494	2,8120179052560923
2,9860973866361884	5,775385775698856
4,705066900955186	2,961727652419656
3,0896707014161677	5,66328058646556
-0,4220122551184273	4,265180644218552
-0,6846091968133572	3,9063031062323663
0,051477498269813404	4,898223443930919
-0,3468216977628251	4,805379429775612
4,82187277829944	2,8538385427358905
4,686381074101613	2,377943107784551
0,4973633459649187	0,6145478639913957
-0,06919548666113995	4,831578555193629
1,8540478833683722	0,08601357640615692
4,897765864063427	3,5842588279121492
0,5086006279977255	5,465946373157443
3,836675064930306	0,9761689058602467
4,633085961928064	2,036204519061441
-0,4368706682758994	1,7630151122275897
3,759302147703181	5,054581162662642
1,2559494636226443	5,7646423966740485
-0,06035415559790769	5,020481185909638
0,3259390075106625	5,235951499453812
0,9626180808296791	5,589509120634597
3,964145952630281	5,1569168963632475
4,889709695685063	3,3814274804160114
1,6013022140785704	5,908563399737148
1,6946025212346743	5,841737685112366
-0,7215586420046249	3,0620594179028604
4,8295023843486655	2,2729902409093263
4,734741035761411	2,366322739438259
4,875069359910759	2,6126674703154062
4,046465051691625	1,1380665673742483
4,797381265667824	3,433773792645363
-0,8114566841620814	3,288767455365957
0,16812330824090682	5,0394433621059225
-0,17965145119311288	4,908627690855593
-0,5701932859911185	4,022351052911209
-0,9903275343537428	2,948641212575426
1,5520269169094032	0,1582933147601211
-0,5900325148731436	4,357633302408109
2,2677562100077577	0,08609681082934983
0,8381775419727111	5,7521741264047
2,172110636236894	5,853122281164361
1,6638561108038157	0,18581931101039917
2,5820472228211546	5,7631832133592935
3,7745986464996033	5,400702401558371
1,5174167867784887	5,767917813170275
-0,652986603469965	3,6476374959778255
-0,7430675179613506	3,6497701448658626
3,312295465276901	0,6064097721164647
3,2736493548289234	5,509032266892355
3,561806745934483	5,27390725969395
-0,9071985283028807	2,986166319573515
1,7721172462386554	0,0974712943022964
0,515796449652036	0,5966535976603038
3,4386717909639737	5,3514698979451625
4,465549345379796	1,4925110368669685
-0,3132590081293496	1,4820540081436273
-0,7575364125914423	2,1057339162972104
0,6723508951211561	5,352990873574407
4,814094122664441	3,001932660750868
3,0190164179288925	5,705284886800703
0,2663651418314523	0,7031839768138326
-0,8032405315963835	3,3889320202698885
1,0412880617597282	5,7106657290471645
-0,025524452600660386	0,9177605691635979
-0,2546065316066808	1,3477500450759938
1,81269683312915	5,709959382215101
4,67024718500657	2,1887416095704113
4,592788301603688	2,21498805258588
0,6389231316850086	5,544207254178073
1,362142633028074	5,852700066844523
2,232929585801822	0,08162409849220165
4,745458729038816	2,6736699530404797
3,8898113081619923	5,153602732573924
0,6900850465996393	0,40437767485851595
4,18050926698182	4,73660657994593
3,9131184399658974	0,7902568355580533
3,809473903360139	0,7328605993212558
0,3650939141986642	5,324674766682241
-0,49965425101724703	4,432744590751819
-0,4663437090360447	1,4139747756098895
1,068694875341966	5,835675846824837
2,9634046974135053	0,26755301018153377
2,8869397625556723	5,564943431132971
0,4040950843969857	5,30834280506987
4,919379405959593	2,3692069103161506
-0,8591471060880624	2,370044791061614
4,83919519380169	3,549714455454468
4,611774273039372	3,8009522601727017
-0,6835818411919985	3,859559575098621
-0,5266799494160441	4,016426848803407
-0,7485616421335997	3,558212432039663
3,4371604036520953	0,4131173863039517
3,564911627628108	0,6612826943795258
2,1207251642006204	5,955859451707897
0,7359447823915781	5,571529332421921
1,4593407691839437	5,737567946637652
2,438851612134354	0,29606176325755795
0,6989233279249976	0,5566733775217578
-0,061830944017926104	1,0841518099169116
3,625848382281575	5,406315195942932
0,28155182482324004	5,204314843381465
1,930518211473793	5,777478764528191
0,4757418158792164	5,373149434627874
4,547218145275659	1,9281197750113181
2,2737055040416356	5,951564098989651
4,291315506682915	4,653308105279554
-0,9109655329199517	3,2507127055638665
4,291012725174176	4,687079792155663
4,4553540375429215	1,5167968466666442
2,828289693383202	5,840613466952517
4,291629970347735	4,71923752592608
0,6396830223721812	0,656869732738989
2,7834943243022203	5,807390107707407
4,707516591053979	2,182655334200822
-0,9012081932974696	3,6740585008538096
1,5076755436710054	5,732297538451317
3,76872851620725	5,346871516975328
3,4265338516566004	5,614859740432882
2,9944722210345405	0,48732844461925895
4,892012902096228	2,742330032420635
2,526064816155639	5,700208568134524
4,213540310982646	1,4422309752833835
0,34420212903341874	0,5882434666706473
1,4208134675579345	5,638623970670382
0,5055831470294003	5,312038919247682
1,1971743586696253	5,800996457895183
4,7383172957608615	3,593364357447351
-0,8546846326193873	2,5682789161789126
3,7178429613794997	5,416569589161776
3,661307508423696	0,7295716305685467
4,1096427244700156	4,871373564706289
-0,1969090450549138	4,963441723833029
1,5278862055346558	5,708361858235806
4,70333868919843	1,862745991723958
4,626891763200463	1,6939997173818455
3,356902249739726	5,453091893305188
0,09040744661515387	4,93833853690625
3,5586520327227578	0,59643502177317
4,86201612204807	2,407613975869536
4,645030055845152	3,671814982329825
3,61350063319323	0,7254373582050695
2,7157754009659536	5,844178525011956
3,892118749808638	4,954701638908938
0,5864770805359623	5,577143192641586
4,1548712355433866	4,863251864528242
-0,65762106312398	4,386078388057039
0,7053031293556429	5,546846224812548
1,8512697162411862	5,899723487207739
-0,0724606367209768	0,9866332675437937
1,4988189654923385	0,28085018251159344
4,796877045975792	2,8186234733378153
0,08479177569704621	5,253854932567199
4,69702244763022	2,7506420617742147
1,6584479001630277	0,2802514759084844
4,329280481241639	1,226349076809577
0,5622738703406729	0,38089163782717117
0,5065709028848868	5,476631584781078
0,6646022501767899	0,40717848950451385
0,9169958561535203	5,647351146438171
0,6340210845604721	0,3868570087299634
-0,7736070878201255	3,940596036146892
-0,45728345014395133	4,461613920472933
3,6631294629085858	0,7218909847342005
2,1808698264091726	5,989631302445094
1,679121821559975	5,763447325345513
-0,8738393589921607	2,6768263429086403
3,412367741984724	0,43100237827025234
3,930544118387843	0,9046830617288322
2,6475393826820834	0,23208719168833492
0,8144146306049356	5,682567135074423
-0,5841492504339634	3,855463919634028
4,99286984573415	2,8118422187316487
1,3943319095115236	0,08001421297434064
2,7142363952941144	0,2885191970179566
2,5483886985823845	0,06766979551137409
1,8855766035152826	0,1414791226255634
3,1123245009828753	5,785716373419097
3,8441712190095547	1,017323575884651
0,8438701757943396	0,3539606788534293
-0,010189645498313027	0,9412270311482249
0,6814295019700904	0,5785456716698114
1,778387366620142	0,1609359951896039
3,6390713797386605	0,7763980116720357
4,201609367692804	4,720312089012423
2,6059597239366346	0,14138296466224265
2,185281166089946	0,19545152021997758
3,42744524774559	5,29629508497407
0,20641213408606096	0,8206817300219762
0,5958315405255783	5,308095018137214
3,7746168105921085	0,9615231358263778
2,5779821907220803	0,3585293307125843
4,481772571736544	1,867362050586865
4,859491654229988	3,3016411269995256
3,6339664139179058	0,8229533305041081
2,396060462955295	0,1128970445148112
4,952015759751966	3,030493296310777
4,391022315411446	1,4072521150119188
3,945706788711859	5,15514639709547
-0,42607225247273295	4,517174234126524
4,7120039974407515	1,81327393468969
4,1734422022283475	1,2770484986920787
2,283056481449203	0,1422117253216948
-0,08974841095022112	4,75659761466884
3,7972806155488352	5,066454673251698
2,4920639857258218	0,16250859913455784
4,487784102653975	1,9132149524670037
2,586057869706311	5,908799173012031
4,697105343867519	2,09722192606426
2,9912125836277186	5,597779516036729
4,159955893858211	4,951653844757859
1,5037245573899174	0,1685656654663683
4,6916614047938765	1,9428724581743142
4,128716852708983	4,893425575255472
-0,9073815610264262	3,093869927435388
1,6674972304505353	5,783993737498168
4,252188586141747	4,976989598937681
1,3993476440284045	5,783048024869327
1,975119808769926	5,913910959547209
3,367833289693721	0,3567331870867183
1,7252854749585749	5,815414503147469
0,01889871611641114	0,9313206782329124
-0,9764442742098711	3,0815590830306543
1,4006896897369099	5,771406281055973
2,8101464549588115	0,3693643518240992
-0,08781978355644915	1,1473772052556492
4,342914708678314	4,484301287751808
0,10677474757464633	5,167435320390419
4,705962539192699	3,137955876735905
2,6999594466189447	0,09582621781460565
3,406447315027086	0,5953234061687809
4,522388255178251	1,5613053392423148
0,7018025279502471	5,596925983773469
2,2598541820193816	0,2354308928625244
4,88725915205451	3,627114636842081
-0,7013177364228893	2,732307247728435
4,683038890745527	1,8934392936629896
0,1708039183114456	5,24333069231448
2,2656838476962977	5,904948662301228
0,582240692792535	5,542184354057209
3,0324087934136963	0,31589152790400243
2,521639957542142	0,29308120375469926
1,1706553333382121	5,800877467463408
-0,3229367305985775	1,2491628212482002
0,36328590175328324	5,376874440725839
-0,7653898280186193	3,502096032563698
0,8623793153845078	0,5259742630286621
2,432992712385605	0,0529673402115769
3,080527829934665	0,44763811006130805
2,95823187594284	5,697940441078361
0,22198420603354818	5,295674413189081
2,084946099827829	5,942382580146038
3,8136201015575315	5,129923002132831
0,8295093045668553	0,3973484370274827
4,27060832738073	1,509282717024174
4,750707266646884	3,7646446606626265
4,171272011348821	4,942380701534055
4,42841600587403	1,5491579597452667
-0,7046274436256001	2,659203920116103
2,6633313689600264	5,889512955350993
4,713054126963447	2,6044258627973704
4,787099296575427	2,0724983483114072
4,845873033366832	3,136510012338541
3,7943713084102164	5,3564288521204215
3,186619204359394	0,3846022002710523
-0,49639253261165095	4,633784440995382
0,5826256190673764	5,560968045622454
3,3620086372960194	5,5983053575948905
-0,5755082525622877	1,7909361699161148
-0,6926326819927078	3,6868190550644426
1,275185885147002	0,26909029592881994
1,5531445478983095	0,33692620628275494
1,9351992526556678	0,010262424564701167
1,6849451199442524	5,877912992274879
-0,8460298650918263	3,0004550996212203
1,87785726966626	5,841491238318104
1,455181226137368	0,3013866072388889
2,5673903175896218	5,932047208488957
2,025391461966363	5,953275156674361
4,830792741867503	3,4328819254848906
-0,7025802566409354	4,0282308986821995
-0,7468044752194998	2,0359072449370883
-0,30054956976391267	4,54506415892025
1,357151237027193	5,87021804070572
3,0254173398442292	0,3965195427400703
1,1264956214245605	5,593264504379257
4,814567769672722	4,03464983965217
4,0394122450475	4,804232560945876
-0,5592742039407144	4,07548386440659
2,6676341361754323	0,23899136583624747
1,7913664281296315	0,020546962456722273
4,814548807459462	2,060638518563975
2,2197952363867963	5,721269933162599
2,060209985539559	0,16612252210184275
-0,4810768197398665	4,519693404894974
-0,039308897150805766	1,1679071178368918
2,9707474793469153	5,624831258237423
4,668630403826107	3,4612967181407805
-0,41260544364041696	4,4161845057472355
2,321383672140948	5,940233279687949
0,02884420335988347	5,228892025970021
1,8320168231365963	5,893507856921424
-0,5325542964799985	4,267002790464774
0,8336459197100161	0,47111596778433107
4,602637686925642	4,101716602363217
-0,5170641282991628	1,804156257157988
2,4523188036550296	0,0900455519737049
1,4930047466943897	0,19172566657841195
-0,07669085988873547	5,108950034292604
-0,49254489692316206	4,357462502080907
3,228246690404335	0,5709792999079042
2,2545639093022167	0,09377922348031831
-0,5172226426823752	4,049715214749187
2,508040072145275	5,9166058434757085
2,582412693900001	0,32106879018636825
4,699798090667731	3,5458971348311543
1,0332329753639464	0,3486742547820403
-0,7418306415792864	2,9895642288412465
4,9492353319492715	3,274547370436517
4,365587603333157	1,2780274532498759
0,205934526078015	5,061788024637801
-0,6105924634758746	2,0373525981153398
0,8381985767495799	5,562163752944203
4,515061383934092	4,064784247459257
2,1167281729635965	0,1100913668529464
3,3258616313295812	0,5745478322679713
1,7569512204382114	5,693649893526171
3,883489092301462	5,093643933925699
4,94697496287514	2,563178214932952
-0,6700142693812379	4,1261179418262
1,7655749283110391	5,8386027214815455
1,7122256240299758	5,893078168410572
-0,06727086679747618	4,912422344970127
0,40253481946323455	0,5824388373533922
4,288136921007164	1,0920948876210517
-0,58368310319733	3,8578576023918316
4,833349848453644	3,6472747563129344
1,2010143587696405	0,32785993298969807
1,4767059563564047	5,814135655360062
1,9442542899076503	0,013341346981941893
2,2887181554632225	5,937870718940693
1,8759890744483183	5,821479828036686
-0,5460297203985247	2,070241834886457
-0,7508423675796592	2,0034972199972634
-0,30275288586123716	4,570983023433234
1,654845469265808	5,751891893745793
-0,38565750004971244	1,2641944988991822
1,4765977372179162	5,922420891294145
1,8760396046849792	5,889753734467948
-0,7860404250323136	3,44983072373397
4,399957040398842	4,522285521587076
4,157515412399261	4,787841148775167
3,3062600175867995	0,5495082378914655
0,4254250973397309	5,245682920640663
2,2143160357958087	5,7064344054312715
3,51268429030981	0,7610350354699946
3,8400838721932455	0,8847953632140952
-0,5392038242399222	4,254282352626152
-0,449129132938511	4,221403289751784
-0,6921709693009999	2,30492751607267
0,5506460591368179	0,4612467779906577
-0,5498663266186452	1,7069108572101803
3,257222775523741	5,699132359553005
2,2921441170797565	0,28753635123418286
4,282901428083186	1,182716385653196
-0,4141819576752348	1,4231149912216758
3,0132911344553	5,516660699411323
1,209752501044158	5,864801263328099
2,143513439212645	5,871933270273782
-0,22484880791537032	1,0009125375959391
2,2739514947346	5,939055560613118
1,842010674716018	5,843963460179062
3,9880264183972933	0,8041190986233908
2,6507971818860794	5,798851028643583
4,777684141886722	1,9762728214682537
-0,8628762345694501	3,8022386633102863
-0,46159618246535006	1,435690314289489
-0,10112305715272951	1,2504858872398694
2,6353209293151707	0,2932004023304433
-0,8333245624809749	3,1990153577811777
3,27914651472796	5,412874181614805
-0,7782808896218012	2,3070507744101407
0,2021007149784111	5,185877916265779
2,9770993496421263	5,577127344210381
4,681420921975517	3,4353151847486436
2,0805657604653693	5,706235654321933
3,469223164585684	5,296479119621182
-0,9674489094354763	2,760558157916117
4,6392371091785565	1,6689810744600826
0,6686482208502333	5,5788317850462725
-0,8172950579473124	2,3795464470984387
4,4992077340059575	4,526623534153039
2,572869026578268	0,3298872861857669
-0,5386669108711408	4,4453180210320244
0,6002561930998893	0,35734635153640504
4,332962159333056	1,2462811684552673
4,442437543965867	4,6799593878798555
-0,9932198836720154	2,868085737435742
1,0008303133215253	0,19148488705493882
4,294552518945379	4,90461696229983
3,8059155796124244	0,8760013841665022
4,8289635180198935	2,7660929648916013
