1000
983 1019
1338 1403
340 815
339 676
196 1391
26 416
179 727
224 629
8 1352
642 1043
94 182
115 703
329 426
382 1383
702 1331
724 817
332 392
787 867
638 1268
365 422
770 876
808 983
173 1221
369 395
514 569
142 965
222 1388
282 412
377 634
100 329
1242 1298
79 362
739 1074
918 1138
295 1349
256 642
779 1049
1359 1383
1079 1168
424 663
755 1248
588 1055
4 72
263 291
1046 1301
63 850
621 849
722 914
174 792
617 745
692 1095
527 1123
18 29
249 1374
193 1377
1120 1394
82 730
397 511
41 813
275 1056
814 929
506 1403
358 1037
779 1143
185 917
649 669
1127 1236
33 880
616 1291
640 1419
181 236
292 569
280 414
132 715
593 1336
531 1098
622 1021
267 596
354 366
760 1101
289 917
981 1091
199 805
672 1172
120 457
748 940
1325 1423
834 1315
241 560
353 420
418 1382
568 1406
40 939
544 1144
606 629
231 583
776 1321
236 1057
96 1042
107 469
413 1124
112 851
466 687
419 1376
479 1437
8 194
45 217
658 1401
87 873
381 1393
66 447
463 902
36 39
232 300
411 901
38 901
224 747
870 1428
304 1044
78 1020
1248 1263
792 1254
923 1356
908 1306
602 880
101 1244
621 743
1212 1423
628 647
882 1291
209 1280
427 970
194 284
241 1087
560 1181
913 1102
643 888
246 456
979 998
519 573
762 770
17 210
375 602
1028 1124
53 1365
1187 1411
242 753
676 1332
825 1418
58 98
652 1022
195 937
734 986
699 713
137 854
344 1262
128 1171
790 1273
62 836
681 946
350 447
1366 1410
193 564
634 971
324 903
225 1151
439 1200
372 994
943 1278
747 1164
1232 1418
68 534
472 1319
1263 1377
429 791
166 274
829 1182
699 1370
366 1066
9 1007
739 1041
445 801
334 511
790 1339
1182 1256
1157 1260
240 960
892 1271
1065 1147
720 1292
1043 1366
821 948
80 171
371 1376
944 1104
194 1163
115 510
644 780
502 763
152 227
670 1050
982 1017
99 953
662 879
254 1387
331 926
383 450
624 1077
315 869
215 611
550 1385
523 1395
296 891
797 876
901 1347
301 717
442 1113
404 1061
491 551
997 1298
275 1165
155 1190
91 1130
794 1192
3 1167
523 918
661 1414
1076 1392
273 1378
91 827
131 542
780 1059
195 601
67 1069
1325 1407
715 1262
859 1015
265 273
679 994
597 1416
773 1191
415 774
212 651
255 1172
436 1076
273 1186
264 489
1165 1335
41 472
74 104
155 956
322 1067
390 1237
6 14
959 1092
1028 1389
968 1302
77 459
225 387
187 1148
59 1314
1085 1126
1335 1410
314 920
104 1166
711 870
739 1396
1001 1330
609 1228
246 1232
2 32
60 1069
194 844
517 729
27 68
205 1263
84 880
755 1259
86 1397
536 1057
763 810
366 651
959 1276
85 883
1276 1341
27 1208
482 1215
201 730
75 959
97 146
676 679
363 1234
1007 1021
580 682
121 321
995 1052
157 805
45 528
1213 1435
491 1251
440 817
433 1315
550 1086
30 91
415 1433
475 528
87 278
531 550
919 995
412 1114
157 764
499 837
57 1002
917 1277
693 1152
465 596
402 562
592 842
14 987
366 526
736 914
442 640
69 226
743 1268
919 1128
566 1188
393 586
267 430
787 1417
135 162
1060 1074
991 1339
621 1204
494 903
192 269
794 1171
63 314
377 1361
935 1272
203 993
827 1280
301 519
1100 1246
1009 1055
222 308
520 1305
694 739
157 224
670 1145
88 648
1086 1143
798 1203
65 915
615 1306
272 732
385 421
736 1387
811 1037
306 904
91 916
752 1043
1055 1344
918 1174
203 586
268 1372
157 1393
52 270
749 1320
62 378
403 1434
336 1173
158 903
374 783
40 857
10 1319
924 1320
285 959
836 845
464 1032
709 1231
57 425
708 1356
714 1257
300 963
27 219
599 885
149 707
277 525
72 658
456 468
275 1389
88 1094
660 1314
701 752
230 965
806 818
945 1362
518 1243
1002 1010
520 953
82 875
746 961
11 1212
569 1049
83 566
95 1239
248 648
233 243
572 616
83 793
174 381
323 1327
641 975
114 258
887 1002
885 1045
771 1083
23 723
229 1346
958 1195
871 1212
433 978
620 730
112 553
637 1141
435 1268
1123 1229
612 1114
321 852
747 1358
189 987
4 650
946 1219
273 1034
64 982
838 1355
123 342
161 881
65 1066
1207 1302
474 758
673 942
141 366
283 848
295 536
604 731
149 938
171 752
275 1269
930 1039
246 1051
783 1034
11 1303
540 1027
55 648
275 486
201 804
472 707
373 1404
17 1392
408 1422
174 1414
851 1423
174 656
311 1401
542 1431
1167 1349
71 853
464 826
271 903
681 1339
579 803
1004 1380
873 1344
250 773
337 544
133 1332
196 1189
240 988
386 804
614 628
37 775
793 1412
496 776
192 473
436 785
692 859
9 698
559 1051
121 719
1254 1371
110 1148
105 429
1010 1050
33 859
116 176
394 1343
235 1131
506 596
597 1247
4 124
804 1012
976 1078
831 991
481 979
179 462
915 1251
18 1051
843 1081
50 1233
1057 1192
997 1101
385 1134
296 440
182 366
212 358
103 109
39 724
282 1248
624 678
129 1242
629 1066
408 733
228 1369
488 1335
134 783
1089 1160
817 1199
627 1425
316 752
1067 1237
789 1004
746 1108
658 1327
900 1240
683 789
153 377
1273 1340
840 1014
211 584
1089 1191
697 1112
202 640
931 1100
682 824
1373 1438
20 678
466 1359
276 1317
986 1381
748 1403
174 513
378 1339
311 710
903 928
642 1411
413 580
25 1069
286 1222
34 1182
265 832
544 864
375 1413
1276 1338
902 1275
414 930
328 1271
238 312
325 923
1052 1063
714 886
210 1308
500 719
180 381
443 1090
283 989
573 1271
332 358
776 982
299 1363
72 923
761 1015
584 689
689 1234
516 959
84 1052
406 1207
275 1356
302 1388
1285 1431
104 168
874 1128
774 852
687 1280
181 350
587 709
1163 1420
577 623
27 393
989 1327
41 1084
45 919
837 900
926 1091
443 585
943 1385
80 208
188 723
1055 1305
553 1044
708 1403
330 445
346 1383
521 1197
196 1178
546 645
303 754
755 838
616 1250
299 777
638 1297
262 909
362 808
1291 1310
11 530
123 223
635 1079
629 956
135 255
266 785
245 740
640 1167
495 799
315 591
319 1389
266 944
38 596
223 965
841 1400
266 974
811 1436
379 536
459 1127
716 822
550 584
1091 1397
7 976
29 453
36 348
1041 1187
211 645
283 1280
140 824
754 1171
70 1331
555 773
49 524
612 1199
554 1173
1066 1258
191 554
165 1237
657 1359
392 1311
865 1063
202 732
542 1312
114 1077
1120 1294
347 988
176 849
575 974
83 302
917 1287
1203 1310
407 996
470 1346
703 1128
54 309
54 1060
207 215
1132 1188
218 430
1014 1432
142 887
538 1343
111 793
470 1131
73 116
699 1380
358 699
60 751
354 876
37 1152
115 455
239 518
84 1043
549 1051
352 1014
956 1408
301 1003
113 814
20 326
9 1230
837 1295
715 1060
1037 1295
579 1337
1260 1292
319 777
384 984
534 669
941 1312
487 1179
64 840
782 1370
742 922
596 1411
510 1307
956 1086
838 1004
1303 1327
247 329
98 460
349 736
392 539
985 1341
287 297
261 999
1108 1124
204 901
318 1066
1084 1288
347 349
376 1216
6 539
1006 1401
401 1084
520 1245
697 1235
392 1132
870 1437
592 1317
726 1354
521 1379
56 574
723 1340
171 1355
790 846
1159 1212
371 476
457 549
1330 1344
806 1211
664 737
190 656
340 1132
172 1436
601 935
1029 1253
562 1050
704 978
427 1119
354 1091
431 562
293 814
99 1136
709 929
995 1397
319 1098
87 900
934 1164
1042 1355
11 385
155 516
557 1257
498 723
906 989
526 642
282 1212
418 1005
229 1286
193 1332
471 532
560 1006
513 1298
108 1347
547 681
282 344
964 1017
272 1261
204 1337
379 767
556 1025
99 637
330 1107
216 334
627 996
912 1122
674 756
979 1147
656 1407
515 660
130 789
680 1160
492 1157
748 1410
266 411
66 744
971 1307
331 645
314 386
444 1081
429 734
516 968
124 1307
100 1053
1239 1368
281 927
66 1185
736 991
824 868
333 1183
689 923
62 654
958 991
846 1298
307 1077
875 969
963 980
29 533
17 1044
945 1216
943 1281
612 735
216 1374
479 1261
160 826
81 685
338 359
73 306
99 713
150 938
200 494
96 1303
852 1336
204 1102
627 1252
994 1073
95 204
737 867
103 1208
147 738
1069 1312
249 914
206 1220
228 335
506 707
587 837
132 298
344 509
325 1037
40 301
1091 1115
1138 1263
1068 1130
40 949
227 430
14 390
183 243
91 642
446 1178
1014 1107
911 928
272 694
169 470
887 1210
737 1134
697 993
337 1395
106 656
575 781
430 1107
726 1135
523 717
389 412
320 1136
625 1280
456 750
225 1266
54 1194
98 644
14 371
435 1311
389 746
732 1344
845 1289
820 1191
231 289
868 1005
1101 1229
355 996
488 632
134 1181
131 196
345 633
82 238
210 885
1122 1364
145 1247
222 338
954 1291
588 1222
963 1006
1067 1315
584 1228
555 797
1237 1274
516 1437
62 218
493 1367
10 1440
485 610
989 1280
523 591
942 1056
754 887
286 626
1223 1371
9 541
581 1297
1072 1371
394 996
71 735
71 927
136 1192
418 719
206 475
831 1425
799 1232
592 1407
870 1271
186 976
1062 1109
839 858
786 1020
162 1172
1057 1407
630 1056
914 1202
168 1086
359 868
137 219
89 294
156 535
68 103
473 935
1159 1284
503 518
930 1228
60 326
65 91
249 635
765 1260
196 596
230 404
500 609
99 1161
84 1180
628 633
262 946
314 1118
79 1185
418 460
492 788
915 1411
58 974
544 1069
389 851
632 1241
288 629
328 1066
626 1411
640 1284
659 741
89 1398
246 280
112 901
174 591
607 663
739 1359
811 1113
56 865
194 1082
510 1350
177 390
374 860
829 935
239 827
156 1024