1000
771 1184
935 1152
155 1068
1086 1357
207 1133
368 1051
698 1323
1319 1438
117 1200
82 908
752 769
145 335
294 948
357 469
388 1291
63 651
491 720
57 231
265 627
274 1280
570 907
432 972
1351 1376
560 884
1307 1373
252 1031
1139 1362
1171 1212
1164 1291
845 1175
441 1216
728 1328
845 927
37 443
225 811
568 1253
508 807
633 1148
933 973
406 810
735 753
53 755
484 1242
282 1135
86 805
784 1143
217 443
36 682
772 1295
242 1233
157 957
42 460
199 246
874 1072
738 812
576 1385
843 1216
188 844
389 955
318 632
1011 1287
478 517
369 977
787 1060
202 231
124 341
929 1314
376 1080
710 1421
951 1207
534 1392
1103 1425
54 993
514 515
470 1108
368 537
582 1401
97 801
403 906
809 1227
126 956
259 1221
138 298
709 985
925 1327
169 1104
125 718
764 1159
631 1334
318 1190
520 1275
661 859
448 916
57 236
623 640
700 1322
1246 1427
87 531
634 1341
640 1112
985 1028
942 1336
20 871
24 818
85 538
386 719
215 975
114 916
377 661
585 1168
291 365
795 798
330 881
262 979
388 1236
132 572
112 722
371 517
521 549
979 1111
161 242
14 391
229 1066
362 1421
1007 1222
1111 1190
54 220
621 981
196 832
236 1097
1301 1392
477 1409
378 679
629 919
869 1211
217 633
1083 1126
937 1248
195 592
335 626
469 492
131 641
1242 1413
434 1063
49 1080
1019 1050
68 78
771 876
132 166
393 1334
892 1277
931 1322
138 1051
579 881
96 134
994 1237
1197 1217
66 1175
198 508
1003 1093
1098 1384
283 597
1297 1431
124 239
670 785
158 476
305 608
31 561
26 950
627 1269
179 737
618 1286
305 817
71 1228
389 1343
827 1398
893 897
1093 1273
454 914
120 177
834 1120
368 1093
477 1278
764 867
856 1026
1044 1158
901 1413
879 1133
1142 1258
1021 1092
575 910
370 1243
432 1163
906 1204
733 1310
218 1209
104 301
68 1131
367 509
387 989
357 964
697 1189
354 1262
135 1118
585 762
955 1279
106 1416
18 842
766 1427
652 772
571 989
1091 1170
137 264
401 675
753 983
613 1330
21 867
143 963
340 576
372 1068
402 686
276 1251
853 902
402 1108
1161 1351
455 458
621 797
449 766
10 533
541 890
769 1095
518 1252
877 1007
448 1425
267 876
118 1364
798 923
349 1347
515 1091
488 1035
799 1281
279 1397
358 735
581 1183
442 1214
1179 1236
193 1144
1089 1254
679 1122
145 681
77 635
957 1271
103 362
211 1101
120 1174
707 973
363 758
1273 1295
205 656
40 92
680 1053
111 843
516 1035
9 420
364 1052
32 459
974 1259
394 602
213 750
441 782
712 806
455 806
254 1016
1103 1246
262 620
458 639
202 1139
780 1230
662 1097
271 880
202 970
909 1049
1149 1269
156 485
511 706
636 944
1001 1055
1001 1019
504 549
112 820
907 1264
164 988
912 928
26 1005
370 755
697 1175
577 1392
69 995
1112 1296
439 827
197 1110
980 1325
689 1053
512 686
474 559
926 1057
108 608
801 1214
230 909
117 624
705 1111
342 939
151 687
340 1150
185 1271
433 1212
1257 1326
105 301
439 1090
244 696
354 640
901 1116
464 1179
728 950
552 1431
499 1310
525 1431
1178 1341
325 851
149 1274
810 850
1176 1310
1052 1081
765 1013
246 459
761 829
855 1307
472 772
694 1413
750 825
279 519
907 1041
773 1122
254 1053
44 669
28 1418
261 279
680 800
236 1101
462 1169
73 1074
503 969
631 1301
817 1278
760 774
684 1383
71 1223
1247 1411
1025 1137
347 1367
826 1248
94 713
11 758
283 1366
918 1024
538 1169
393 848
19 399
520 1193
463 954
71 1341
542 1165
799 1139
255 1366
472 967
56 912
71 389
479 938
537 1185
57 692
27 852
250 271
1048 1308
429 948
265 971
647 1161
32 1146
363 1036
946 1265
214 992
50 797
1275 1357
31 1267
391 1012
934 1410
186 304
431 1111
51 284
917 1339
204 269
798 1086
544 1439
225 1063
400 1241
176 827
395 1010
70 1251
142 586
1311 1414
86 861
846 1240
537 1234
999 1119
301 340
566 1096
631 1083
75 1073
473 654
22 1229
92 1418
285 1141
434 675
307 554
469 1241
1055 1408
935 1183
555 1238
424 1016
28 1112
961 1048
576 780
225 1123
340 898
697 1083
750 1006
176 485
360 1252
661 663
590 1017
986 1378
715 903
420 954
632 1340
263 939
1316 1371
140 1299
801 1110
29 1138
56 183
726 1346
1008 1440
647 1164
1291 1418
886 1047
690 1334
821 1188
515 799
636 799
369 827
555 572
738 1290
13 1002
65 926
28 1362
57 504
1317 1427
57 139
527 702
535 1348
783 934
547 1351
921 1357
81 936
165 1130
749 1415
836 1250
97 1154
1378 1400
505 760
934 1092
781 1152
206 1094
243 1315
753 1221
224 1044
446 1440
104 306
423 565
50 1219
1169 1192
1046 1189
382 1323
958 1321
297 760
437 482
385 1246
77 290
1043 1153
831 1280
603 668
766 857
308 1255
48 761
63 1204
352 1300
180 363
5 53
83 465
663 1308
947 1292
292 732
44 923
583 1182
223 476
461 1121
1194 1327
227 549
472 1330
101 1399
331 763
424 497
3 1047
371 542
1071 1375
285 1233
533 561
88 685
180 249
457 749
511 555
285 662
612 781
412 731
300 390
750 832
604 1023
959 1034
125 1156
42 972
158 1216
168 1289
967 1360
414 535
1207 1217
1324 1341
557 1352
13 1170
55 1219
910 1268
382 704
617 1044
661 1164
72 1000
666 700
739 843
707 994
166 1133
400 1400
806 827
798 1230
1056 1097
743 1037
6 934
632 1345
378 1319
1118 1440
468 557
566 865
345 1397
417 880
366 933
438 816
701 824
273 547
224 421
221 1302
634 1166
48 572
209 389
630 1064
226 728
723 900
358 409
337 1284
319 1156
1101 1232
886 905
571 1376
639 1369
494 1177
508 982
1310 1322
15 1115
541 1146
151 683
250 653
32 1281
95 101
11 715
175 656
819 842
324 675
935 988
184 565
55 396
377 737
886 1252
640 1356
289 942
224 314
120 556
84 613
539 1180
172 253
1033 1171
135 930
54 1338
24 468
861 931
733 1156
732 1162
511 943
401 453
320 690
21 1263
699 801
259 1258
379 981
179 725
886 1231
20 185
274 420
145 225
970 1401
1179 1297
343 1207
1003 1284
454 536
715 1267
292 1101
741 1087
1293 1308
472 1077
89 537
838 1144
871 1093
110 1272
413 1191
233 1192
29 574
485 587
1015 1437
304 1309
1063 1239
113 211
94 1199
210 1149
1075 1167
232 1288
1114 1299
834 1090
522 824
647 991
67 507
825 1373
493 1283
106 520
189 1243
523 882
671 1235
764 1330
1029 1335
1015 1119
740 778
139 770
330 387
217 1058
1017 1143
261 1213
194 1280
163 1311
369 1302
788 1438
216 220
801 808
1089 1250
72 624
693 1243
426 1185
810 1030
15 959
297 1046
969 1122
174 549
944 1342
855 1258
35 1114
733 1225
331 738
27 521
381 1149
758 989
618 1076
532 575
113 996
97 1430
728 816
120 698
8 107
39 1190
937 1044
474 1356
536 591
142 468
11 1007
929 1010
3 1182
390 1117
887 970
109 585
144 1159
654 1267
744 1097
347 473
106 596
363 450
902 1106
382 437
364 1319
584 831
1251 1286
628 1310
496 1360
352 460
649 1392
773 1392
983 1336
169 831
383 580
977 1259
204 347
56 1157
115 361
503 908
1083 1310
401 1338
768 942
992 1318
82 1028
188 448
960 1054
792 1180
237 989
511 512
370 632
487 910
909 1148
54 1198
313 729
463 1243
152 294
772 1117
63 632
625 1421
1179 1384
13 477
161 938
224 958
440 967
240 641
481 1324
134 178
92 753
874 1124
872 901
996 1132
88 924
164 687
619 1200
1069 1313
968 1270
187 649
539 950
1069 1225
336 1386
409 411
346 590
742 1323
817 1065
68 615
377 940
309 324
231 670
322 1203
1132 1401
188 733
10 1226
450 863
220 477
480 1093
604 1342
1092 1152
368 477
636 1401
27 213
245 1335
622 1352
626 893
84 988
889 950
377 1187
161 965
216 299
896 1059
396 953
398 410
182 326
321 1066
107 309
96 1125
281 1065
618 914
642 1050
198 1101
1012 1095
262 1322
20 745
830 1322
116 126
414 989
752 1187
535 1190
696 1187
637 1038
534 978
213 806
235 1041
970 1127
474 1233
780 1384
460 903
364 498
645 1320
25 1297
451 1216
35 780
532 1152
620 876
127 784
76 128
947 1168
277 642
21 606
1015 1419
829 1375
489 1045
559 1235
690 993
193 404
417 912
226 1302
641 1436
94 880
865 1047
171 1162
4 1135
304 1167
900 1118
1059 1120
748 1119
226 1131
579 814
1041 1249
735 745
271 487
1112 1277
396 440
282 1316
312 1128
609 649
286 498
68 1221
705 879
453 1163
751 799
248 945
1 830
196 619
118 229
480 1121
166 1122
36 1435
212 1229
501 1134
858 1130
1359 1438
414 1029
363 644
197 487
125 697
946 1275
50 818
695 1145
88 562
171 405
281 934
75 1110
933 1257
667 1290
248 628
1245 1415
740 1207
31 671
343 436
388 792
243 724
106 635
102 1420
79 199
267 1172
206 253
146 1295
347 562
917 1050
75 1068
38 418
171 937
304 610
958 1033
36 914
374 910
1038 1321
333 1394
539 1360
776 1095
277 547
34 1286
917 1240
651 959
332 1039
1049 1110
151 824
1039 1319
398 431
39 1398
638 1363
347 1033
366 705
949 1143
454 1227
832 995
530 1105
412 713
856 1005
146 807
80 184
17 766
320 1264
617 743
251 1268
580 826
11 1224
178 1353
240 1291
1200 1204
264 1072
158 1242
525 1130
309 529
204 972
801 1023
814 953
267 826
1318 1351
876 942
326 456
315 344
683 1066
47 307
413 1065
404 918
452 1324
863 1345
1039 1402
962 1037
474 1125
739 1143
635 1114
407 1284
859 1340
1 544
326 1361
220 1151
285 1337
695 1386
1353 1361
395 543
145 935
4 1063
235 1396