11,0622647 -10,73403357
20,3425524 -9,259963152
11,8385578 -12,75860258
11,2318025 -10,89887707
11,3236014 -9,605158912
11,7634203 -12,40469344
12,1718477 -10,68804738
11,2174176 -11,46827242
11,4873668 -10,90194946
11,7732508 -9,8813312
20,7473625 -9,108470944
12,0842552 -9,153355056
10,721067 -9,56084432
11,5252123 -10,29120987
21,0477485 -7,91545456
21,4257277 -8,242066048
11,5487421 -10,35296342
12,0544816 -9,2730564
11,1857722 -9,445584448
10,7832758 -8,782573232
21,4335421 -8,552071072
12,0283005 -8,739170992
20,7155362 -8,045956624
21,2638153 -8,152288864
10,2372412 -10,2780641
10,6613824 -13,1931199
11,5242015 -9,750027104
20,4047087 -7,628070624
20,4783003 -10,62883074
20,812028 -8,097801424
21,2351713 -8,947221632
11,7807084 -8,434228704
11,6840582 -11,8066728
11,2712106 -8,715261568
20,2272757 -6,149269888
12,0466624 -9,226158528
11,5162862 -12,4701664
20,8785812 -8,624148
10,8732523 -8,738644144
21,2723648 -7,535286912
12,1251137 -9,606994032
11,6022846 -11,84468482
10,2451122 -11,51267594
10,844234 -10,20272954
20,2454203 -7,186884256
21,0246203 -9,258333888
10,8422145 -11,72766654
21,2852671 -7,055137312
20,8473725 -6,159428288
11,8661027 -8,085302784
20,8027785 -8,400972656
20,2022635 -9,622568976
20,3618237 -7,815236736
11,1072034 -9,729857136
11,7741202 -10,81835546
11,5752322 -11,92127456
21,6050441 -6,898208736
20,3228272 -7,815236624
11,113557 -11,62760899
21,0823341 -8,034721568
20,8538382 -8,406342944
20,6447004 -6,759604928
11,4278234 -10,22329598
20,7757284 -9,079346688
11,6208277 -8,184827776
10,7806806 -8,153176352
20,2771425 -8,354219264
10,713025 -9,449139104
11,7246714 -10,55961451
10,8518471 -11,63314862
22,0532455 -8,724531696
11,7212236 -11,7488463
10,8874283 -8,598775296
21,3826808 -8,26969936
12,0072272 -10,97206302
11,6576322 -8,733461344
12,022222 -9,253881776
20,8151513 -5,640581344
21,3613225 -6,918878112
20,7676854 -10,53537917
11,5730226 -9,250063136
20,8203814 -8,713356784
11,1806616 -9,84601032
20,7530061 -8,724335808
12,2228426 -10,2042095
11,7104226 -9,027601792
11,7232877 -10,32380098
11,6105422 -9,50642856
11,0135254 -11,17588443
11,6044212 -11,28688886
11,8671678 -11,18736678
11,7612837 -9,214127376
21,1208055 -6,24475336
20,5344313 -5,7919704
11,4523617 -9,073367792
20,0725431 -8,997061072
11,1046462 -10,39313155
11,021226 -9,151976896
20,5238863 -9,049389936
11,2820237 -12,4803705
21,5144232 -9,498597184
11,6372467 -10,54770354
12,8200515 -7,235885936
11,6268571 -11,4872133
20,4320538 -8,733180224
11,2527046 -11,40052686
11,8525234 -11,42592006
12,1702084 -9,527636768
21,1231435 -9,31531344
20,7472123 -10,50661309
11,3383708 -9,881518576
10,8632452 -9,067183264
20,5880357 -8,936114592
21,5330426 -6,373486048
20,4540162 -8,76578544
20,7055251 -8,031659936
11,1223827 -10,95328387
21,3225884 -8,50328768
11,3662315 -11,84235835
12,4408075 -10,67338882
21,5208186 -8,150983616
11,5022676 -11,1781979
21,2222253 -8,430989776
10,802268 -10,28343786
12,3663516 -10,57351942
11,3454287 -11,44392742
11,8171255 -10,98560864
20,2842528 -9,777048
21,8864476 -8,264478816
12,2015253 -7,149173184
12,0087285 -10,48609984
20,7332286 -8,018521664
10,6243462 -10,18921259
12,1702084 -9,527636768
21,1231435 -9,31531344
20,7472123 -10,50661309
11,3383708 -9,881518576
10,8632452 -9,067183264
20,5880357 -8,936114592
21,5330426 -6,373486048
20,4540162 -8,76578544
20,7055251 -8,031659936
11,1223827 -10,95328387
21,3225884 -8,50328768
11,3662315 -11,84235835
12,4408075 -10,67338882
21,5208186 -8,150983616
11,5022676 -11,1781979
21,2222253 -8,430989776
10,802268 -10,28343786
12,3663516 -10,57351942
11,3454287 -11,44392742
11,8171255 -10,98560864
20,2842528 -9,777048
21,8864476 -8,264478816
12,2015253 -7,149173184
12,0087285 -10,48609984
20,7332286 -8,018521664
10,6243462 -10,18921259
11,5085328 -11,19940454
20,6157042 -7,815616976
11,6672132 -10,1893984
12,252624 -10,67364742
21,1151478 -8,263392976
21,4272235 -7,812625792
12,2012144 -6,93669832
11,1445752 -9,185777712
20,5473875 -9,161263824
11,7541643 -11,97344662
21,14262 -8,337204784
11,4475412 -11,15809334
11,2232227 -10,14701334
20,4055513 -7,553256304
21,7202536 -8,757984192
20,712886 -8,09479512
20,3450575 -8,026601792
21,1058578 -9,559949888
11,8622713 -9,628270224
12,3217812 -9,0458672
21,2453234 -7,793105424
21,0552768 -8,93604
21,2327277 -7,816014464
11,254726 -9,204355712
11,8101478 -9,159331712
12,2015738 -11,66211854
12,1662242 -10,32352994
21,8461387 -9,53564936
20,7102226 -7,416170432
11,4181341 -11,71901466
20,6136134 -7,368009424
21,3178614 -8,380525152
10,3877217 -11,75503206
52,6318772 -10,56231942
11,1465727 -9,674984864
21,2706117 -6,447157744
11,7285474 -9,713333664
20,222062 -8,485548896
20,4285772 -7,365236864
10,8064811 -11,93681792
11,1277588 -9,711439072
11,7722227 -11,46636158
11,3787385 -10,3523472
20,7725764 -8,391090224
11,5020172 -10,61247683
11,5032812 -10,32804074
11,2051777 -8,068261536
20,2277224 -7,441054144
11,3241008 -9,164673104
12,8477043 -11,33081526
20,5112642 -7,881101472
20,3845484 -6,927611424
12,15322 -9,87601344
20,7685112 -8,378811776
21,0681248 -6,987552032
11,4105234 -11,96626899
11,221222 -10,72694083
11,1541722 -10,32821994
11,8052207 -7,615036176
20,8820432 -61,42145066
11,3120486 -10,90119435
11,1062502 -9,503734624
20,2084222 -8,433555024
20,8210511 -7,568028656
12,7133502 -11,49308333
12,1331823 -12,01930054
21,7022312 -8,352724624
11,7725323 -10,73036098
11,3647544 -9,100440544
10,7631217 -9,150640288
11,2825424 -10,48475203
20,6454187 -7,454977312
20,3833844 -7,021862
11,5425421 -10,44803014
11,7120367 -11,45267294
20,534437 -8,089301744
12,1147472 -10,20422563
20,8645533 -6,903937312
20,2751385 -9,145425456
21,778412 -6,271650832
11,812406 -9,584322656
20,6062462 -5,746082432
11,2074345 -9,215616416
21,3711522 -10,54750171
11,022048 -10,53720342