-1,396539636 0,94044875
-1,195269727 0,121030667
1,309738636 10,78369908
1,245822455 10,83508317
1,609475182 11,41536792
-1,505593364 0,977921083
1,429434636 10,70011217
-2,124712091 0,389361917
0,760813182 10,40618383
-1,414603818 0,318789833
0,879738909 10,60745633
-1,671739727 -0,01673825
1,618626364 11,21912075
0,644623818 11,36435475
-1,436854909 1,38773825
-0,916262727 0,529625583
-1,310065091 1,982502583
-1,427166455 0,897512
-1,566542818 0,27219475
-1,222020091 1,355411167
-31,12302727 1,117606667
1,68823  11,97545042
1,063353818 10,919462
-1,892034182 -0,262531
-1,874620909 0,035471583
1,109071 11,18255208
1,349365182 12,06596917
1,480265091 10,59576
-1,230821818 0,831396667
-1,674071455 0,030125417
1,764864 10,89718925
1,253005182 11,01512658
-1,695855545 2,164714583
1,651282 11,64424667
-1,550718545 0,511302833
1,104793818 10,16065767
1,498404273 11,28324292
-0,939699727 -0,764705833
1,175365909 11,73143892
1,239664818 11,53905208
-1,890491182 -50,22602575
1,316008 11,66616608
-1,533032364 1,734563583
-2,139540455 -0,427068917
-1,586060273 0,887676083
-1,105853909 0,72992825
1,723233455 10,20284967
1,472139818 11,6929495
-1,710623182 0,708474583
1,533384545 10,23745458
1,090160545 10,2369585
-1,445412182 0,533034833
-1,757502182 0,720271167
-1,096369545 0,243155333
1,086367909 10,82526075
1,452656 10,16300742
-1,689891545 -0,162727333
-1,635724636 1,081862667
-1,374814 -0,103409583
1,219695818 10,59767258
-1,432862818 -0,024231083
-1,032230364 1,231851167
1,760553636 11,65369775
1,177247 10,98774333
1,607995636 10,55716883
-1,456421364 0,4943045
-1,334931182 0,373084667
-1,152068 0,38557025
1,133546727 10,37561408
-1,761763455 -0,392318667
1,568315364 11,07180817
1,454289273 11,19699758
1,253205909 11,79936892
1,57567  11,80563
1,195499818 10,36742475
-1,300133273 1,549451917
0,960617455 11,3562585
1,582685545 11,24057842
1,508554 11,02998908
1,445805727 11,1493035
1,114972545 10,20587
-1,997357455 0,596996417
1,654636364 10,1664845
-0,819033091 1,157986083
-1,346384 1,04180625
1,207913818 10,54898575
1,274599818 11,594067
1,060159273 10,03972017
1,511863545 11,28891917
1,020929727 11,07997375
1,412595091 11,63655142
1,673242 10,72500542
0,815510273 11,45998583
0,806782727 12,02185975
-1,128028273 -0,012372167
1,089503545 11,51906975
-1,089489727 0,578474917
0,930173364 10,834765
-1,497001727 0,644473417
0,997321545 12,25674058
1,300920364 10,33406442
-1,462197273 0,521158083
1,353223091 10,23737183
1,455623 11,09544742
1,154265364 11,22721692
1,367544636 11,38314125
1,132182727 10,90886342
1,767522909 12,32115008
-0,881375545 0,658097917
1,232281364 10,88188358
-1,175812091 0,601704
1,649967273 11,2179215
1,644177091 11,24636383
1,065440182 11,72388342
1,507535364 10,57940067
1,551369909 11,27485958
-1,193897455 1,380692833
1,700744545 11,0012395
1,769170818 11,14565225
1,468030909 11,93373767
1,426965818 11,00997458
1,238391636 11,01878058
-0,887554636 0,48398025
1,125091545 11,29902042
1,190728 10,98728525
1,170506727 11,68471108
1,398011545 10,96978433
1,083137364 10,55125867
1,541871273 10,2162545
2,156050909 11,15569758
-1,108808 0,014626583
0,842693727 10,54013883
-1,188502364 0,70358025
-1,111373364 1,052807333
-1,303703818 0,58186775
1,178251727 11,07949308
1,802022727 10,4964555
1,525687727 10,79151833
1,725932818 10,23031758
1,478759 11,89444375
-1,197255455 0,257577583
1,020488909 10,91200408
1,179287636 9,865911167
-1,455523909 0,494281333
1,087778636 10,50146458
1,929083727 10,92613592
-1,277860636 1,41588075
1,344356 10,59768967
1,420376909 11,47626375
1,702021364 9,959956
-1,489033455 -0,220920833
-1,646430545 0,754627917
1,323512182 11,20100892
1,496571727 10,99194017
-1,703566818 -0,135633667
1,107263182 12,48555183
1,597122545 11,43914642
1,770470364 10,43970442
1,230601091 11,42763542
1,480399909 10,86374733
1,129864 11,41847442
1,339401545 9,6410635
1,775365273 10,57145708
1,808884545 9,549729167
1,576697818 11,642498
-1,618137091 0,513707917
-1,031107091 1,365389417
1,869576182 10,76509167
1,252713636 10,32365492
-1,445479727 0,724987583
1,796936364 10,96888342
-1,453170273 0,664075833
1,310185818 11,02181775
1,354154545 10,91673192
0,978165364 11,42260792
1,308803909 12,10035275
-2,009639364 -0,987969083
1,802414909 11,19683667
1,854947818 10,61227467
1,235902273 11,21234258
-0,785372364 1,505336083
1,671443727 10,26004617
0,998491909 11,82622417
1,213333455 11,3581925
1,735016273 10,39636092
1,296653818 10,9054475
0,969127273 10,60145542
-1,769554636 1,009132833
1,398912455 10,3057175
-1,677083091 0,702865917
-1,733340182 0,468272417
1,526766818 10,70657925
1,149883545 10,82960442
1,857677455 9,994724333
-1,558488091 -0,625970083
-1,903520636 0,995575083
1,310777727 11,03240067
-1,264099182 0,208836167
-1,817188818 1,346680333
1,125576636 11,96252642
1,393265 10,834866
1,642979364 11,17155317
1,536379727 10,61602825
1,333055091 11,01301725
-1,169905818 1,789292833
-1,387740545 0,699202667
