3,099795355 5,481043739
4,896799933 21,45346585
3,480632685 7,296762433
5,237399262 23,61409922
5,023786588 23,6168357
6,362170327 23,41822828
4,428333874 6,984161031
4,230982529 20,44195792
5,642632022 22,94893381
5,55929509 22,8406268
4,995536721 22,32735291
6,585316832 22,7459517
4,19571713 23,96225669
3,99887816 22,02660357
5,511097081 22,94720793
3,774412907 7,090155787
5,594399538 20,96485986
3,490861579 8,112040213
5,830009044 21,82251947
5,88858234 22,55864555
5,302321031 23,45851613
4,32918561 7,560365316
5,216617752 23,80118275
5,49088901 21,84173807
3,468650516 21,92446729
5,088020069 21,61710904
5,714865546 22,99759749
4,045525498 23,82431099
5,957846657 22,60160244
5,487807988 21,88866718
6,263166939 24,13237846
3,380730114 5,99364935
4,930612828 21,9751377
2,768052689 5,319406575
6,116814882 22,28073773
3,891782324 23,78200651
4,898781291 22,58920353
4,531149743 24,07409462
4,423772546 23,2401464
4,107343497 21,78684259
5,321239369 23,86747291
3,359478793 6,026634438
5,22824132 21,165887
5,405404411 23,94208147
4,120993817 7,023349514
4,864775295 6,597680905
4,898631562 22,01153542
4,875696926 20,74751184
3,652139837 22,15857809
6,804357463 22,54047485
4,911324869 22,53423526
3,36132498 7,252654424
5,965722449 23,93978954
5,435972805 22,26489748
5,301739201 22,67433742
4,662736347 22,51699508
5,087488081 20,75822652
5,913121433 22,04780494
4,020381726 21,70181122
4,48410296 22,18869538
4,124358324 22,44473376
3,539071721 7,240017328
5,45328163 22,31959895
3,362427374 5,713441197
-4,573152851 21,65493591
3,843511016 7,30121235
4,600662666 23,08041618
2,899676903 5,624319727
3,32323141 5,781216312
6,180489684 21,80278839
4,083934904 22,81864897
4,721740835 22,23019207
5,19972374 22,80114715
4,774565787 5,462198092
5,94858337 21,51213175
4,341739197 21,91404651
2,463662831 6,449004357
4,915479473 22,93893907
5,187707297 21,18704187
5,887430811 21,1977149
3,324001893 6,003576966
5,115116385 22,96338848
4,722451972 21,78194602
2,780950825 6,391523851
5,223888157 20,85474093
5,637364106 21,72877682
4,017723706 6,223832718
4,214460059 22,34193123
6,42176999 22,95908183
4,400199059 22,0561922
4,965537014 21,78153605
4,337178374 5,351182103
3,92918811 6,883953238
5,688776792 21,09426766
2,978508313 6,619030293
4,700880366 20,50700829
6,081161462 21,16751653
6,484205609 23,31589941
2,817685106 8,362598871
5,382072149 21,96567221
5,140158754 22,33476496
4,688070693 22,07991248
3,084103927 7,630705135
4,724976439 21,26895339
5,555064662 21,63017621
4,087651239 6,058377412
5,349488933 22,20441744
4,460289259 22,22913143
4,362866266 -21,29394036
4,614345136 21,5266029
4,675349988 21,29215898
4,726768336 22,42103258
4,719765341 22,38444671
3,979055483 22,30365993
2,751599979 6,361882544
4,64944655 6,028290962
5,199243717 21,56570585
3,927840953 6,343512371
3,344294685 6,754778779
3,027078876 8,714271379
4,192853574 21,55468464
4,524893271 4,940259232
5,068234091 22,95458459
5,746627021 22,50826449
5,080182696 21,16805438
3,394051555 5,971539084
4,383387241 6,749953276
3,391373416 21,32052632
3,098140651 7,496448582
4,481990677 6,347987057
4,56097394 21,2254445
6,095281896 21,6353683
3,787159292 22,84846326
5,405348098 22,62159678
5,329563943 21,41195692
5,752001194 20,47143049
4,363005481 24,23312391
3,700950614 22,12281488
4,833974776 22,97199462
5,326335516 21,05187552
5,004425433 22,74423998
4,032941783 6,414865212
3,934088528 23,53537194
4,11124525 6,284076692
4,205460744 23,25657403
4,81990661 23,67044771
4,156109891 21,08551816
3,473570547 5,991612792
4,37697376 21,88593879
4,025288918 22,56855841
3,558477057 8,102894101
5,223524096 6,56222837
5,22549504 22,35915432
6,832057245 22,15551284
4,491323724 21,47058137
4,523411954 22,34724495
4,096030003 5,714607588
5,108933413 22,32250679
5,042654578 21,71511881
3,171954165 6,169295334
4,301167463 22,59742236
4,810726022 22,03661014
5,842836612 21,82159723
3,825189068 6,844500682
5,134817742 22,05007787
4,622067558 23,42259601
4,390630752 23,56854245
3,864746667 22,43885732
5,820226709 23,75214126
4,216025189 22,00851809
4,89451659 21,35000324
6,296069934 22,99429485
3,437221559 5,859158447
5,51483404 22,5243861
3,230036318 6,2993068
3,318448571 5,759052361
4,929808072 21,87440874
4,172485564 6,964278503
2,897607891 5,992822656
5,248260738 22,57787255
5,252602376 22,89662336
3,985592205 22,07793072
5,181446781 22,16201296
3,760725585 6,716305478
4,788380293 20,71130672
4,916059787 23,04289646
4,525101335 21,41660044
4,520501285 21,66812491
5,666598485 22,78840754
4,880493615 22,43617827
3,214791954 6,861696073
4,787107545 22,99933752
2,765541062 5,327958624
4,401621738 5,385497667
5,3455706 22,89368408
4,478012696 23,49854617
4,838371817 5,573969096
3,443126911 6,244119849
3,956442042 4,305011334
5,197001926 22,18728999
4,117648924 6,45235471
6,029736037 22,30939806
5,596729792 20,89086902
4,300913601 22,00172225
5,963999098 21,79191205
5,481626228 22,18830422
5,084458821 22,2522988
4,486918493 23,19223834
4,817250611 22,21328583
5,699605815 22,32631037
