19,83204644 1,598424388
19,74347628 2,552629822
11,08603859 9,996230732
19,44737348 1,239044435
13,18310436 10,17689968
15,96218643 15,7515115
19,91746317 1,584182048
20,01900016 1,746467374
18,85198199 1,24506506
18,37318741 14,55555549
19,84883657 0,734973171
19,33692485 1,506366167
19,02864198 0,69466079
17,85052 14,4589075
19,41193763 0,979226403
20,30362743 1,84872755
19,22524634 1,80458519
18,43202517 1,961167374
13,26819001 10,34816123
18,95072946 0,544453725
19,33603902 1,076623436
18,64368732 1,277479091
13,32216878 9,682124865
19,09515551 0,770782581
12,68940682 9,221261966
18,09237664 14,70772931
18,6027346 1,754347878
20,31127502 1,051832758
18,58861668 1,530844533
18,44495073 0,731211028
19,50980212 1,227322189
18,81478492 0,69163258
20,84387913 1,320515481
20,57089126 1,390414355
20,17209662 0,241572128
18,8156312 0,182846013
18,98902895 1,456500486
18,53331677 0,782269071
12,27685535 9,678049497
20,57149885 1,575647109
19,01250458 0,737939932
20,13714871 1,383157258
20,57114517 0,984258378
12,38232473 9,814311831
19,33231835 2,475342134
19,54535255 0,654111741
18,70591448 1,364350194
20,76226561 1,859914809
20,76028213 1,184520235
19,41783242 1,078070616
19,33756884 1,385256339
20,63908175 0,711763623
20,44237224 1,399031225
11,50014737 10,73576527
19,50414613 0,840362247
17,70698789 0,527615545
11,69609638 9,779291009
19,70668756 1,036754781
19,40047781 2,060709726
12,08374209 10,57319328
19,80946771 2,520628996
12,49378544 9,641703276
12,87082024 10,07065357
20,072955 1,505839496
20,18263644 0,571954419
19,21611801 0,416582038
18,62294646 1,113159072
19,85978462 2,424246978
19,1430368 1,142454141
19,67471806 1,928575994
18,64617852 1,558336709
18,4977853 13,76036766
20,84280854 1,347192909
17,57180303 13,88053255
11,79314074 10,00897337
18,29982776 16,27164858
19,44662748 1,948138893
18,62662525 1,272297855
17,83623345 1,851417388
19,03513351 0,166489382
18,784016 1,216414591
12,81935914 10,82197971
18,71989581 0,948540837
19,60710921 -0,284027573
20,58832861 1,941848747
20,03393659 1,481444582
13,66247509 10,68448252
19,50220868 0,977072059
21,04773713 1,032695637
18,38327519 14,94502346
20,20038895 2,033464053
18,06468998 0,202654808
19,3525075 1,954642892
21,25145065 0,123533909
19,35634498 1,649845342
13,07872148 11,01402705
19,36274788 0,958438491
18,95242416 0,938250156
11,99642655 11,43484344
17,51948428 14,65386238
17,39198382 1,670823177
19,58541478 0,738645169
19,92547509 2,106183671
18,69673707 1,682791013
20,67968221 1,459100788
11,76704748 9,984279018
18,21600372 14,36225718
18,50859515 13,83962049
18,87811632 -0,191196786
13,57669312 10,35928715
18,47201479 14,09882677
17,38599311 14,27765703
19,65355953 1,145154727
18,35258161 14,5033713
19,66222974 1,655454486
13,20804714 10,32509973
12,87389378 11,16582974
18,54984345 0,80190366
12,94992948 9,643150761
19,04978429 1,153497513
19,4482731 1,852041505
18,1617818 1,247202166
18,88043949 1,476191859
19,97937162 0,958874409
19,26264905 1,470503015
18,48973069 0,957632665
20,08260179 0,910720665
17,63903529 14,9822116
13,32722671 9,747908926
18,52745078 0,843137159
12,63131851 10,86777367
20,44884511 0,567493427
13,31203983 9,704287153
18,93693369 2,02391562
17,72117061 14,26136985
12,26370488 10,05231112
18,51779902 1,978551288
18,30448881 14,20007001
19,76577912 2,334882854
20,03732639 0,436272803
18,63139034 1,199913769
18,99149297 0,922544412
11,90097883 10,6493676
19,19660611 0,769138481
20,6222383 0,578546534
20,03398404 1,346416692
20,29231139 0,889804177
20,47618032 1,48441976
18,65030915 14,75411565
18,88855281 1,077745325
19,19530829 1,239941115
12,71356304 10,38803912
19,27641673 1,430465022
20,96195841 1,604819585
19,07905421 1,139055923
17,56815466 14,31745511
18,88939869 1,288748889
19,83255304 1,783830232
17,59223341 14,73980923
18,77831438 15,93075902
19,76735609 0,969138726
18,59987147 14,21185745
19,50752548 0,99643449
20,87379172 1,380087272
20,66620909 1,712606264
19,29124486 0,738679949
19,21816111 14,22468242
19,95908159 1,47032009
19,46649357 1,060879767
19,92569148 1,866459977
13,54858961 10,59269646
10,9957212 10,38657419
20,02918377 0,485006352
19,04281679 0,114871509
19,06521635 0,974762573
17,02483338 15,63566586
19,89247933 0,426343309
16,94288931 13,52524946
12,63573803 10,55546339
19,6004963 2,111000171
18,71192202 1,326048575
18,69756175 1,583681234
20,06846095 0,397631189
18,25972172 1,506693791
19,18266787 2,450037054
12,71497889 10,00986173
19,69830725 1,922928724
20,58646113 2,046935854
12,17788905 11,26419656
19,03317933 0,744599276
17,8830483 14,12216236
18,43937221 1,612276236
20,21524151 1,064548115
19,28919526 1,599522246
18,530748 13,94573984
19,37446131 1,748404722
19,67068701 0,168456644
19,58743274 2,067765036
20,08740815 1,14772471
11,418624 11,52964311
18,2640514 0,874927377
19,26378868 2,307015092
18,48901055 1,848644504
20,00644309 1,58970196
19,71533941 1,722878084
19,67600888 0,910318715
20,64500564 1,166044851
18,92480615 2,335502408
13,41855567 10,99217494
19,0893022 0,878545431
17,62264651 14,73226497
19,31122238 0,849438257
19,26430268 1,363499854
19,26545235 2,38903816
18,98093581 1,100561238
18,11978506 14,8683825
19,57742253 1,455425545
19,14621579 1,934756831
18,89235288 2,161738805
18,81154904 3,122607334
19,4368797 1,193473449
20,12908477 1,17786515
19,99654635 1,394280331
13,02322059 8,65528803
18,9209275 1,806279178
19,17730746 0,916446216
19,96837033 0,8248809
20,14567036 0,745069974
18,24646793 15,80337243
19,56497244 2,556547817
18,47202605 0,96528583
18,5877562 2,43860897
17,98655753 15,51322941
19,42795771 0,12691712
18,17624316 15,28590531
18,77584245 2,365859033
18,41651583 14,59941586
13,71321991 9,678355827
19,93898451 1,658328567
19,87251661 1,664168599
19,82256372 1,741874968
10,92084349 10,09813337
19,97777174 1,547617005
18,48953884 1,972508355
13,34387031 10,59601802
18,54139105 1,566374687
19,97628785 -0,010086043
11,34609197 10,29119096
19,4082487 1,572772115
20,06593478 1,412984676
20,37387552 1,244312672
12,55055889 9,986991671
17,42364171 13,70173717
20,03664336 1,20960335
18,91579889 0,521582549
12,87064432 11,42660154
20,0817044 0,949362481
21,69918549 1,74942359
18,6878452 2,079894403
20,7125641 0,532931136
20,34954997 -0,55942683
19,63705841 1,597197651
13,50998227 8,667467996
17,86295194 1,565053344
19,10352253 1,827118805
11,73797042 8,656259747
11,70923244 10,40961927
19,11059599 1,822534105
20,08521193 1,731986339
18,65915164 15,7586745
10,88372257 10,68176439
18,22259107 13,54586448
12,74451559 9,555374054
19,61173873 1,504168626
17,67677181 14,70357018
19,56075683 2,427568132
13,4704095 9,864868148
19,34593353 2,15606223
18,33780692 14,69195532
20,1100313 0,96084522
19,21252104 0,424441451
20,19237429 0,057446661
19,99461853 1,462688523
19,35429792 1,892129082
13,78290371 10,21148326
19,17311842 1,278813008
17,29234048 15,01023025
13,53420673 10,07671668
18,13911443 15,51216988
19,51726394 0,893035795
20,74938903 0,948537288
19,71393674 2,697874269
19,6320893 2,014059236
-8,042437762 26,41164858
18,89627188 1,650184525
19,86181942 1,772210096
18,98091736 0,947888835
10,53183415 11,37691919
20,12618727 -0,159297867
13,46517989 9,649578101
18,77085986 1,727303281
19,7372264 0,216140602
12,17637798 10,40731039
19,09832396 1,350056749
17,46989188 13,6234878
18,68513052 14,84459294
18,49483192 0,974274129
19,45397361 0,200781341
21,16604477 0,841816931
18,96012093 14,58248581
20,78918092 0,399647832
19,2446763 2,635287046
12,33858919 10,99972904
19,00164524 2,099190722
19,94759499 1,320670116
18,95173474 2,040766475
17,42743884 14,86172478
19,57729639 1,713464006
19,37645716 1,051971473
20,51898734 1,60469253
20,15906013 1,685627982
18,85004058 1,039122369
19,8671125 2,224019496
20,03761528 1,594583559
13,05903477 11,24589315
21,36720848 0,577167596
21,2032604 1,757573006
19,37450775 1,79240705
11,33752722 9,665950348
17,3221035 14,05011299
19,82627953 1,718203544
11,72274146 9,778271939
18,96546441 2,06094467
18,84501459 0,480713076
16,31703928 14,08747423
13,90894087 10,15645703
20,6582138 2,629326044
17,44525421 14,85670102
12,9316425 9,925574604
17,94974862 14,02451193
20,59216894 0,459191839
19,60148353 1,43486923
17,0694069 14,12169612
20,1925707 1,477253315
10,20956224 10,39520526
18,94147286 1,540393776
19,0608017 0,612323077
19,34171022 0,789210408
21,50266732 1,170085539
11,88175521 10,13442869
19,15081701 1,386547263
20,84553752 0,214183481
12,73542255 10,34911176
20,1207071 2,058015426
19,36749056 0,896198055
12,78240847 9,744939021
19,51100219 1,830699847
18,28358043 14,31689092
20,20077041 2,042910984
18,88931098 15,15657986
18,89832027 13,79227206
18,92827423 1,265550395
10,93064897 10,8649659
18,97735944 0,866221579
19,13217462 1,231156427
19,13954083 15,03297153
19,03091638 0,173454751
18,93399279 2,208927424
12,2209374 10,89255542
18,03693933 1,291704801
11,50159678 10,06351592
18,43735688 14,25503702
20,02919168 1,3586939
16,96662319 15,92668578
19,77876927 1,063821179
12,41857087 9,875256071
19,5274808 0,834963609
11,19576404 10,64602475
19,4381909 0,760024953
18,78911835 13,71605739
18,96206994 1,669046649
18,56725799 1,521969092
18,881577 1,054605541
19,59384264 1,497567284
18,87514753 0,984094009
19,08559745 2,100304905
18,01567504 15,17848307
19,48957059 1,384217395
18,82744785 2,213611293
20,15604987 -0,222023602
18,53846008 1,336039112
18,99640134 1,087420913
18,36521666 0,745787988
13,27099474 10,16688805
19,35921632 1,051997533
20,16879311 1,517607878
19,56201683 0,606791099
16,46304767 14,815901
19,18756174 2,300306569
13,86594443 9,740846619
16,93627965 13,69166683
12,21724979 10,31689525
18,98223749 1,99928627
19,07056145 1,305506456
14,2334227 9,045438524
11,61073471 11,1065294
13,2187858 10,08345674
13,18647581 9,85062449
21,57413333 1,112779329
12,41497857 8,707093595
18,51972947 13,08480051
17,99058118 2,686608831
18,33588063 2,144968766
20,95325008 1,044917886
12,2926197 10,51944338
18,11048526 1,710581204
20,3800521 0,610206352
11,97582572 10,03869249
19,02907181 0,152338201
19,64058185 0,640662856
19,54415532 1,501547335
19,15623928 1,763772298
19,78653985 1,571005017
19,83640695 1,46385371
21,08533179 0,458924751
20,75940076 0,924258275
18,94253807 1,137179313
17,60271482 14,16863651
19,8968518 0,950009109
17,80450569 14,61970255
17,30870208 2,109258018
18,75434241 14,41055562
18,55382624 0,757284111
19,70697553 0,404561474
18,06824395 14,2056537
20,46888814 1,685586003
19,16013223 0,548694374
19,7825667 1,619491252
20,31694054 1,53695368
18,72102581 15,05500322
18,87521861 14,07083652
17,66647038 15,02740741
19,07002078 14,90520084
19,67031223 2,257352718
18,47217642 1,587651145
19,67958222 1,509367709
18,59009093 1,434457546
18,40562345 1,660924407
11,68503202 10,63756718
20,52718127 0,827918236
19,41026565 1,512391355
19,04735069 2,262201463
19,67592503 2,153095976
12,41947901 9,982739361
19,83767679 0,488991575
18,84325895 2,328118967
19,22343919 2,032464046
19,41068149 -0,068877357
17,08760526 15,93221137
37,92318549 31,48164858
19,05815628 0,997574936
20,1425951 0,765988389
20,06311444 0,028885729
19,31938863 0,196631648
21,24561396 0,238764057
18,81417125 0,479693702
17,92853949 0,977464071
13,00161783 9,429206597
18,76373174 0,903271922
21,01864436 0,58777799
18,58063031 1,006131575
18,71793362 1,073730696
18,38679904 13,15823601
18,04229376 1,196726057
21,63328391 1,319138064
11,3276611 11,11107151
19,52662864 0,517057574
20,81629427 1,238581746
11,04521039 10,92192898
18,91233121 2,232629066
18,85793011 1,959203864
18,42241539 0,59602759
21,02391756 0,951072085
18,70688477 14,00182013
18,2739012 0,84894819
17,25606341 14,17558079
18,39617469 1,481488691
19,2086789 1,159402948
19,22370455 2,773066831
20,43898203 1,22628943
19,08896068 0,906965721
12,38368998 10,49521222
19,86621095 1,447953379
19,86000922 1,071562764
20,28877588 1,536644714
20,67179744 2,364045595
19,04469106 1,174650567
18,51465126 13,62385781
19,36764134 1,559403336
19,82072778 0,661184289
19,50786822 0,273460602
19,1014121 1,209169561
18,29468049 13,79623467
19,61624778 1,100588819
19,06865503 1,606383274
19,88263542 1,582332918
19,78475197 1,988172425
19,81470401 1,695435897
19,22867305 1,252516946
17,54733278 3,072005286
19,67305074 1,87238995
21,16634664 1,242542836
18,29478006 15,62175631
19,3865492 0,458024218
18,20887987 1,821000024
19,5570607 0,924117836
19,71193348 1,557222932
19,27007001 -0,308737435
17,43802246 15,53588461
18,31850594 15,78742018
18,92613135 1,291415608
13,08751286 10,2753607
18,70008682 2,500676924
20,0467282 -0,119038112
11,91151206 10,18525047
12,20174472 9,74529017
17,52087843 15,19213212
18,56367106 1,72997223
19,44576933 2,084675312
19,77033289 1,630265813
20,71306441 -0,602451458
19,65105455 1,250654633
11,12837938 10,45888212
18,1301161 1,596754127
20,10385746 1,433591894
2,330782238 -25,24265146
19,30830592 1,801939562
19,57179017 0,212699187
17,70820368 0,868484726
19,7892669 1,265731292
11,89330903 11,29952382
19,13515102 0,361916892
11,85565921 10,77115914
18,18087623 14,32943937
19,16456371 0,953501325
12,02087125 9,811522317
18,12781868 13,92572744
19,07576601 1,40095458
20,2450163 -0,067120704
18,92977728 0,920813412
17,96418362 14,18056886
19,54639677 2,496797664
12,78826543 10,46066453
19,52793365 1,3306858
16,30984039 15,4393439
19,37348472 1,220187279
18,08835724 13,52288014
18,5160885 1,530478377
21,40075647 2,223185785
19,90158566 2,145288074
12,03569421 10,72570112
18,94937608 1,063238636
18,61949359 0,106060965
18,43339336 16,06589612
12,49118189 10,56347967
18,33796359 15,77963216
20,33531544 0,718080742
19,38682349 1,844825374
19,81094115 0,932024399
19,85201779 1,196607521
21,29805125 0,939913522
19,4673503 1,902402018
20,51915688 0,557494475
19,71377258 0,935090025
18,70686196 2,731594839
19,53251967 2,072314753
20,22448453 1,976777904
19,47626244 0,463706471
20,68845746 0,535283109
20,10316764 1,835486738
19,1485994 1,52521592
17,87071654 0,92075531
20,70999188 1,379722739
19,50566591 1,758632433
19,36085495 1,242200205
12,28503184 10,6866319
19,67311584 0,945349069
12,52599586 10,43841372
12,41970584 10,93654599
12,64613305 9,603887261
20,26340509 0,902212901
19,31804275 14,1968175
20,05997185 1,559012033
20,22663867 1,083163837
19,93658549 1,310256235
18,60121076 1,536068559
19,22861586 1,543669301
19,77960693 1,187862582
11,42996082 9,362561244
12,03033136 9,736988754
21,0111946 0,99022658
18,94714132 2,086975064
19,51532061 1,504781082
19,47964566 13,39536133
18,63215054 15,72221593
20,19712904 0,946955042
19,33538195 1,953790625
19,0811684 2,209438379
18,92327694 2,357964434
19,16651171 1,757215673
19,77199017 1,920599972
19,70680802 0,711368366
18,3300844 14,21960319
19,53625484 1,352219003
11,47252641 10,03152391
18,03881097 2,076101029
17,31861991 13,29868687
21,03342422 0,14646126
18,44607272 0,679024808
18,81646086 2,02086855
18,94975116 0,977844119
20,0197923 1,752642938
18,71409178 0,549025141
19,19488434 2,078913662
18,43858544 13,64956738
19,09526634 0,846956289
18,52611129 2,344739745
16,83594009 14,08210327
19,47403083 1,951215167
20,75058859 0,924410172
19,95767253 0,703359287
18,32354004 14,9857457
20,50131089 1,618789158
19,40257141 14,09330057
18,94436347 0,046234863
18,34993497 2,004190278
19,13347538 0,63065062
19,41052645 0,173761486
19,79303452 1,080968223
18,46334337 14,79946923
19,77936043 1,231787338
20,51945256 1,242122533
18,5183477 14,34753968
18,75602494 0,795395301
20,20464693 1,769696593
