-1,482549421829261 5,56785568065844
-1,3719463942987078 5,987838094627455
-1,1093571843366692 5,712220538201775
3,4350175596294763 2,078849741851383
6,084942581727738 2,594934129204788
5,27971939595783 1,048444174006306
-1,5575759321971487 6,055125571794913
-1,3212988252494995 5,798926191223607
5,374984267595209 2,365951728504664
6,312160406514478 3,702472367562855
4,983314329502559 3,8295337446736286
5,200627044062072 2,941577958495327
-1,7195615853267587 5,882787610244146
-1,5860726135773147 6,0090545848000385
4,494358436314632 3,240030017354908
4,640524536630011 1,86389292297621
-1,469101847946882 5,926727210578736
6,385721301761824 1,1791973626866832
6,598401513974438 3,4898979585062255
5,108143308878824 4,421381177358395
5,587777704008647 2,7872207271029947
4,891368565021423 4,0815443701915815
-1,6594205888706557 5,397727443813604
-1,6973089369076506 5,492100017837165
-1,2829312409906923 5,432017466965926
3,895556015641909 3,875975860983841
-1,0223248119732808 5,619204644935896
4,624968878165751 0,9021864793996106
-1,0935469753437088 5,600741662787254
-1,5073783892893013 5,806696274084927
-1,1973247860775558 5,681511897813137
-1,6126271668384446 5,912676077047507
-1,163838363828415 5,402045117577401
-1,2835149982141005 6,06789481519214
3,205719422824436 2,665813539272036
4,462485083067159 4,2477164021063984
5,032377814972194 1,4971325382080038
-1,0551803173128684 5,798302555107604
5,455145044342329 1,0971381614864353
-1,3879481940554486 5,319733925538696
5,3622634769787085 2,111064778188345
-1,6881187681961665 5,569182977495481
6,713581797634291 3,5637869652391747
5,275148707838094 4,5543745080900555
3,669675542567658 2,7834626996311522
-1,2189986611036605 5,830188765472719
-1,7118897274395417 5,4614671143437565
-1,1471350413020363 5,851285633465445
4,911646813888554 2,6427221019315565
5,879783017278556 2,0977995572076313
7,091137428296352 2,9776323450286295
3,6672225244298238 2,0762460079380087
5,10222589486737 1,4520014354184505
-1,0632500745059572 5,713062661786755
4,044986610227675 3,59905185927819
-1,4276949411576842 5,499370175176066
4,0005884682980595 3,549620629102969
4,884479266459889 4,4375073522938395
-1,435962842195193 5,61893386517064
4,243572256591407 2,0800662820394313
-1,3620786944682086 5,378408288638402
-1,0393059684491517 5,718546308769745
-1,1292605262695785 5,674773893025034
-1,7049998735092122 5,8467763713132115
5,099705750791995 3,0590225163666425
-1,2658233691379626 5,638515292971906
-1,2499358357703683 6,011134647597451
-1,3936293355421994 6,056161803254422
5,5658088876863285 2,2362115187761606
-1,307946534400021 5,655549395357583
5,43862759449348 4,3644218127589065
6,361047879834681 2,273162322855943
6,103042557709051 3,077604818921193
-1,2854083533916516 5,762969470683342
3,960364412011468 1,1585217291604948
4,075246714819712 3,0124899904402316
3,4147177702129827 2,511587410455419
6,167145980404514 0,9093052477193762
-1,1016886493286697 5,548685605837684
-1,0735639888636714 5,777584617472191
5,095107182296399 1,638370762131348
3,984489928534175 3,3138931260062163
-1,5029544725735569 5,606015740781568
3,959425306294852 1,1527111216361003
-1,2069996910715244 5,932914330779555
-1,1858058111878371 5,583555342497576
6,77083514269621 2,0089106342798746
5,579331073172997 1,1586060071835103
-1,2378737897353191 5,876287296750521
5,820250912654435 3,16085887716799
-1,0508453442880428 5,876688436285379
-1,5249798925315792 5,9349001926037195
5,82709182514999 4,1481874931785185
5,063498972805434 4,063826921822383
-1,3897327019491552 5,868405121958927
4,144699650498467 1,9268898092206102
5,692590362310964 3,715266685637837
5,0955474555971625 3,3475710102212632
3,6924689860590094 3,031350216853797
3,872101196336616 2,0420312808173615
-1,384933294842509 5,451999408272728
-1,2377533487844965 5,531407804562091
4,686159842907564 2,6222518501505534
-1,1526478250529186 5,762165394216981
-1,1440857888610123 5,997458941009148
4,411602117783374 3,8006081622799144
6,839533797850422 2,184064960634984
4,143722446444515 2,4299815850026594
-1,7487545636902895 5,869157156178478
5,617185996697125 1,1973075195600023
-1,5416169302053597 5,760519472087843
5,513851651449316 1,2070795598209343
4,115154609525861 1,4284250547926325
4,475028042034568 1,4186426063426316
-1,1229862570392681 5,801778247162425
-1,4568275327495435 5,90811459505619
5,938392208792473 2,343373826439398
5,054606151506912 3,4773806010371286
4,16743317797442 3,019409145269282
4,904287825814582 0,7427798526507712
5,437114774072346 0,877625101681275
4,09614293096217 1,508829836892854
3,9760984540692643 2,903170173189753
6,322373236198305 1,4415581305223046
6,37541285344808 3,1356319160187165
5,4519854665398055 4,524540944264237
-1,3829881682404581 5,928309956348691
-1,2900206180485871 5,7801561416809335
-1,2006242796740982 5,463738288284992
5,866130348590405 1,2597730572962347
-1,2647801984953455 5,666340098610454
6,208863248015113 4,110100015908619
5,934307352621958 2,7853669860950063
-1,4714596864422431 5,513995315266441
-1,6801719148812717 5,658379418245664
-1,533537893421103 6,049712692987872
-1,2505985334475735 5,972252365660466
-1,1298033506834921 5,958990822466288
-1,3300119361356535 5,643186248560849
-1,2184558870656608 5,498259613879043
-1,1600985824216874 5,960341380990018
-1,419453538046187 5,321220758784382
4,108431020462364 0,9190062890961745
-1,0715770734376486 5,768077629202393
-1,254914797562437 5,877105980210587
5,165574681525691 3,65478974658273
4,878000367404375 1,0786164658560369
4,971388342634566 2,109032171315181
-1,674909191712777 5,844655439866955
-1,1596411753480778 5,823867166544222
-1,2298210887987036 5,96751941092758
5,683707232260916 1,277953103054884
-1,153136540501132 5,9991824292658915
3,8441613757034547 3,05037114047689
-1,631205865828707 5,747888806759126
-1,4286091732126367 6,029971412493266
5,531026859943072 3,9347103987811667
3,93708645721039 2,2549301579318977
5,689545516890571 2,916970075881968
-1,526714473221295 5,832265683623097
5,733670809173387 1,131984570026808
4,009172367779182 3,9021450842188568
-1,3681036737511152 5,417150261511544
5,1555199835272685 2,3856925561067537
5,067372637073796 3,4521604720336
3,592708392158747 2,9654718947638097
5,780781697663822 1,7529675968826757
4,036652936705375 2,3875713803853706
5,572412208684198 2,2707016688993003
-1,174602730009815 5,962178235680364
-1,0695071546059387 5,834585371194638
-1,6206379543513068 5,586480363624981
4,1319932251408575 1,0549412679395491
4,088859217581853 1,9295444507826938
-1,7816206514303692 5,8141851510750655
-1,1612362842637085 5,986737569142606
-1,4670165152852552 5,813157431612175
6,236416563610551 3,6069734829160116
3,603514782036382 2,702982476102314
-1,2047649335968742 5,501868809602579
5,836130162146503 1,7234017669787223
-1,5181734245023666 5,498931935286383
5,4593297275440875 1,7179479502686958
5,180896724134262 0,6783525571912881
3,787742076210166 3,1371138517111357
5,05822987993872 3,484759839717668
-1,2254708453550456 5,979370151649995
-1,672976376865871 5,565710301516237
4,213134260134245 3,891680691479391
-1,1929919627860324 5,531164090004325
-1,4945233661386683 5,431913823036828
5,301669152106577 0,760784673279878
5,514477653603146 3,840419669015122
-1,424958426718993 5,491415743253783
-1,114095351144263 5,702951400200612
6,831419737822661 2,783349824282745
4,063203731874913 0,9784732390657163
5,594917215189373 1,7925500898271303
6,177398354217395 1,77087735528053
-1,2403453579541228 5,772261257733983
-1,5045975919820802 5,625643570485304
6,459892353622239 3,716655601739023
5,528580211731792 4,281169627105392
-1,2868308583440913 5,579274324177218
-1,0817548848302272 5,573138592269848
-1,724494933278221 5,6698067905144
4,776895312328313 4,415624853984579
4,078220120618555 3,6143586250987063
-1,6747690440594278 5,646091113231213
-1,541903245362408 5,736828838512913
4,691995438826523 0,8123594860798529
-1,3005315033040101 5,472132034916491
3,883887952540927 3,467871576807754
-1,3841177912889409 5,517645068277191
-1,300859166268129 5,527632108111603
-1,7500950859812279 5,5759258221423105
3,8187177938127665 2,201888661977526
4,006934352359238 2,3131590683919767
4,597767290601991 1,429993613747654
-1,7308347784871918 5,499416064637661
5,634141595031152 2,646491915694272
4,465876193116727 0,8116772137243242
3,6077426581496743 3,3115269853838654
4,72127918171097 3,8020452556707784
-1,5311166870513238 5,6639205061555655
-1,305268852808325 5,414433557627479
-1,4206602476615275 5,88512566955493
-1,3006376897636507 5,440392683733632
4,374256963284577 3,9217253992402727
-1,1112292303938658 5,9214649547870986
5,237297110078581 1,3625681046828098
-1,1775501204612255 5,434302329132475
3,282132106294985 2,356987088627655
-1,5289579839726066 5,363646926558754
-1,2549343982783885 5,881902315077139
5,28459862145608 4,5490142601597325
5,655926010356136 4,255649660987146
5,432059208411488 1,211852454177174
6,585076835844047 2,8169814157510524
-1,713266215232843 5,833840498206076
-1,209585665645124 5,827415864011686
-1,682949151670447 5,758226250203617
-1,0487928347826438 5,618821066793416
-1,1211516167436604 5,41363459776449
5,265951565912182 1,1432887627525556
-1,28676877510745 5,757428567516898
6,076162026026038 0,9805504728667638
-1,5897035804666702 5,416034476382941
-1,4499960059549162 5,9451487533535925
3,7244620690717403 2,6784885040058466
5,780224535833745 0,8932556498411706
-1,3549455931885481 5,527258688581321
6,501060527836406 1,780717927173049
-1,6967563798524374 5,883110485098766
4,795495453457095 1,4799715289456241
5,4145078793723735 1,8523017468342582
6,356655381957259 3,6284792551668157
-1,5750166207079128 5,357980827145439
5,1367818874291045 3,0159879216258516
-1,3620123531253954 5,411158148175733
-1,1955023793093589 5,581577450276699
5,8181827052554755 2,1550800045213614
-1,5545551929710106 6,020255892745152
-1,4148666674759744 6,050759542379423
4,037286654205109 1,5126864705337266
6,35684765255675 4,075325536166604
6,111902327941496 1,3843507563467594
-1,3772806201396262 6,05210550284911
5,878608734255821 4,262971527771864
-1,2576620135109826 5,402493503174883
4,241429180541235 3,515791439023074
3,729940387695057 2,7872640920216036
-1,0891568720167464 5,534599418938576
-1,0058616919554733 5,67427819693574
5,54958967004436 1,5301286097088218
4,602323890149132 4,003234150290675
5,208655501060699 3,266217082628075
5,471850026821796 4,29407773879201
3,403351750245605 1,7131033271372316
3,8737593175420866 1,9542957488037893
6,226967039493767 1,2773892661230035
-1,5687117094268166 6,013921746643123
6,326520789138664 4,0945671671744215
6,725535922766692 3,616050295342349
-1,5135733674391738 5,460572166561824
5,855067540060056 2,6895314823806054
5,708397378485726 4,260602660716929
-1,7000291690262535 5,611215240940203
-1,491276240765485 5,829091654691534
5,324992548312923 3,2288586799383703
5,259268108027691 3,9991101570160366
-1,4427005054348194 5,7265786607333515
-1,3133659637439075 5,392026153322655
4,539913299024632 2,0250587558934536
-1,0602673050542826 5,77880125810224
3,524642436040221 1,4658207844193847
-1,4562957810117454 5,675594160294693
6,693179517369254 1,9288713550684469
-1,1923602928594397 5,785084995660784
-1,575668917712815 5,643160625657548
6,149707941979658 2,2899260350276376
5,626503407950381 1,5621646489308492
-1,144644887261584 5,479296417897484
-1,7374959723805685 5,822574125203156
-1,3530929174013209 5,424466785591415