4,8471281591338515 7,820945195215906
5,595823148530094 8,41419001038331
6,103824511761907 5,293086735011616
5,45634580051105 8,377719005609485
7,171313349218581 5,524647341710777
4,517448106287881 7,859822653719006
1,360018942667046 2,8237221799267633
2,2045742871889757 2,9226262618378396
2,083910578888413 3,8290336697151295
1,411183750518799 3,584267376905733
7,235828409838199 4,463838075954084
7,880525057327836 5,0256483090735635
2,598455745529407 3,680918722346026
7,874927924939743 5,458108049686954
7,7796326261293505 4,557945617803104
7,274929390216599 4,267331059364296
1,23765335328183 3,3294752934014453
2,8596005555899016 2,4907855898357645
7,729846675404031 5,2743699379920095
4,792215155670743 7,574413481554646
4,736668032595667 7,8734754822711235
4,7578434138537355 7,852311940037925
4,660864470049879 8,313688509698338
5,813522094572452 8,068496134977261
7,056163290085992 4,832950267742728
5,1654038918287695 8,46055749107626
7,526087641218585 5,523330962904817
1,7754504215103712 3,876477672536798
1,963361901271389 2,579401738102458
2,786477681430366 3,2952856689625856
1,7264425686251221 3,5594480252966036
1,9863949497952134 3,6015695315997
4,907345731904475 8,6030190314598
7,487816765965551 5,3104611778963635
6,619395216982099 4,38276649469498
5,465412477912703 8,043620749376641
7,284322340648989 4,359207508540269
2,011147209111224 2,73308608989648
6,004079932592512 4,864452701991152
1,561164889880215 2,481284166511765
7,049745220785745 5,346160408663728
2,6258165821864 3,01397723685428
4,762813763957346 8,387511175003283
1,8471450056195104 3,692196538550556
5,052106241912153 7,788545129709075
7,5308437236021675 4,520696896666886
5,147836328371339 7,649647309113712
5,336718812749889 8,012098954079615
6,080613053643224 5,045730036819835
1,690979099009061 3,7200722086566693
6,711429384183438 5,069434356421266
2,585648658597168 3,2642159922781064
4,510224725739725 8,138991826420904
1,2906611000800219 3,829168610765278
0,8045210418873883 2,619506937650359
5,078165673912517 7,65835827925968
4,893846835380496 8,27869313041443
2,8000618263108903 2,1787957719569144
2,36092494870739 2,7976580947449055
6,949798845257477 5,496708888283122
7,923300339234514 5,2450847378157075
2,6016501366329545 3,258517485926453
4,736571635881024 7,966337414688608
4,323126967071191 8,322537955580781
3,4572908520428856 2,866280359097793
6,824625892730094 4,472206464447369
1,3730240774226468 3,5019011135349456
4,3441080346505645 8,032654648860618
5,015341837787693 7,7329712301687294
7,149739505021596 5,123490592975289
4,944565370411953 7,937103498827081
6,824271756274707 5,310068600766908
4,418113149613306 8,051701131529118
4,726774721795621 8,616384880664366
7,50551127002078 5,334536590364053
4,855138668865045 8,207125600687318
6,873551162197797 5,528967973175403
2,1535508729922954 3,2650287497161625
4,259668987287023 7,7685075925636795
7,146386097088168 4,664685050942535
6,84090310979771 4,406419133046772
5,163278896113016 7,673277334513519
6,477569253826098 4,544583399467787
5,319361579893611 8,154510584982024
6,526792833472162 5,202828015813043
7,312836921498127 4,67668913146342
4,883908241659136 8,418028990032523
7,237621017818849 5,063206583804366
1,1847015729899368 3,2432816366022195
7,2992779216058095 5,162844777048974
7,0026694706197805 5,682001603184456
5,4311320629496596 7,955570496237098
6,862058181601376 4,203555689665
1,960472920821939 2,7648999823634233
6,388641668955043 4,470666068277424
5,407870918232721 8,280704399145447
6,466855363381375 4,5547237024187925
2,394831057041356 3,0905894668699343
5,039798184752744 7,803830260966848
5,454297898778325 7,553752501860257
7,9870944734806315 5,009847281918941
2,3891350286816677 2,8772805818334453
3,1287461249564337 2,9508057840827937
5,231620943894136 7,690952721761787
4,73535351354211 7,629005326543304
4,516637710124845 7,891619965508553
2,9631306800794084 3,454305168525662
2,3834246586543566 3,0160106194365275
5,07451129531255 8,625901689517665
5,370922912030529 8,38530936008353
6,494860646568926 4,866014777281116
7,256498084349042 4,739575621642508
7,751146236617911 5,123365241418971
1,358145675261305 3,6969046980286886
5,232811558688846 7,856504709922711
1,9157311352563098 2,593903022028467
5,178554507446742 7,6104787823690465
1,6493360133588797 3,232306861907061
1,8374284318162335 2,9206742557900793
5,510533097605149 8,120905802707213
2,485622128951011 3,3066669204309873
7,328554638225931 5,173000334235895
7,228772456556417 5,610995398499908
1,8611900070021643 2,297722723585529
5,282360521120058 7,421240759335181
1,1135609789379284 2,732364267424944
7,062671256775391 4,565580899365013
5,214821774997959 7,396570580641442
4,4298461810668455 8,08953209436113
2,8531444116626274 3,534712663789342
7,429314309117956 5,4900770650889505
2,262770580349932 3,288501494690328
6,628172359821344 4,455932698094008
7,154397588445585 4,365523361996399
5,502390150675053 7,782442963941404
2,3459354762312206 3,251839219028601
5,10554717734369 8,13484696485264
6,497116537625602 4,765425969472947
4,856817907945032 8,539736886184828
2,751409073137918 3,3115876024077786
4,874842258547296 8,389039999175933
7,884915075805351 4,838665827239687
4,957112520694903 7,758692432750969
1,4061909766716414 3,416981575583525
2,817482845539739 3,556793163133896
2,0842914127330237 2,6948943450349976
6,749547518588406 5,651625068861083
4,838135041412999 8,413955122816096
6,354901809969208 5,148178228113535
2,161662656874486 3,7661753042035158
2,305864084312452 2,3939262937391077
5,070294679377901 8,142931997913843
5,459887417513014 7,690798354518676
6,645992120567421 5,492825936002662
5,347408903613008 8,413565616516712
5,924272396062876 4,943795955852172
3,0347879876362978 3,4122899457221085
5,004683313283275 7,7931322167137065
6,305461402164721 4,429288207360599
4,524614894880585 7,796295458019686
2,7831704787690037 3,001378314412804
6,771281693456047 5,28629066689116
7,03364512587634 5,057537004466387
5,457859955061702 8,19774221690664
6,524193474932414 5,265127525807884
5,4894233054331645 8,151135041710312
4,98050902072179 7,385152897252269
1,628943463148099 3,0571019272753137
4,297810945817237 8,022845522945735
1,7146946925350943 2,7240749773260493
2,8333951110959252 3,0867424395023173
7,150685176322225 4,646165490582375
5,31934012752642 8,016965265028603
1,7208488573437606 3,387659106052748
7,732485766349234 4,8736177282897355
4,938913811307279 7,800897290150385
6,327340477640004 5,10789153859756
4,426374434711388 7,729680050780499
6,746420995828626 4,614797707184849
1,572220567348999 3,171573750568365
2,2403327023099004 3,290571559109866
3,037608900652873 3,2800738158595664
5,123604390200956 8,007349905199042
6,6804244486320385 4,638088632190449
6,819073827106679 4,6752928863926915
5,4404305047160975 7,9272692814006565
6,6996720682060005 4,753256055357861
6,853124691843381 4,565052617989456
1,95950981306552 2,6819760965986568
7,185117013160036 4,8248439080874
5,451325541783834 8,405560429296935
7,629921064114383 5,501500843468513
7,130519434386216 5,681774199650134
6,883499036520236 4,73381327126414
5,429807199937267 7,969504442367986
4,734534224844253 7,784365605135216
6,258974965626205 5,565129161563647
7,469171224158084 5,418801232277875
6,516654242337066 4,53436027445126
2,5796392222782005 3,1168457072151754
6,375989630211103 5,185423850079986
6,385181794897425 4,923511038524996
5,190887396346029 8,161818520241342
7,136658871054981 4,881419093696336
3,1014213544009017 2,9324462384158325
2,3617468077918584 2,748974016773552
1,2027385436324003 2,9922458287250033
6,643163351775797 4,66847151996479
7,212736523554055 4,958344083196133
2,315727591159467 2,721795890140214
6,521564248026201 5,385898180780516
7,025717528727889 4,8420392368940846
1,0326069943951253 3,683022874146764
5,518341259165424 8,250114714407358
5,707021868424333 8,063367429394678
1,853751269648931 3,6457958444833727
5,853964642441957 8,016786910772735
1,2456215186398978 2,961147163920199
4,464764449655911 7,870275591620145
2,6359405435318406 3,272767770855579
6,7970074431383845 4,891148323102606
1,2330327081006767 3,1339266078949812
5,663549230752825 7,8892765083853895
1,6508299467565442 3,0976265481057492
1,964280966302781 2,46251304642431
6,86207603181952 4,372241179816196
7,664391479305249 5,138789573543104
6,6524966038087845 5,53545290672385
7,128492250015819 4,612519218333789
6,6420336322350675 5,226878518970869
7,0148280806248 5,267258839489434
3,089594922203497 3,2071644667261463
5,642940032549636 7,98006765338142
4,97942913354456 8,396580858508283
4,569081857735322 8,58898257671088
7,506408831406651 5,4775847722391795
5,434309503802375 8,017366301483671
4,344562789718529 7,587596006412141
5,108470922351637 8,498975459567022
6,323514343995189 4,9208111614301835
7,052237998893768 4,4028956826788495
6,263764221493149 4,593317336280959
4,317879635319613 8,317739589395803
4,772537966074763 8,392893877755224
5,284628742035615 8,594695769890944
4,64702705357333 7,828417582077575
7,90810101926709 5,078038738923301
6,365420021168667 5,273002313662062
4,626165403591068 7,742296229332469
5,58924950214841 8,43014287101405
4,436263862557159 8,253452413921586
5,341145117042417 8,48217886897137
7,6022845424367205 5,119789647417547
5,388365792220385 8,028282159739714
7,700745828059209 4,931017889591289
1,129356839287494 3,29207055557853
1,8579855720558882 2,835292715305673
4,404812546891588 7,950235423662758
2,754678613272427 3,34398426785907
7,628630987752195 5,028156679466103
7,515736066869156 4,652418970414266
1,8906248919144693 2,857542968468233
6,853741166025129 4,907125517921554
2,8082805352166837 2,9413930203520895
5,611487983237583 7,846293876348746
6,727776607121074 5,206173421886104
2,0114791954209474 2,637843931363399
7,520609217621278 5,281112914425061
2,504833838071556 2,745768705487555
1,626358065846496 2,957610416685238
5,146601957274922 8,177294769441902
4,644722274979312 7,760663025992638
5,098873847474595 7,511055184534102
1,0477736760530902 3,36149068773448
6,212619081405474 5,16965685189353
5,811775169471935 7,875870134801069
7,822735905878626 5,005773867607399
1,2521839416698466 3,2152482554955872
2,5872396823698387 2,4810431200991845
2,6237269836833574 2,486301321356886
4,619389742184021 8,245138331373594
4,825393340631557 8,495233186145835
5,6243741019316555 7,967501981985805
7,8190258998212165 5,196484335367957
2,480400766930022 3,6163826554366274
6,897609049190716 4,78285598064855
4,808556702622814 8,565411636512385
0,6602863545071107 2,8990734042740276
0,9005452073916134 2,9367390327226426
1,7100205780536213 2,6865268283902375
0,7631506951487457 3,2125516908388785
5,25528294847469 7,755777862998289
1,8036247893834627 3,534882310550822
5,038186830029765 8,380373068222525
4,548043248720338 7,632339465553535
5,571699252493166 7,563787705239302
7,490800733846953 4,8921191194615234
1,0630784524332124 2,527460554699679
2,59213972170059 3,1742173454804554
0,7406534829965752 3,1223240269526573
1,384289833771097 3,0408995550080173
6,182362936985228 5,470667018057489
7,055239400850265 4,877433731837547
0,8501658686411813 3,0486186769980095
6,699011948434796 5,301248630351227
6,559141193294693 5,2642462459496535
1,6172038101550321 3,5325235882792705
4,560757419856936 7,89266729802327
4,667161954537051 7,579898743745581
1,0360331792433604 3,0197816547462017
7,456677481989616 4,466792609668407
1,813807231548902 2,558696947515446
1,716080072054339 3,0395015113145973
5,942161513852916 7,917251763090673
5,610543121700477 8,501122685271064
4,544305326947893 8,369929533845836
2,280945914612178 2,329097600142495
2,528573567489769 3,0072054513403064
6,435823771752192 4,497186271197098
1,9713397640395014 2,988776131710319
4,878792329547709 7,800754890947995
4,181466561092436 7,990097056465504
5,260667864782629 7,873468504488971
4,844873075475939 8,59873425986941
7,067537679970663 4,431035276936664
1,5188608524308682 2,6951900199001555
1,3045844867533998 3,583587714336768
6,353853825892746 5,166094974379432
1,5126084097854644 3,2270294453035384
1,3849780819880109 2,2168507215395197
2,298679798541679 2,2669221179516166
2,074903457363894 2,155231262287747
4,527710150354258 7,847857852240757
7,172001734503851 4,447916782782184
6,116859961360435 4,87153411731531
1,9679810057586717 3,443447920941204
4,719844952926243 7,673676200515795
2,97993948470657 3,485222088337178
7,8514216109388375 4,497025152617349
1,7933783395805616 2,7233962664866045
2,6685837318072805 2,866237532260878
6,906242149079217 4,799226743285326
2,5959152744470586 2,9203746301860964
6,282945393213031 4,442297610327804
5,382891804610663 7,982278815203914
4,158493274288745 8,350843427950275
2,7639350389840818 3,0183829120968437
1,1866458075762383 3,732702499464336
5,537613775017541 7,97767633377511
11,12635678134611 6,152376199361114
5,402427487837412 8,428059108491777
1,7878465432951183 2,849318063952183
7,372681858903928 5,75336355990644
6,855446896756151 5,299303473056662
5,3457873561900255 7,7992281887869055
4,984131915496103 7,7283782827580705
2,2767607305769513 3,8551444882319372
7,3665854893008085 5,79084517658387
2,0633913945321636 2,225691396951315
6,838395365501261 4,651921327900112
5,009727025738527 7,418341437514088
4,925592783889972 7,779073396283252
5,324750360790442 7,927338467403752
2,1586781030732487 3,0452515540950866
4,650841703616562 7,91095299875395
6,954399299409342 5,384656753581575
2,9100207922734245 2,8503901214570986
4,600670288545364 7,614812013218666
1,0798010241424776 3,599640756028367
6,243421542367662 4,981268152369791
5,677371118439958 7,8478719466944185
6,440963677672023 5,556960859067011
1,134198055235032 3,2143814255489054
7,55438800202107 5,1763044959873
4,738732931815601 8,111117830711482
4,675627951137489 8,242957842639864
6,700547822699626 4,9735066375594865
5,270194069597716 8,21776882652463
1,6392304048506645 2,7663792418916264
3,0058313541359123 2,8100588697493136
6,829915836020013 4,857480087824824
6,791923591157149 4,498377682243513
4,8992025605944045 8,205906691455706
4,516268841320532 7,897698292979079
2,7375124875669403 2,397588346746369
1,4984785221364507 2,9664421406143444
5,345513339337686 7,8665756098187405
2,09748817411175 3,4549517932909666
4,614370352575982 8,422714153028927
4,273705152960708 8,410520889463557
6,814558100788371 5,393179063041915
6,651214988571191 4,924200753491346
4,956214105449568 7,921828522994526
4,521327859607715 7,851888567391619
5,130842935565644 7,545803470387014
7,637177411819472 4,824620697060217
7,7356883320747265 4,910416578761257
5,495359267857772 7,820992454386807
7,9198141373876805 5,284189012710509
5,0399667384701745 7,580854394420362
2,6723037501223925 2,9016309738225443
2,320222862633366 3,4697206965881993
5,3140367891693705 8,34245675840174
5,261917091063581 7,979447084551508
5,037903111228988 7,452021946629098
4,900922468422561 7,557639603193644
6,8392041895270985 5,309644046852613
7,636414137275036 4,623748725273323
3,179549854308882 3,462690477816298
2,652927521965757 2,999199679108192
6,2418396545000805 5,128835371436423
5,220257405253571 7,55951729751593
7,271783656175854 4,600862989338449
5,088518178913986 7,518980574870184
5,141559907660909 7,772004425592047
4,578268994986227 8,061821435790009
5,331879681062322 7,611215630230977
1,1484476830419585 3,5815946725174426
7,220065497788018 5,324551306046429
6,761838608804298 4,792351203740868
1,9315116177069607 3,7960403563683665
2,451393902179303 2,4231119843380577
6,057827270695879 4,851621193771834
4,889050771287282 8,29589582654775
4,941066984325925 7,676601477379435
2,322169068380038 3,7968088582548094
6,750308014505024 5,509745463673119
4,925003012866389 8,458461534247407
4,804240294996442 7,900908856209986
7,544721147432326 4,955126770677628
5,005600150826816 8,053308805267289
4,927929753569801 7,412356734917919
7,424252136041961 5,625216457822728
5,283794290671833 7,84043428716956
1,0247110807120614 2,844708405160422
7,071354660172623 5,442597855011187
6,82581732993766 4,479496033209222
5,264294257049194 8,168428085023281
2,018756476777557 3,6801853675153837
7,420084560564234 4,901710025427122
7,441971466727739 4,71451663580574
6,451254760628911 4,872354983697848
2,179040870943771 3,355504408359329
1,85715444458924 3,0559023375354295
3,0299416894112285 3,3514445887513764
4,385944451410876 7,592736215856947
0,7317953471268348 2,690522361755776
7,734455769332511 5,445966092300134
1,665823103078557 3,3410475425006254
6,244568298318182 4,457467420358015
3,0520604757035716 3,3259753524605027
1,825969170072276 2,5435022941334458
6,666090693982349 4,266856007427428
1,9662535615848808 3,611312956257172
4,995277586338276 7,715522862621961
1,8374100910550561 3,2714160217021835
5,5437388876816875 7,688755136528878
5,143161982211373 7,829614379992595
6,5931406856788115 5,331624708663292
6,472853971825779 5,577679339434848
7,3925985851035545 5,327242656688924
2,73411919227145 3,5699709777406694
1,9388427268183444 3,4840680267856987
4,980535437084084 7,825711288121287
4,5118937948595566 7,466896529265839
2,2655380377112295 2,320467943652656
6,8456203313986785 4,430145834740692
5,188013631580802 7,858553215186701
1,6335792143404881 3,8742501040714994
4,501677325247491 8,372382745887613
0,8022400758257842 2,9623262443983442
5,085097184218714 8,569249634932778
2,652585232293013 3,7299160010770054
4,615081051032977 7,7657525637873785
7,358624477665008 4,820418376985977
4,756030975617233 8,468973710908518
6,244606314065118 5,289054790981046
4,939190290089362 7,940451542623414
7,62021573445506 5,200938015840737
7,226149291860111 4,585564250701238
6,91768968006791 5,383892123730698
2,0947086459537787 2,1793817925733077
6,919180734843938 5,142519293418662
5,6888664830791935 8,031729169789344
2,3287373465094956 2,739953443532988
7,710787699413444 4,800852076275729
5,688055838263919 7,995935470551858
7,246737099992156 4,663388012782904
2,0723144473127793 2,395056145021287
7,535555238045628 4,919796893386232
7,719454624795874 4,441076681830909
3,334104044332411 2,8467728302602264
4,779798581162112 7,8166529788950125
7,057675614191014 5,030716266641133
1,909104677293548 3,56074340616913
5,02273408852981 7,515504588008383
1,8627215036662266 3,656229602733439
1,0297010661828407 3,1983474329739208
1,7955287581530914 2,455325624417487
4,867588794405126 7,874934040271362
1,8137445734919853 3,6974487433211123
4,838863943024112 8,54958567955813
5,251133342639822 7,47559351730726
1,888332163717533 2,495720812637612
1,3799346399189965 3,2136821780173594
6,789834412485908 5,2630677322223836
4,066153007599459 7,7894736022359465
6,411760254038082 5,163551944054634
2,8988255110428742 2,2935554137546488
1,6160294783325493 3,8536182165675865
5,163473160767554 7,5512394749410205
6,3167532077007875 4,734536801828343
5,389619524672479 8,063236142083005
6,6550454041915295 4,940902327343517
4,845082782310634 8,221150213247093
7,687697570940256 4,347287739745804
1,1827957462525938 3,635093353884207
2,5246593026159068 3,500390302116249
7,538790740275447 4,387139296728453
4,390597904591926 7,715889621565065
3,1563479790043654 3,374982905207342
2,1099903836891114 2,380245793451868
6,6612189374682576 4,637614089204257
6,904634059595305 5,725420855126278
7,31580029915378 5,377603757852205
4,573716108719597 7,576933214482728
2,875969546421585 2,9677435290029575
4,768082848721972 7,844972826092847
7,2075294639431355 4,451679469933655
7,439031710268287 5,469275812286353
1,7944897526632593 2,647331752432016
7,635814218597388 4,747389796594922
2,3417079244597354 3,225398610114033
4,940748473831905 8,156819427629811
2,36785745261494 2,7682232172929617
2,7787627059367956 2,7016201680042604
1,9842099146488699 2,991737946905943
6,7686110750249995 4,970885507817844
7,120147211435803 4,796521904040263
5,884584789399826 5,200158728816783
5,080076568463783 7,46661575810251
6,892342357188873 4,41441001948874
2,251270445177711 3,1694843665588373
6,71372387762783 5,182038422035616
6,212390828575971 4,85774272112185
5,031998493737485 7,761115149330707
6,756679365688258 4,484735193576982
3,1777271450283577 2,398927091086076
1,658911411154907 3,546655474993717
7,862401403646061 4,586114289026122
6,795684285686914 4,728727657741701
6,790747721162981 4,816326870828178
2,009788715608927 3,1090397189747137
1,495424494569175 3,3692979123941478
7,334499918984043 5,544639679782524
1,2427611755365158 2,995144842730985
1,6754020236813942 3,407869844575255
5,669080770883721 8,159832186157407
5,056220239538228 8,662660997617952
5,058336784214194 7,83342657648722
6,514498668697277 5,657979257629334
1,283478915178715 2,966608202798573
6,260672244338944 4,620818191941452
0,8562591382694122 3,376858861969687
6,6367768278147565 5,451924408206432
7,1941106673231925 4,792265295916646
7,162671145838467 4,987071018459887
1,3665006290506705 3,046720039141611
4,307213075746996 8,29067754228636
4,39728994048263 7,793235044270797
7,256112664032026 4,620645745439086
7,410944157059594 4,992031078285706
5,180243482251137 8,290259331441677
4,7204666049463135 7,404245353368413
1,9639021776271268 2,501623128552527
7,364037326085359 5,512654426578827
2,1743635301873128 3,918865535022197
4,393942151963526 8,322864976951386
7,095071221743922 5,258016690284756
5,165302093508441 8,431647845644285
1,400760761724566 3,534486481610045
7,261692117333553 5,401961936619017
2,013861250367678 3,0608918224692117
6,772049820022994 4,668942637053536
4,910491550479317 7,949873642574694
1,4713282399777878 3,5763236596240113
7,5027086782035965 5,0455158365413695
7,270569083424593 5,014953823419816
2,742312766433505 3,4407685567302466
7,0364642317792025 4,501483499269603
6,184387915221322 5,346233738645939
2,581676348954891 3,2518616465189054
6,1100537619468245 4,96891128469645
2,01281193798251 3,4551536677545607
1,1647961247190994 2,317951655932882
3,2294410982787003 2,733809476659812
5,416960045486716 7,894859336859742
5,531088271761222 8,23241034521857
5,279236612301792 8,000148803875003
4,453840522160592 8,01009193465717
5,197189463780733 7,973825325894326
4,456562762568818 8,524848969645252
4,710543232821758 7,492319084540155
2,36180437175263 3,309827958251381
1,0888652950084634 3,0957104893467506
7,417762001262409 4,719365331782146
7,713864761928701 5,382810198790449
0,9312321144975642 2,800083853436376
1,9178987878873093 3,031623926666463
6,149028838004591 5,250413656015542
2,3539714821003814 3,636092493675567
7,31687281323332 4,884177513721886
2,427943873298269 3,5989478131075785
2,1578117424885117 3,444877039681898
4,603506865393259 7,8424029615538275
6,819988608274613 4,405066649777401
1,3219636213395938 3,7300152982393406
1,6003792375293169 2,72142915607902
1,9628618145466472 3,477256823219574
4,411445581193763 7,739243976755347
5,601867219471704 8,430998580990492
7,5968765784078665 4,516866487175569
5,295569366941599 7,640152743312351
4,921132291191098 7,9206581968074135
2,0170961435376924 2,8363137890482153
2,6590664431958753 3,6483403123919698
1,9219288117027324 2,657196274690717
2,665199850915198 2,4857657538930082
5,463362355881408 8,075749533590507
1,2860843616507243 2,9854422119065824
6,3153468525577345 5,0165232832418996
4,997362311476208 8,014189595033296
4,472637444254383 8,25708321125581
2,3109571893198955 2,3167603733285365
2,69623263217696 3,0052244562623383
7,057994084769492 4,755291837745228
5,183526743007838 8,285690960180712
7,294833348493039 4,519667842149494
7,059289617353409 5,0318735235590974
1,243959823443881 3,32184351547545
7,250215377670372 4,685037157868758
7,258570591078266 5,0201678437404365
4,383298549999429 7,802614489760274
2,062118670265022 3,376016708289838
5,369425711412985 8,069079228062854
5,511689094921873 7,916260056759343
2,219578882452624 3,4886067968897283
2,7537252576582714 2,682254833053721
6,424829631859383 5,544948506339216
4,520114969187987 8,516150587959459
2,0587908074189625 2,0546466133270913
6,254078444471599 5,138756526920101
2,4155803241951115 3,165694694354843
7,14446059200916 5,165360218186571
6,192103898996837 4,4116655372707285
7,246677226179214 4,664296282234904
7,764461233031424 4,769143142400766
1,9286693258839622 2,444397758819955
4,924810018805611 7,812920149417409
6,5781784623221276 4,774242658130297
2,0457158160389706 3,5151526910112763
1,607906113217917 2,269104035456649
6,553199357829184 5,099228900261871
7,407350512787378 4,850571291543808
2,7339753039122394 2,9780095619180775
6,91044644619556 4,895405491317719
2,720572035335584 2,980079990746227
5,679644689823302 8,351941506194901
5,428019413209821 8,215107077927387
5,35688029679462 8,296159379464724
1,4448939033874242 2,1019395343005844
1,4392837680842998 2,4402627801352113
2,255470120873738 2,9671701960772854
3,103905931692339 2,8831975780578287
1,940822362905259 3,212841064301402
6,6995630349817095 5,453493602869476
1,708263841669869 3,1339568216825318
6,088831470871842 4,803506368124614
6,387557015351527 4,925721335805609
4,983306098483989 8,52233872287856
7,048406178567779 5,428551656974845
5,28140220640884 8,545730773895004
4,896606264665923 8,52997538832655
7,804297886248872 5,132871598998285
2,4965673322061095 2,425272285535601
5,114674211002098 8,020551171867442
6,741012228894684 4,895912016455252
7,30432490446219 4,932045680929281
7,4133226085901 4,817553231166165
6,623956057209325 5,35125381182541
7,326739588293723 5,722172356976601
4,65474966760194 7,551140672004465
5,3229458450950276 8,23619502046948
6,879883824093899 5,16708059334986
7,009004701171393 5,398823418059887
2,9273288878056447 3,364850064863771
1,9244253154631785 3,737444483631082
6,092294097721984 4,9251022947132865
4,960364771230026 7,952688271804967
4,542893141813042 8,230621084305096
5,4452927412292205 8,0027499985023
1,6176246416406759 2,2594794331044765
4,627273222412234 7,90013564516436
0,9159601887471536 3,6743347261806627
4,993767863619752 7,760899632660657
1,3176302490930922 2,6828724365898715
2,928749380507161 2,580441334519636
7,553367591649628 5,243605383272883
5,042583237367117 8,214589552977815
6,435837552852833 5,285316625609113
1,296155042662939 2,9917319618096725
5,426145716007943 7,739002505957116
4,649902140973584 8,232601273979547
7,03564289921163 5,221845569598768
5,2755850342736545 7,785238572404019
6,80452187628123 4,563099188646607
5,211833030545451 8,125821875162666
5,072911344851152 7,717025945840979
2,747723219969654 3,627400251048423
7,306995235303532 4,689941511694382
6,547592962457601 4,999187670111479
2,739726158921509 3,2169732543181775
6,834005707268232 4,567645151371192
3,0826468594097416 3,6178644890311262
6,654622768717864 4,909701780063574
0,9401771564709751 2,8615337578083433
7,255662004212915 5,58619033459895
5,0268233639122055 7,714094968136955
1,845268864059785 3,3071704499602
2,4198398759301165 2,614734844819374
2,3393299170154167 2,842726873957254
2,5862389266526105 2,9857508133369897
6,395577035089106 5,4204810166156765
4,548277755036427 7,9973925768150025
7,622680389652741 4,7526211319576035
6,972098005511359 4,2162862384806035
1,8112437264461936 3,0797678549538086
6,36251647240658 5,046712901686059
1,9297253288904512 3,6907658513391413
4,748454595388472 7,600995987302426
7,938730404929679 4,981354435675712
6,71474565568648 5,37793400512968
2,644386032110325 2,8301564127754246
7,034479630488946 5,1925593633365175
7,976088945039351 4,717410964086134
4,827335741598727 7,6792908532550435
0,8776544228376519 3,376695573122607
1,584359344406335 3,292397189445167
1,5456673074608636 3,7633951481155603
7,628422201685173 4,750427565730333
0,6435022067633598 2,9186580714648827
6,943009662383522 5,3566387551718115
4,949962167542335 7,928138037659121
7,300699795834133 4,44824568714123
6,514812203325145 4,382947638912056
4,486653645904605 8,113954332941958
5,353462123777845 7,841284432571683
2,5633618879824907 2,5577275562348145
2,9758744202183047 3,4346952383075173
4,852483356522427 8,503286636718915
6,406476155457206 4,795707002163885
5,060045827115829 7,611606397810661
5,583325006281897 8,478520093544471
5,057691483285543 7,8394198596614695
7,269223973022411 4,7666497862126285
4,774535608666708 7,914438042468582
4,964400974620158 7,988382480652188
5,607532589769328 8,057047949373874
6,610546986627062 5,069847284007637
4,84429077247882 7,454526987272887
7,5759584530038016 4,514113098506044
4,9502723207864 7,785219361245146
6,937775914743297 5,190773907306578
6,416664777618474 5,608012162101874
5,219625377507901 7,857286191428319
1,7647417601475648 2,783852706770548
4,648838070402762 8,551029421180807
4,889481847998068 8,115893690412861
5,573099348533905 8,002026755510773
1,514047089306194 2,4972869108629396
6,326595924994973 5,17661227281798
6,988554585598947 4,659581473415269
1,8498125124093607 3,1825090694350173
7,709823928788916 5,342950086325993
6,644196456427494 5,274651513982885
4,2515405524820755 7,825303745521923
4,618623842164657 8,134140932323167
6,976120717273492 4,995736770437722
1,0314956154142667 3,0812764533121726
1,0539116257428764 3,0415850799142725
4,60541316989095 8,25331002746494
2,3790436838364637 3,3098636632491747
1,864377578703981 3,560674906486398
7,831199326092552 4,751182660353043
2,6144912972724734 3,4640359809421426
0,9777974753750369 2,591152099933298
7,044796304521051 4,514338067703636
2,5755548762893348 3,0273219681097743
7,470491091870752 4,665499349147156
5,755360681944088 7,811388402856955
5,173196985439686 7,969394916025041
7,010835284855313 4,463879023590843
7,269040966108543 4,6865101665937035
6,3808305371494045 4,509360657769507
0,9659771909592825 3,552373197932519
5,178402271761937 8,192709090085447
4,219030255383026 7,651514690049826
2,34925598480123 2,674561366972463
1,1962226311152357 2,9932141309017672
1,9323914428555367 2,579370398295665
2,2464396644468545 2,9048327662936493
2,8445298456762433 2,5933462386437958
1,4751599239133475 2,2887312214008455
4,9651583402161314 7,648609211005258
1,7216610857525414 3,5694486708911812
2,220520496392728 2,5214372012597037
7,6640004593940025 4,6706627652281245
6,194248902829498 5,250197968437989
1,9482093721305112 2,362664690746074
2,145600806847505 2,1519736933745577
0,5611876397220859 2,992546240187039
2,151973855770035 2,361970601084704
1,6235310756580899 2,9676295393093897
5,133317373416489 8,066729494576467
6,88528854723256 5,799205211912481
6,662884968310836 5,4155651673832415
7,534018316813441 4,426795076106105
1,791844979261958 3,173377836447141
6,152957799082301 5,482084518892973
1,4385575182390253 3,6224899535505686
2,793155844100261 3,2892166636476445
7,081117051422452 4,555248826696752
6,854902573565498 4,735460782843357
6,740324204639744 5,08413045013117
6,56245026218701 4,652989057174641
5,329796281153523 7,528934466247089
0,9916098130151554 3,150137543917463
5,794127614160634 7,789346709607484
7,3324105695737245 5,35207807638862
6,968398574825459 5,255045835633461
1,546159689310299 2,792869465045572
6,813918323265639 4,515708039873205
6,811129515367754 5,633330129743782
7,201463718820165 4,553795671220184
1,2403785984324875 3,0875375165010954
5,955068254797093 7,877770960076939
2,2085064415568674 3,0629421750514627
6,1116866862145915 4,811254891219942
1,8313624370076753 3,6506944903340495
1,7606200974966493 3,61473390574315
4,741554235530679 8,06640753053223
2,3343556464005064 2,643679148946761
2,716580327594637 2,399624106038684
7,643541724679839 4,92134745499385
6,77248786584581 5,800443045199858
0,7623011744451427 2,8514870610988052
2,3973415523600483 3,670393389522425
2,750327803472161 2,577927647574547
2,378680522911968 3,084361077129225
2,0677651672202813 3,3320640744733034
1,6005928785566632 2,359202528940658
4,956923205927898 8,040584921044605
3,058095281640543 3,4596244585295244
4,763750358493795 8,197181924800788
5,223397849875068 7,937791412092428
4,739949776320676 7,811721227153637
6,6594506106404365 4,389128646211299
4,051861142193275 8,084059773420094
6,719667259663551 4,417744213792241
1,834963780856397 3,352290827144379
4,759830520375493 8,448511413847458
4,700198619910427 7,899287601782065
4,47928841171867 8,459483122988185
4,373361154461157 8,384927246038199
4,490660608545517 8,545393192937105
4,60512484859509 7,5396989435265045
5,161395018025464 8,617574015346824
7,403039207705643 5,143208771745984
2,4109925117971276 2,8017056890162966
2,4902643072745887 3,266585166108703
4,917058160135825 7,907695750990257
6,9497694711158005 5,586286711273134
6,512231304979367 4,686947406786329
6,6333178672965705 5,58338208461549
7,891496114828525 4,859069073029151
1,008767047110636 3,080780576203984
5,590672852615281 7,833928056080157
1,3324836623005627 2,62460526177893
5,242310148147718 7,448629631020244
4,751612640048337 7,770015043611903
5,670983436785443 7,7846241626961055
2,604407986293007 2,300533701686045
6,6255391052555845 4,642751068662976
3,2534734104249003 2,9472717813980127
4,521864998375936 8,061086365250443
5,334991709747073 8,172456923709078
4,850512379164377 7,999194373444611
6,914954428811019 5,275448221243769
7,323548336737309 4,990570366331752
2,374513315235359 2,6660332259373094
2,4814027821077778 3,345529787151905
1,3469569692964214 3,298355476057223
1,6581617407508247 3,187186103058141
5,104261316427499 8,380569603778266
7,357625328826916 4,272496095852511
7,381527958675145 4,5689212231962415
7,6901396232820804 5,194084902363482
7,624270808544525 4,896575959706783
5,421110942467594 8,08274212814664
4,404481443775604 8,23570712331847
0,7988479834549322 3,344540806354953
2,50982751104508 3,076127762561486
2,4193137184626905 3,3756117465500552
4,717076042355627 8,420660723664088
2,6348843082015287 3,3080622707571394
2,1940196781212404 2,3242566004078697
3,00288985908513 3,3961630548695423
4,195444610447782 8,304439830407762
7,344371630072278 4,6839389920708
7,377124887801111 4,726879515598133
5,0341742423401366 8,142154303541613
6,581934196893332 4,440042018471194
5,045680250476962 7,970999969729087
4,952122031181757 7,943459907345183
8,059243630797551 5,1357380357976385
7,661922161227446 5,023544301777882
4,105933409311558 7,8774724329355195
6,936394592185049 4,976463844910716
2,421236063523901 2,424599997161757
6,665317109709388 4,8913870600381895
1,434217033138572 3,037368627869864
1,7125131227022399 2,9024944443465146
0,62046057090155 3,0304645968115076
5,610796014184498 7,877300377351518
7,143778559583289 4,742992457560848
6,476936798818989 4,882166055045694
6,847215275370268 4,303201111163987
6,632588197507163 5,246316166824881
7,045262446620739 5,461955980029256
6,569877845640595 5,478951371484875
3,2448639133849406 2,639796571164232
4,863395159340084 7,894394154148853
1,4695428989605968 2,5048030416436724
5,657214025934993 8,212779270659809
5,727625116218681 7,846111175990288
7,306541726338932 5,0763791426128915
5,243362481272269 7,618783757165039
7,082868249402312 4,976559953903845
5,150444986289392 8,574336369896805
4,767691211786697 8,53329560286026
0,9366936761482711 3,0989231193201006
1,9618065625479364 2,546049948107981
6,256701739476492 4,807322094271116
6,96146902932127 4,663405052295239
6,694248463814828 4,39129193374116
6,268278191020252 4,782094200928114
4,202716455534688 8,150756498822483
2,372706738971434 3,8985488289670496
4,512385532827777 8,15298031474142
2,2411661764494055 3,4368942979636814
6,927956003658072 5,131907326516048
4,483591736735899 7,484442089652465
5,495377133672533 7,554226580461574
7,219279043504153 4,628279612881544
5,279734378572764 8,554889670560236
4,497955096715053 7,647689928811502
7,42372552824656 4,646819834891627
5,931714350067089 4,6481698667081455
1,910295229100265 3,7484890147199277
5,737751269398425 8,365180210064157
5,5267705277920385 8,08357688646963
2,2946516294602928 3,892229096815741
2,4106884348868545 2,054477289169534
4,700552776534501 8,018008785448277
2,6473252583624847 2,2851549736342758
7,5685305223286345 4,629930287924657
6,675379696873932 4,972024637987984
5,779316376219116 8,089057383807884
6,840939326131725 4,483490869492096
4,795982755388931 8,343598794949237
1,4401856659580092 3,3987295884188584
6,2224318480551135 4,472975760200108
2,9572014694552586 2,4555727499283
2,8505066736728093 3,2851510527720396
7,4644120401867085 4,5929738784607546
2,0980180863736417 3,2995937845129992
5,252862278362118 7,558712397822047
5,694294901569074 8,28838302502385
2,9712297531883154 2,340240988851237
5,035595283879544 7,808371621575812
2,148124072276291 3,234781315902223
2,166948261779117 3,468595167861667
4,280595166062968 8,06630237965134
6,859925673263871 5,579825450823237
5,094359883433884 8,304248659980466
4,77823265299202 7,700945348566568
5,542384872878888 7,639259291798123
5,562757511328627 8,238229871841725
7,328200304555308 4,8359142870713
5,19657594224029 7,896882553590642
1,6137490409355482 2,386813250379631
7,809462956471085 5,197191802921642
2,8128411199606997 2,851342022271323
5,378739036610307 8,498108152654964
7,162675464724429 4,6695237530208775
0,7336118908287981 2,8566824140098475
4,865404604003044 7,634384795432763
7,2190021542421166 4,638706891323356
5,2644447625868676 8,371067146905649
7,895938755721196 5,058954518387075
7,019070141854506 4,592929558641952
1,4291857726267891 3,8396940054186897
5,059926173025556 7,881467002640319
5,404358730987086 7,657432792712555
6,518693093971985 5,17820212440132
2,955511492084528 2,993071148707405
7,020881112035211 4,6266224953761945
2,0427491981927886 2,561486127621241
5,205315627822198 7,794665676832043
1,8288092137169274 3,8603251115764308
6,107467839017478 4,76362720878426
4,3835163737233 7,820158964328307
7,778728580604894 5,152210215130424
6,039596980710996 5,293237800134061
4,958494696826758 7,499523117568808
6,716012835266618 5,319463316136574
1,811152165938338 2,5309718164867454
7,092526632964954 4,767725215171694
7,373706421945069 5,120767127858699
2,3640200210536046 2,384344701705394
6,294668691194854 5,123205764934298
1,0676302908680286 3,751194517102908
6,87814420641843 4,920667455142654
4,605740193571328 8,339476473431102
4,731765464086996 8,4562060797673
2,2811725982449724 2,3596183171474725
1,1271286162423606 3,1350253078891823
7,513010394666056 4,868299932549084
4,918511368146008 7,707189045083291
1,0315656910205613 3,4556966741903046
1,2719668783208307 3,3541194021685405
1,886581696527831 2,8899369451054318
6,791339215348648 4,2954269927449875
4,996357512069428 7,8649270468052705
1,5050772243184605 3,47354327118544
6,489058741203127 4,917326004193438
5,91826827597166 5,051140424844582
4,7199653899132485 8,05766476000533
4,922520826266668 8,34948970988542
4,525444270907715 7,891120481613273
2,0755864245942885 3,2912841223675486
2,3430964796669675 3,1646966582814517
7,289865024690389 5,1505969831289065
5,874796486735727 8,296504636089844
4,688894442783785 7,895244380106218
2,9333573192424383 3,571609956701391
4,666628490693034 8,29451369956511
1,9273630169292568 3,465570896193937
4,994798647417231 8,178855647330018
5,245472896880237 8,327231557962527
4,321774156539872 8,259744978169254
2,912064934055459 3,183289568046106
1,8503415939449006 3,595412862110979
2,6599150593368797 2,557685750877045
2,254306376023457 3,5832735771441095
4,60746467623495 8,399528882422723
7,552985567211684 4,807646823079306
5,069558444278192 8,550158231947144
5,277836623144615 7,734650425710428
6,359957717751207 5,178323363637926
1,4246433090667943 2,7558162540026836
1,0408178370030212 2,4641292833198474
6,8225433948559875 4,860760501864638
6,579596413842553 4,92103266476918
2,472331568375885 3,1714450023897625
2,4249817525179727 2,7744796031786643
2,1940398938108547 2,8396351587022464
4,786063943040529 8,420438998688969
1,3775319709639804 3,0826168071948166
4,363471826451511 8,192405902437317
4,536318240104251 7,855674450640541
0,7027797911837481 2,9555387565191404
7,010566500544854 4,577036233845926
2,0349014442204956 3,51651974520064
4,378152630392428 8,174674707436123
7,151275399111709 5,284134834355571
2,34608858802798 3,4338106688301404
1,0626575575847423 3,288595899843757
2,379475511677291 2,3555299245537813
2,6391579724862733 3,190574095819666
4,783127973044932 7,680820042480196
6,010117969011561 4,982421381334676
5,0892492955447635 7,760993772505129
1,150854248605424 2,9539431948105714
4,99146812647693 8,41494177394742
2,8455791803642887 3,298184222666822
1,526231810979735 3,18437598760909
4,655106118927242 7,756327752689512
4,2855771488770396 8,169779668595176
2,477324121852933 3,7263117840243747
5,342629273114209 8,427323591172883
4,191011578386445 7,691504010466115
7,649367805544328 4,908161560490772
5,079492445953722 8,285887712046245
2,1662264429310656 2,8261929018979925
4,660400564559566 7,4145972744641275
5,534330333998998 8,124525403266531
2,066474250793368 2,507866368646135
1,926161314631985 3,5903008515600243
5,85820465865564 7,774563595494673
5,051102105351348 8,514029472798088
6,93763273240808 4,600094222923443
2,441451877878811 3,1600992872832134
1,0824149523262314 2,7079460102111894
5,16467322808079 8,163668405665256
4,287149668094556 8,369537246994144
2,6519502257700074 2,480950585756286
6,8318284608395174 4,255367296925914
1,654814763082829 2,086987651989496
2,531624479834062 3,1980924928300296
7,0220249168516755 5,112282241909466
6,995172954453677 5,339455408397008
5,6507173687957275 8,501808285586545
6,974668290130982 4,545277498736734
6,77163794697643 4,3706092095160365
2,768676140797113 2,4932091746586185
5,294637405741955 8,375987803640596
5,807462922203633 8,106560206749716
5,0631531109969625 8,339548652827947
5,269320038851724 7,892363449959121
2,184094534557699 3,166832143080044
4,834874278137603 8,125417009184005
1,811841825628818 2,077491006883663
6,466429020550195 5,664671161290583
5,155007214567072 7,576849128087467
7,708052348537876 4,706953779968774
5,612397020134486 7,958576961932067
4,837815615960608 8,352470252717247
7,228034490268719 4,733302784445417
0,9723247768950825 3,0068279422159168
2,717306361898115 3,037398830834628
7,608678352143762 4,505881223378429
2,9672738898484363 2,336509314246082
4,654925681858379 7,668029199831105
2,704243134346201 2,748265588350172
4,771233576427407 7,5586415069758015
1,9342864208012713 2,443920209631777
1,2198377500874877 3,716256016891851
6,179468623549473 5,251095214351437
4,324058079749779 8,20830298742604
4,182577605350619 7,861074214387666
6,176076826443033 5,127679368599841
3,3160871441979953 3,0346742191871914
2,064485963428477 3,5263473331908273
5,136142351832326 7,922594617656372
5,415584850340125 8,404584012764458
0,6847910076975348 3,1398767662949734
5,000699622541574 7,425827847560112
4,74139559579619 8,166547586088381
7,431262301808031 5,250481350110615
4,984030031736245 7,775476917884204
6,626829254771003 5,518054623371256
2,311397543330105 3,377833383479811
5,822054361543351 4,958611730114727
7,2620622727732655 5,459735373423141
4,668926927864838 8,619239421265686
4,956537024864155 8,347863035098532
1,8787047402977577 3,278300339456767
4,531095055497165 7,893607930983496
0,8423289861282552 2,8779557368682442
3,2852975306828633 2,8376043469728147
7,240703848679047 4,283535925738214
7,096204583347717 5,509290698074483
4,830190901133039 7,7512062100320405
4,918166972307473 8,39750819829616
7,069414302113719 5,3543317290273285
5,417050873891981 8,475182531528167
5,602499354849495 7,894239748174591
5,8043888756873425 8,076821599104376
5,654896165449397 8,404840774217185
7,343155564342485 4,949681177038809
7,111543241738774 4,575668408176644
5,475029782277538 7,6761430816124605
2,110609227487836 3,321835861364107
1,2089672320750693 3,4351096097152616
7,490048533330182 5,678102678628253
2,1506617039869673 3,49215500731471
5,866164331980806 8,15617916171771
7,347374424337209 5,48585160329767
4,678512393363485 8,22698474698011
4,8728759109277675 7,923527703086252
7,500813240953688 4,906295228758405
4,9705763783659 8,240900341187066
1,1426289305951776 2,679268127212274
5,06586689057456 8,36410589479675
5,550795952225247 7,787024256334493
4,526893991788934 7,553142950423404
4,7844089549236 7,490912922440526
6,3193348204641016 4,987244882853991
4,349378978992296 8,217173549434705
7,092642874187256 5,273346738385379
1,7360330814155904 3,1558373991775968
2,3538233092886864 3,0045024627725683
3,0304683426686414 3,1868412857329265
5,7679629729935415 7,9494110161341665
7,4674373772382605 4,776169421044918
7,295270895246914 5,31359125922722
6,992562668738184 4,529860786229177
2,8151256926048953 3,1802228707513853
2,1952383326654727 3,350860382428639
1,5463513961732522 3,2433963836074438
1,7755207376108757 3,5715000811164046
2,372108073367846 3,035702251220495
1,7754142456920539 3,0031292073255837
5,766568615167989 8,018456224582728
7,38692671911782 4,997160107963397
4,563142065428366 8,011252640206273
1,1536899722701772 3,488235043925819
6,6778840909688375 4,69877933340241
1,674681698486527 3,3014685076735435
2,985206667205396 2,5389750946681446
6,979792612829771 5,094388172801718
2,9663465619694067 3,311386930049009
5,681955737661426 7,631839827934691
1,2343327520232037 3,560910797885683
6,935906157166198 5,665041218656512
2,414835607742698 2,8331877777357017
2,208074850904022 2,636826217857195
2,1095516822452556 3,4700791003825615
0,8561741207204663 3,2907145790765244
2,2967751787610085 3,3506534345293635
4,9934197155636575 8,062471383527402
1,7451564444147154 3,7574026437075463
1,9642240753964382 2,28075668100689
6,453328545779526 5,299580984574234
7,192112405464845 4,663767068699973
0,97345169432724 2,9339772503653423
6,188009783108603 5,378421793620319
7,697885851638912 5,119632573174739
0,9566861091567416 3,404594813220522
1,4615299993494963 3,2783500165618844
4,3509228250204695 7,949806711924328
1,0923382887624733 2,223645815392929
7,544688653592411 4,783882190731524
4,862440914297116 7,65003289417497
5,562129730604314 7,710213176580503
7,152629504047472 4,441844229634025
6,167807387872987 4,872912864492224
4,649088721812829 8,569017933611072
4,437763268409251 7,799951347723503
2,109798605421462 3,6707794009002073
1,579597777234361 3,585043153387206
7,778228247671466 5,435041147758048
1,0239796132769377 3,1261688321514383
1,3358157264853396 2,3396367536181146
4,763835789160599 7,870417498538821
5,240480050255982 7,642845875101317
4,42638622045422 7,843235756032302
6,897475468275727 5,069837886145893
6,348401417231237 4,405945560350233
4,620520067100902 8,057587228586852
5,371675297809536 7,535197520940553
2,6066480189441474 2,5565252794909714
7,045205473587175 5,238817460777119
1,6219144824070955 2,361830445958108
6,599802299518853 4,329301049682619
2,451592734993395 3,238332705974971
7,087242876682044 5,087451270705566
6,732501559988176 4,2565078679805595
1,3656635136180975 2,278050791173808
6,962651266722616 5,384505822794694
5,472828648363622 7,565972429573575
1,7420880802202787 2,566657428116186
6,337330699616794 4,952911493179466
5,754549126714415 8,018847480729253
7,769915911496144 5,355347602965891
6,371875146872847 4,933992656709616
2,2770621560863997 2,450404929568932
4,338245561820214 7,613365462738993
6,948329482747918 5,723014617438871
6,2952541290926805 4,819287230155946
5,506909224870565 7,598099479937007
5,389965469082025 8,42386703367663
7,077232969988394 5,137900219712047
5,306711257481069 7,630447726279927
2,125164941904514 3,130067077914482
4,7446349061397655 7,492605800077509
4,872423069751791 8,556103898336161
5,485915429937221 7,815777811988184
7,335621863001129 5,566137007317166
7,122107483631023 4,556358550104718
2,4609738556847276 3,092684570390068
2,392061125378536 3,428559744924101
2,145862788618397 3,787378725930103
7,254831794178321 5,154211790857139
2,1095503121430803 2,962320472324245
2,4248466379662146 2,5019550275260043
1,359729486188216 2,489764250132269
2,552867613803964 2,5081297429825806
4,831327107217888 8,595882066835976
2,155781851821061 2,5096259621294283
5,445132966263266 7,971640041873642
4,58162763369269 7,496452575132465
7,1125811209564045 5,3530650352387745
2,017834172474358 3,287702731435892
7,011826243583428 5,555330618666728
5,233425909997244 7,948996436558592
5,451454505819811 8,04882732062148
2,8680516776314717 2,223354833129558
1,8178265426904985 3,1245027307492927
7,202394018281424 4,715991495163555
6,271855242065722 5,453293081661693
4,501212833048507 8,561384044451597
7,400343012774959 4,759782706915066
1,454699706924388 3,3120430835764934
4,99399295915978 7,900502730468112
6,046189789850002 4,857742990907996
5,02466135805565 8,487771354255619
6,833393068914591 5,138671295590008
7,696111978568722 5,3220737642198905
2,3754489581409244 2,3027681753823876
6,598727073674919 5,001989815539189
6,737524816471432 4,856002810401871
1,5297872963370112 2,4921956213603633
5,349662274784167 7,602072530414219
4,651158663069777 7,478990096123821
6,618232851881254 5,0824192327528355
6,90729611708757 5,716206795311115
1,7762779532289894 2,6933420035298052
5,179950699193762 8,444063459183885
5,095891987895733 7,472318635333993
5,7333776722344805 7,928576136501931
7,233820726233056 5,177228408052784
2,507041256972254 3,52725745392834
5,125653431731924 8,05661376022286
4,820069965153943 8,167631740522086
6,7878280009943 5,3488284279234675
2,156100012196422 2,8901125850442813
6,699076787713654 5,482560398790396
5,412294786168815 7,460083537429257
6,67339558708882 5,731561786714261
2,790575781721162 3,718446861056178
1,4576824632519403 2,5155912517704277
1,2842858453679706 2,7982015035438983
1,395020058052352 3,71956566368372
7,2849677722115445 5,407352678492271
5,028968556467965 7,574385272501247
2,132082088340373 2,153721295048948
8,040113466823955 4,899898342400303
6,774776454764174 5,151907664552613
7,323700855187761 4,3877733169728526
4,7236315105121065 8,133887370118918
6,333608469433427 4,961213823290699
6,701643588770768 4,677432173751681
2,217314432530203 2,5193589732569324
7,54807431484735 5,363395518993288
5,0897782890713685 8,40243696799405
7,883472931795172 5,299947572387145
7,107324342620229 5,023609388180708
7,021878800563325 4,571116683127431
5,099161105954027 8,049550510956365
4,753389177952617 7,517686403669924
5,304662068326858 8,539234189119835
5,968565939041867 4,775906602907803
2,595390195932494 3,17986994111145
7,806094184708469 5,2875832101665035
6,123521372817385 5,0923007762942785
4,483841175787552 7,930119730830873
7,037858061913521 5,260459453109261
4,737919709019307 7,839800245222061
3,0100414675880414 3,1064029622113516
5,1103897874821875 7,444109500001645
6,187452619589274 5,306583781574606
5,503553506955629 7,421331650929941
5,408134711493258 8,430714095059091
4,899817141096282 8,080676273177605
6,740491139252002 5,184549785876019
4,93840707181314 7,7750220581360505
1,6737965774581498 2,6632053084670835
6,454159401554622 5,538834299346636
1,6336757985518093 3,550355219747331
7,732212466381565 5,03400156018389
2,3745937764896876 3,26708269736831
5,5307060800805266 7,876452004836081
6,8869141732935235 5,171366403393128
1,596260362334268 3,1956256433709207
1,8377409073001205 3,007389566197545
5,428584629554358 7,954821301581106
4,565206532460806 8,032966644874392
1,2380005596159007 2,760665246870658
7,636450901226262 4,792950632219512
5,36362410416752 8,534376650234481
1,6177267459252471 2,1947061184820327
5,008284197960094 7,428304869482195
2,2134714718127353 3,652396395751938
7,156491157565549 4,5199256194207535
6,821833314911163 5,476458481891758
5,25266253337157 7,973848293666027
1,656862714148852 2,53117081038979
5,146699777521414 8,240171915930059
5,39173701569019 8,464514251980031
1,9615034361556098 2,8534186055538378
5,531005825749459 8,14033897547985
6,6658212533576044 4,739166523163834
2,220297172652764 3,070779891402402
4,922286212628599 8,388061012158387
5,096898570778675 8,430799456278743
6,625474625650493 4,8448589599687635
3,123761236129991 10,123716374917498
6,972016103091012 5,605097181629947
4,9468709732069955 8,540747734297092
5,981747971112009 5,196655713786981
4,824585167937725 8,219367655799795
6,305361367623313 5,365477232635325
4,5000794612680215 8,382933078082953
5,126375049086431 7,363835879388363
6,62630228116355 5,152814077548028
6,627075111477369 5,3605109136783575
7,114346789733842 5,207756457984392
4,294886210975242 8,208644118519594
2,6467689834710786 2,721718193069211
6,758782034371973 5,339894969079566
1,7786872602844763 2,4150237281401683
4,433345908249437 7,811230302264038
6,414166645140455 5,400553875773706
6,826450467578014 5,184716532672775
7,5077574946411705 4,474080816978345
6,558337073091629 5,59110098234068
5,104589863354542 8,217270264917264
6,243589219612429 5,368274639527697
5,07244322992605 8,545941661140821
1,9472889717466786 3,8730104580720437
6,99492087739743 4,722496382590561
6,342682067334503 4,768080864080525
4,585966252829429 8,387027007097922
1,3340197264795757 3,2224099424071344
4,9515353650140375 8,088041771317128
2,5305543618271553 2,5872603994939642
6,86881961562689 5,421494488624285
1,9742033076370276 2,540649288902914
6,4768040233197794 5,191022887266367
6,986490821806438 4,610121544579819
1,902563466260978 2,1677877588443604
2,301577962048528 3,113023981400213
1,8071049023751304 3,1802023297638358
6,281163535104101 4,865752616179987
5,275278889101827 7,688910333143756
1,8845577626711383 2,4543770351857965
1,9438142488870325 2,025981154973786
1,0209369750249255 3,606232583122058
0,7881975844418063 2,6877482287831045
4,885158069135815 7,377130592454828
4,99249901085648 8,459815218730634
1,3818873299465175 3,2094133790552757
6,619087162545135 4,805075937033087
6,53427224682731 5,614651690449584
6,495734239621542 4,8410576272265
7,247464285113368 5,333315595901995
6,705566815578295 4,2307259431027635
4,58903139041543 7,829383227375926
3,0753998584935145 2,561150470774941
6,8975861900936195 5,367209612148751
7,861039109141002 4,737473412570024
5,608846092553014 8,215685421002863
5,522808704221003 8,058282160628792
5,1401653789082955 7,6777560740976005
5,004732591048246 7,829551734969892
1,0960917195532645 3,3658032129406954
4,810016443394833 7,934665975491866
1,700945748762088 2,4323154361974586
4,4302522623991605 7,802595067227662
6,315788013448111 4,979510842633534
7,015876757883593 4,535568412371015
5,11350040330649 8,171114964112174
5,042663358482084 8,039446582032175
4,719556866360812 7,76438899327155
6,799135765104103 4,894097598225491
2,435795971306516 2,462310116303671
6,873193104802269 5,335491760766479
5,435165606936781 7,778204340363778
6,478490417007701 4,610245094842863
7,096715678531452 4,570094091326302
4,226327883336589 8,158551004018404
4,68822986859517 8,243928993613984
5,497011514131642 8,065554831614774
6,9749958989193255 5,727619986989703
1,289352445191442 3,426371961483087
2,9781429703653903 3,616162320402699
4,665282137742113 7,432876809326886
4,262836359502541 7,906495362217205
7,311297608720009 5,131290825706671
6,540375397175862 5,162146221934685
6,986128224188855 4,803043416667676
5,670085377700736 8,43644802952346
5,411407679304717 8,35699763622253
2,2518534077142274 3,2501706729130175
2,36897612749141 2,474372655601537
7,3782945284906685 5,735703747926047
4,957496855354538 7,724884378499491
2,541169663262096 2,28343582675327
7,237364274843545 4,744930784474124
6,985597928632551 5,396088300461193
1,1611933415459372 3,062449418011517
6,569199449043605 4,927674275680626
6,913831023376091 5,188170765546932
4,384681320576843 7,966270206164181
6,766787338950584 5,569724944114034
7,813215167292066 4,501226259027325
6,8698785751239235 4,89912628163241
5,666450872896918 7,967668147014377
4,986679674275816 8,00314855042669
1,9296308797775445 3,4866129983048886
1,688204092696335 3,039048777548215
1,7115591341386338 3,4085001073080803
1,8161443478305155 2,6235989301207585
7,588400115683948 4,559465477378859
5,647024720922934 8,329630511811411
5,586684660175489 7,75543802815432
0,9550840627893096 3,081014578831671
4,288442607745601 7,8167237621239085
2,0143524022767174 2,5740117287087125
6,359992779038934 5,4116631238795065
1,8562391441006274 2,5558770080335806
4,401712167064144 7,74435930814524
1,59909401092546 2,5027424016793285
6,8806508408902385 5,67422692909358
6,516794373320142 4,654682435340021
1,1740422539385205 3,593014453253855
1,6299817015878846 2,787100074641713
1,5836008256526457 2,6156703686155462
5,881599903737692 8,161905117062394
6,373704731500072 4,325153903090355
5,197933407392306 7,780012076466236
5,519240435923157 8,196347682289787
2,514575528969637 3,5980781255681924
7,660990888646358 5,388366977966863
5,1361217063139595 7,347360495359602
4,459967376615316 8,179728484431202
4,355796322485353 8,176564043279779
6,893163180767186 4,513935416740848
4,851526341274798 7,793618244350485
1,118139573065931 3,604222214658154
7,028852815744134 5,460116791887275
5,104202996676477 7,952813696173367
5,348961227602576 7,970863412866059
1,665920527616569 3,7150130705506825
5,037802936974241 7,913304260993369
6,598212984887215 4,824934345555503
5,161617701569401 7,974064404419611
5,87205076568955 8,286188711827817
1,7163690761359136 3,541860117889195
7,425036798324836 5,2976887817081195
6,8007890854492565 5,204571621300762
6,336961379869136 4,647150381892895
6,3498680074868785 5,0091584546958945
6,076949699552506 4,6400422729619635
1,2105884544762273 2,8305714890875366
4,934254351524329 7,536959442122057
4,085707298213355 8,091721588066756
4,819138405150278 7,840045407736719
6,879693463966884 5,152496083297837
6,033119203150378 4,706756787097382
1,7156844780775127 3,3619668263319227
7,789311386562999 4,988544553280038
6,299981830625708 4,5447336260607605
4,652354415750004 8,046429112055925
1,4224560552128076 3,3716499836220457
7,800241844172195 4,8890408098096705
7,346565491309614 5,211967803437715
5,208431115477002 8,193555777007763
5,273261218081814 8,363006190222091
5,356900811076419 7,707887006086851
5,332934633508785 8,33258761827356
4,679327615285375 8,259917156140142
4,96245821206244 8,262298450213537
7,82469695692347 4,792824893943326
7,283796491984183 5,306840922331496
4,767341199213265 8,448299354447908
2,980648967149976 2,852068962395587
7,350611489851101 4,458687206336417
1,6533187985543705 2,83360696451528
1,9255126435963863 3,011837352234499
7,343074441377421 4,428083736702902
8,138174752438848 4,835932235281683
0,7574143267957327 3,0320351475590455
2,500036963826502 2,5575185912365255
1,381589877662941 2,39106316337962
1,8151503925534267 3,929051218690076
5,277122752767522 8,050366599063775
5,030951807455677 8,079792295054016
4,424036758338077 8,373076344246375
7,214880640457759 5,497640790673829
5,860862708130637 8,00074772030467
2,7987600622542557 3,0142828690857657
2,2126134109140727 3,62913493874387
3,051387214749763 3,6174982525710524
2,298898400218875 3,6591669468030337
5,613825634908583 7,747204727438184
7,19034449431395 4,876335289021516
2,2250481187521816 2,9149221706853865
2,2344972715130513 2,750014120959879
4,709735402267896 7,593580250179744
4,704495346121483 8,098762500983746
2,056650765843443 2,864209441387524
1,1461382796638602 3,4394522385831974
5,427502079475003 8,038892983590577
2,321981333292875 2,3511294572077404
5,396877913739762 7,678527870269386
6,868209052110166 4,799351134206569
6,5968085859050145 4,5417942781077745
7,197317161323244 4,8057917185548735
7,484672863807381 4,7050961247549346
2,5352079385291635 3,8210010589995695
4,935787604688381 8,53277817549545
1,7811188018588715 2,9760649712430935
4,748028144098705 7,866198243952928
5,308726844104861 8,198201477615562
1,9015699322708342 3,2347484336408643
3,3760042495656943 2,7019748027649038
4,74030212695477 8,480154351056427
2,3501638963008324 2,9498142005774666
5,5431352616372225 8,014453544397247
2,304553137010471 2,6322868116673117
5,67474823969051 7,577697723128322
5,629599776804136 7,89225801045302
2,050252916147778 3,6537622888539785
2,619156287716356 3,5063736561428893
1,455054622729111 3,580506296075012
7,1125909005246974 4,790114693115686
6,982154693054621 4,416257572212431
1,9552482052844917 2,496364694273769
7,5847239649886244 5,03249735472393
5,437175407122236 8,34402313961565
2,7075851006667175 3,3424564956660743
-2,543555261127220 1,213772349123712
5,221616400127058 7,410898426802005
4,538673589492793 8,166432664350042
7,810042670604849 5,222081330287605
7,034772664514404 5,216591500437639
6,336276229271059 5,140625897594309
1,730137677737384 3,469381082471867
5,152855518442871 7,428550582134946
7,394142205705179 5,6711008603622535
4,344367686452762 7,9013487755769205
4,564402907406825 8,253069288850059
6,710964556113646 4,945114113679043
1,97280310583352 3,1849118546731203
7,55464663594368 5,2154256670790975
7,278763672372424 5,605155659729078
7,595951769335274 4,7031959403593575
2,9746799152556376 3,3165900297311692
3,3413167009517544 3,1401198319353973
5,744532126220779 7,717066547409187
1,002506288932808 3,6471569556172843
2,8584640319708345 3,244390347040539
4,728786818430287 8,546924976459282
4,828694995737817 8,155213083600188
6,837034652592738 4,3737961498166396
1,176072070457993 3,2882907172225337
2,5253462426911426 2,5284044912384736
7,1139592107656595 5,5162137346031574
3,0416146998160736 2,935058617909191
4,6531105425986565 7,9291942039810746
7,131275392274434 5,041023819871736
6,852167859260165 5,532690425788175
6,748617001752997 5,114184459249814
6,482059534193237 4,741350672327801