25,81983795 7,151640025
16,59846261 10,49874639
24,3183558 6,978422803
26,30808135 6,017273271
14,32243448 7,93708521
24,88625264 6,28330212
25,63730571 4,708951894
27,27670266 5,121482354
17,09856876 8,238740698
25,74152599 7,568701951
25,5750078 6,301902583
25,24245833 6,841236826
14,32433732 16,09561099
25,99803337 5,578196577
25,82131872 6,758604686
25,74754933 6,868851943
25,57522535 5,830350551
26,12722772 6,219149748
25,88576622 5,697091454
26,52124781 7,782501882
24,15531352 5,983273843
26,79881611 5,870032845
25,38954584 6,839868377
25,48232616 7,983371389
26,55092636 6,703664423
25,66997598 5,567015978
26,08857129 5,402495159
25,13893555 6,749022412
26,22706501 7,348118052
16,10602631 9,062225311
14,38871947 9,079140589
26,46224533 7,291119914
25,06662359 6,066986986
25,67595599 5,609474358
26,5478597 6,022167125
15,1617161 9,220031953
16,20288894 8,641124294
25,92500583 6,877127378
26,17067328 6,620489408
17,13819298 15,35721676
14,99990521 8,905431497
26,56600818 6,307360825
26,54328026 6,824464766
15,08271814 8,412100128
15,22482454 15,73609261
25,69396873 6,763412286
24,53857994 5,810157419
16,28926717 8,375021109
26,37590568 6,319701308
25,80940072 5,190048325
25,80855101 6,650143008
15,94086272 9,430039334
5,750393691 -19,87762839
25,71584321 6,488576742
15,60956071 9,008337064
26,62848961 6,95249176
26,46623735 5,990409897
25,4148217 6,627220553
26,61408045 6,291894089
26,00033375 6,939633349
14,68479723 8,749898062
16,00961797 8,025241949
23,72147459 6,917307804
24,90184704 6,65351459
15,75117957 9,44889058
15,49155089 9,458889883
26,84569971 7,262853044
25,6401932 6,393494534
25,68529273 7,091250509
13,96505123 17,14747883
16,17831776 15,77274601
26,92949153 6,325236815
24,34548662 6,159203824
23,64296547 5,189497673
14,55695729 9,369856363
25,48035272 6,420921589
15,39085319 9,181662154
16,2683527 16,17064915
25,90210408 5,774165968
13,77955544 8,490136162
25,08231344 6,283089212
26,29534556 7,013635443
15,67144472 15,82928571
24,91779787 5,924573451
14,61742387 17,53585695
24,00231912 5,73165224
25,10205641 7,490875997
25,09741284 6,10340395
26,1798767 6,086456352
25,61144607 7,795484624
26,23199775 6,71414388
16,86066175 10,77065465
25,91371847 5,313013401
15,47476318 8,041550217
15,9813512 8,575182
25,75943319 7,024333161
16,11061746 9,332939247
16,61780613 15,80425064
25,39000761 6,335065832
15,87713385 9,126466664
25,67066732 5,826602643
26,2338002 5,384623815
26,54592302 6,835850496
26,39475905 6,856671343
16,15559226 16,26924535
25,51273999 7,607125987
24,99133042 6,101638773
25,26167388 6,033560228
25,50234598 7,182978709
24,5000552 6,343413482
15,18073167 9,174323999
25,48239615 6,563879514
26,19033222 6,915247909
26,01957415 6,270745598
15,67724394 15,90482745
15,78848291 9,493934156
25,49647727 5,575298988
25,70429315 7,24651488
26,21165978 5,288726133
15,47612486 8,725498583
25,04551611 5,341379352
15,6248618 9,389144939
26,02353102 6,022157025
14,87621253 16,55826836
24,95454622 6,683799137
26,33122096 6,2808458
16,46727816 9,911859228
25,78709901 6,259197662
25,31396714 7,100518774
15,32744246 16,9556772
26,9336901 6,957511763
27,1913312 6,398489893
16,05308302 8,930595647
14,67229606 16,25372508
26,32438366 5,595749468
16,32311924 16,69569613
25,38175309 6,535401453
14,49255232 16,39788915
15,9106815 8,605137186
15,80286562 17,17436624
24,9206385 6,126748484
14,18675876 8,811232231
26,31745961 5,43337197
26,54660406 7,419088833
13,98056433 8,595115764
25,7163169 7,592078199
25,52468455 5,261616622
15,82935761 9,15858931
24,85511475 6,440459534
25,12473707 7,120029752
26,05715463 5,933004628
-4,581906309 27,63585695
16,86726876 9,697031319
13,91572627 15,98005821
25,88522667 7,760270671
25,08173612 6,325587487
25,94827259 6,419804327
25,78546493 5,067765807
24,62577192 6,147290369
15,31948911 9,740318909
26,76500848 5,435880507
14,73219896 16,23409118
25,60838911 6,427818172
24,02160457 6,569787812
27,38172691 6,542000995
27,30182439 5,563961031
26,81792238 5,656499958
25,93524006 6,395556146
27,3522339 6,052619635
25,26057036 6,28253553
26,43545538 7,325598082
43,79354536 32,68585695
14,50319317 16,38364643
25,88540231 6,108288108
26,07695356 7,272558336
26,12085109 6,911336078
15,76990417 9,696467537
15,43950085 8,951915535
27,20947393 6,424995828
25,83429712 5,917920278
25,26546724 5,988881464
16,65510432 9,115842676
25,09760241 5,503455062
15,77368864 15,08194995
14,84732653 17,176938
25,03865891 6,832573248
27,07362863 6,231238539
24,95177063 5,992682094
26,23507189 5,41461122
25,99806115 6,058807703
26,24209553 6,545182091
26,10078703 6,187240616
15,80982027 15,98885036
15,80643465 16,53663244
25,50348687 6,745225519
17,22659202 16,30921913
26,41109651 5,735929489
15,97497729 8,335047935
25,9312554 6,189670878
15,59497095 8,65206623
15,91536568 9,129360011
27,16253045 5,733300257
27,13486038 6,109425267
26,35669528 5,787031348
25,21639033 6,221939671
26,990846 7,059393695
15,80781199 8,722328496
15,69876956 16,41848547
25,08195509 5,460998601
25,40414145 6,554089483
15,80430386 9,833870361
25,3764217 6,997969535
25,33177839 5,823044615
26,19726456 7,19236979
26,52914712 6,390841668
24,68354807 5,770165156
15,77229877 15,51957769
15,73904766 10,00783933
25,83654578 6,874317255
15,92146214 16,20847072
15,86176053 15,90453586
16,10239404 8,898113845
26,32380594 6,212335783
27,07252864 6,225457198
26,08317486 5,97051926
25,75607151 6,71389138
25,65670438 6,10072745
16,03808088 16,70243152
16,07106809 8,154940897
16,44391615 9,626806221
15,15440875 14,66723475
15,24521098 8,50530212
26,24863073 6,266824172
25,84582354 5,60550526
15,36767338 9,608771257
25,90784067 6,223982699
24,20039144 5,115872511
25,64689374 6,684127892
26,28509749 6,122615867
27,53431134 6,258620144
14,90915187 8,824270826
26,46129977 6,125786661
14,45443734 16,0401623
24,7662808 5,766723783
26,71451656 7,104607557
26,31623205 5,528661834
24,67451826 7,042816464
25,66889548 5,400362544
14,85993224 15,67590539
25,22059072 7,40755635
24,88403246 6,453925662
26,40824911 6,632343071
16,39348049 10,04246091
14,47405205 15,92259921
15,66756794 9,383547014
24,89249222 7,244113504
26,92592381 5,83891525
16,42061091 16,59369199
26,25714311 6,738442561
16,04661144 8,377966168
25,91596522 7,245442765
15,95563933 9,746244377
15,74564134 16,35402535
26,49069592 7,443519824
25,76173367 6,39810781
24,89470927 5,205394063
26,04006634 6,710736645
15,05094597 16,45022967
15,99453746 9,37557165
25,54725179 6,504562618
24,87903821 6,057127164
25,02814815 7,186331707
25,02079212 5,332825864
15,81935659 10,37606452
26,48846624 7,186896095
25,70860343 5,941950804
14,34172084 8,799564711
24,77836101 7,019630399
24,78260634 6,381758839
14,24903728 7,83859102
15,73498836 8,726720885
14,93873618 14,92279314
26,20193884 5,862240594
25,48220981 6,348495903
25,0006209 7,137227729
26,94569718 6,827878263
24,60919156 4,665371606
14,26917991 17,3336291
25,31565929 6,7174688
26,29937253 6,380800955
25,95975255 5,035887278
16,25771013 10,10617091
26,56647783 7,003790973
26,48988277 6,114541725
16,4974109 9,855846648
14,37239969 8,957147335
26,53861628 6,030242479
26,23591261 6,956712752
24,98075279 6,492067605
23,95911345 5,344381981
16,20595349 16,02652204
14,34538653 14,99813671
25,75087516 6,189808844
23,64794982 7,016655747
16,3096109 9,429243858
26,21223589 5,958397947
25,66314858 6,375891951
15,94431662 10,42225818
26,70069694 6,652804156
25,62832752 7,030447802
24,18271351 6,768174234
25,55974619 5,818740096
15,50856677 8,305773085
26,71032456 7,480528345
25,83235802 6,380765302
15,08965432 16,2198519
25,36576539 7,15261417
25,39521023 7,534473051
15,95615281 15,7468484
25,75849056 6,554013127
14,53929189 15,98126798
27,21107296 5,939842833
25,30875534 7,017593128
15,31311147 7,955987663
25,65364024 5,981340905
15,95006009 16,03467709
24,73716008 6,114933908
25,6520002 7,715476767
26,05333229 5,776463213
25,09875371 7,01925276
27,60543453 6,204094688
14,44646955 15,61078362
15,39103569 9,668414282
24,66410395 5,978745104
14,59877281 16,01659829
25,79218537 7,112875417
25,53332672 5,798232551
16,18203921 8,779220382
24,02232581 6,098920661
14,78560018 16,46195355
14,03187657 16,84439964
26,99865502 8,724426569
27,02407389 6,439763139
14,94720917 8,829813504
27,12612156 5,130804755
25,97850583 6,218149747
25,40800895 5,629853835
25,40053777 6,42480312
25,23058841 6,19044171
24,79574937 4,990392838
25,59915892 5,363823471
16,35541349 9,47895828
14,72900978 9,088498239
25,17771784 6,24903585
15,39086248 8,863024324
26,53078676 6,627421947
25,02482656 6,396573519
15,8662012 9,791623677
16,1696154 10,3199473
24,46132898 5,265562288
25,48662694 5,779996193
25,38360684 5,568430887
25,02943448 7,114349916
15,782209 9,388346534
15,13480374 9,319634416
16,32748345 9,327957119
14,87479894 8,720336776
25,24353267 5,655626813
26,32515278 6,475547439
26,61630053 7,062121604
16,38951078 9,801072126
24,84775811 5,811960471
25,19301509 5,300801491
26,81571917 6,111449913
25,53016986 6,567019503
25,78865552 5,212703837
26,44457992 7,379737516
15,5458592 15,86630706
26,87564671 5,88267148
15,41271908 8,733391026
16,17163025 16,2304976
15,83690151 8,672491359
16,77334876 9,349931184
24,65788639 6,214106414
14,29520074 16,6622928
24,63896465 6,44588485
24,97061087 6,048307743
15,83294938 16,55217331
26,42714631 5,702290631
15,99371087 9,731546554
26,00391844 6,070882859
16,04726501 9,765700411
15,08922406 16,04747308
26,32572595 6,334190869
26,06989911 6,27373237
25,33062103 4,84781942
14,8273455 16,53557932
26,35725431 7,627032582
14,47984379 15,93035702
26,98153865 6,403218713
26,01766585 5,854688925
25,94730824 5,957646507
25,98506841 7,467270378
16,04289474 15,28322931
14,12341408 15,97692478
15,61094582 15,5048428
13,95880762 8,762021597
24,97030626 5,967323721
27,12213913 6,323360336
26,42994109 6,536534976
16,32984534 8,244643441
25,62645195 6,323992192
26,09831981 6,709697355
15,41935135 8,634482231
25,40213135 7,169617116
25,65299606 6,674134245
16,32219439 9,353998656
26,37959046 6,063517939
26,17648754 6,50349323
25,63307724 6,064847907
24,87008921 6,621474663
25,45266549 5,490998429
24,41882767 6,478730555
26,35006079 6,070187878
24,19704611 5,43789576
15,31868061 9,649531928
26,0331038 6,121214492
25,7882695 5,916384775
25,86769681 6,344911615
25,58890368 6,45854924
15,30318943 16,33599059
25,49750282 7,562522266
24,92605876 6,454369961
15,07424899 15,37919911
15,79888834 16,58891449
26,95592899 6,952656693
25,92780534 5,693579886
26,72127609 6,849064023
25,6538581 5,827749801
25,43571274 6,913473541
26,57106263 6,769071518
25,83886515 6,310560101
15,88949655 8,61734748
24,50398188 6,555425208
25,45705818 6,924559806
15,2645541 16,41688149
25,72333509 6,840849087
26,36639512 5,777343428
15,39464755 9,496109292
16,35927108 16,10060787
25,36242239 6,642809095
15,47293972 8,951262368
26,34897898 6,174150713
25,34576578 5,820017241
26,34801281 6,521725851
24,71881545 5,628530735
15,24892314 16,40894572
26,29758695 6,189646739
14,13885668 17,1559496
14,93151468 8,527020958
14,0804202 16,65298252
16,23080767 16,77952451
13,83245712 17,11143607
25,98475167 6,426552137
26,58503153 6,193912474
25,75422109 5,720888771
25,84548196 6,090488373
15,8811691 15,31763132
25,0637254 6,745528923
15,91230427 9,774857172
16,25318149 9,490555403
24,38288834 5,593573221
16,86155661 9,858173385
14,67452169 15,71891594
16,49657573 8,861620828
15,35024401 16,31488836
24,7482113 6,343429137
25,57138533 6,860065448
15,85735279 16,11672363
16,50431355 9,125491004
15,89519012 15,79108226
24,45579791 5,967939518
16,56320523 8,774279563
26,31348172 6,904770977
24,65427726 5,909445166
24,3052557 6,918863709
25,65460661 6,030940692
26,40229456 7,19721678
25,89421032 7,133679195
15,20028487 9,380407833
14,07084813 16,76925786
25,2668263 6,536349641
26,07133352 5,992859551
25,2623628 6,185162945
25,14059185 6,674780544
16,28870208 9,488497023
26,76444581 7,084798427
26,04471436 5,618245198
25,68520446 6,405757651
27,54855366 7,163903041
23,71325854 5,226278439
25,44249681 5,819427199
26,13224702 6,417845735
25,51268484 7,275643785
15,24655933 16,33926764
25,89428486 6,796111238
25,2150337 5,733393682
25,89448858 5,806337397
24,24558358 5,358741454
24,69063493 5,994129323
27,14464203 6,073575519
24,4226682 6,357458542
24,54308504 6,368886692
25,48558886 6,230094411
25,68015112 6,35113978
25,24361892 6,172092636
27,25914563 6,770451885
25,94637096 8,026519498
26,08163097 8,03303319
26,08818769 7,637214291
26,21613934 5,772686116
27,04769365 6,617255792
25,45446581 5,842028676
24,48664624 6,318399317
25,18143504 6,76620029
24,77744211 5,705117924
16,12543245 9,288878805
16,16151803 10,19796041
15,65688012 8,555078758
15,09574452 8,60652028
27,20459472 6,708382133
26,30580724 7,125638484
15,67405264 9,201014764
25,74965902 5,940864145
25,32465748 5,995310114
26,6929164 6,713951172
26,99047957 6,300585139
26,18939393 5,750749118
14,95330755 8,89055753
25,9366581 5,212587384
24,74731765 6,069095058
15,78128373 16,13849943
24,65013615 5,510211154
24,32748873 6,079304946
15,12826935 16,89210911
24,70575059 6,998094876
25,13586505 6,219914217
27,26352853 6,429570926
26,21525175 6,031047651
15,68022687 9,183039895
25,42210148 6,108781089
25,77862804 6,00116468
25,89197731 6,890980841
15,32875424 8,505271012
15,68175823 8,204331008
16,89779086 9,562453566
15,25049975 8,454903625
15,54495828 15,5900759
25,53098321 6,267093741
15,32594806 16,90060079
26,53332014 6,241190675
15,11538013 9,008474525
15,00441587 16,16095941
16,35927421 9,167537304
25,80675038 6,369569856
26,05901879 5,821902911
16,25456691 9,591904055
26,77636826 7,262856882
26,09954968 6,409333859
23,64682498 6,216562633
24,74002363 5,747414805
25,11621338 6,186678955
13,59809369 8,925499692
25,61446668 6,408466572
15,44666407 16,08764714
15,11793189 16,88029545
15,9225494 9,798022633
25,73481424 6,237198549
25,32820329 6,151630844
25,35557671 5,859938703
15,97119989 8,843210851
25,89900711 6,703721387
26,23343751 6,200777343
15,14676275 16,36157167
24,45213666 5,934788086
16,14795696 8,322136196
25,83685343 6,638564671
15,07649018 15,6503633
27,44507138 6,091664215
25,10627498 6,058564192
26,58222464 6,750268853
24,98656473 5,544391675
15,60579724 16,26224251
25,68205265 4,989257396
25,23928107 6,983109405
25,26824969 7,518055501
24,93173506 5,514734843
25,19444758 5,876843578
26,40646727 6,419854726
25,16601375 6,827957447
13,83403717 16,85499919
26,59269279 6,197243555
25,70274674 8,031151964
25,88400993 5,291906623
16,11661777 7,70285005
16,41120861 16,25007645
24,6115186 6,587692587
26,13049942 6,29023274
15,97324837 10,01058632
25,6565146 6,236911406
15,21801259 16,86931836
15,08446979 9,21003467
26,5129144 5,502278816
27,63354536 7,266551563
24,41279161 5,554169889
15,59750848 8,319528679
24,41625076 5,985114669
15,70663554 8,334886234
27,48079074 6,112604646
25,86883922 6,118104702
26,23073747 6,701927223
26,53584524 6,114027231
16,36820655 10,14201106
15,90346343 9,327756028
15,28333515 9,292389565
26,57697466 6,654215732
25,53655811 6,35345369
25,30508176 7,095210517
14,84364943 16,32411228
15,37321566 9,680851018
26,86965479 5,656650953
13,889156 8,479175642
26,59682894 7,822198114
17,04593726 9,729233452
26,07379509 5,389723406
27,31507418 7,660076449
25,47649785 7,890010019
