10000
106 494
254 640
448 1331
686 863
443 927
849 956
383 770
248 754
745 1404
869 1392
87 491
185 252
879 979
777 791
377 1199
542 631
650 1437
620 1259
768 1376
109 866
1037 1107
455 1262
321 368
724 1015
106 942
430 1363
358 852
94 516
838 955
308 1094
393 1055
745 856
109 341
214 1317
702 796
498 1336
959 1434
1171 1299
149 1192
1117 1340
452 1155
484 775
779 863
93 706
920 1059
597 926
437 981
9 1157
591 1129
222 568
242 547
1122 1359
535 1389
90 939
737 1405
563 1068
404 638
193 1308
617 1260
242 693
1105 1268
152 1021
618 1009
51 89
857 1177
924 963
500 730
121 726
219 445
931 1357
1092 1222
454 1236
1219 1335
110 1440
361 753
409 901
464 623
547 1386
284 615
16 720
318 603
748 1212
40 76
612 815
26 972
793 1415
156 843
414 711
558 815
196 311
481 1148
283 1138
373 931
714 1399
325 1034
608 751
25 1277
1099 1128
123 1224
442 880
222 1425
671 1358
66 886
1271 1274
161 407
815 1347
953 1107
116 699
346 1278
968 991
488 520
737 1038
129 1011
460 649
937 1348
161 410
1105 1286
658 1087
974 1424
595 622
23 28
1016 1023
845 1372
1022 1395
96 892
762 894
70 1336
132 681
412 1210
264 518
532 955
694 960
486 1274
369 921
17 1314
3 1196
1009 1306
46 1005
53 1125
883 1064
295 1182
265 362
209 1024
391 892
391 934
129 319
506 765
665 1100
365 1194
112 1020
462 1208
288 940
889 979
1340 1396
327 1433
47 708
894 1260
1050 1066
238 531
676 1440
918 1374
72 663
1389 1412
727 1245
1059 1160
6 534
290 1313
911 1065
873 976
642 1205
811 1065
196 264
191 851
829 1081
218 357
616 907
185 869
1017 1102
355 782
543 680
538 1317
274 361
508 660
958 1415
312 799
589 896
60 522
52 1092
509 1338
1098 1178
484 1432
946 1109
3 849
150 1092
946 1328
342 705
642 1336
367 393
83 1298
27 206
52 787
295 1064
762 872
344 374
146 235
366 1055
314 1408
462 1196
389 1206
757 844
345 986
70 206
564 670
749 808
42 1366
830 963
234 1129
366 1141
54 1193
373 916
746 847
840 1298
500 1005
331 458
386 1354
140 210
45 174
679 724
804 1236
615 1279
155 278
861 985
945 1186
649 1051
464 482
1160 1331
343 1171
1081 1219
403 659
359 881
1259 1340
1314 1426
622 1154
231 1052
724 1182
449 458
421 1080
286 937
413 1042
66 1125
142 225
954 1378
821 1254
31 46
978 1007
69 1287
70 544
664 1375
723 1126
383 1141
455 1006
160 471
757 1022
68 1301
281 1336
98 1345
1117 1423
516 867
910 941
910 1014
242 402
1024 1317
392 456
252 761
120 1221
479 592
290 995
315 1387
659 1411
341 1275
423 667
6 633
566 1402
222 1009
752 916
447 577
229 1342
156 637
421 672
477 1007
1080 1102
1029 1404
96 1296
206 762
946 1304
371 848
59 333
671 943
878 884
516 1367
768 883
665 763
523 1187
1001 1399
988 1288
388 439
856 1212
335 659
512 804
95 613
623 1107
552 884
42 1384
637 1106
111 156
301 1147
786 805
630 1314
103 1172
822 846
845 965
446 1277
512 582
1341 1405
925 1407
427 606
104 641
1162 1171
109 1349
494 514
865 1039
566 1062
476 933
55 461
88 944
370 1069
929 1420
611 641
165 379
873 947
856 1176
245 1024
708 1305
63 1183
416 546
61 556
734 875
548 1402
1104 1269
40 320
66 337
144 225
420 575
13 755
849 1085
1180 1248
490 1330
382 772
126 898
464 1362
891 1039
893 1315
700 1420
134 296
172 326
417 846
338 1312
599 702
619 1024
145 1423
964 970
1000 1015
160 1296
440 841
377 923
1076 1389
9 624
106 1110
1013 1044
283 872
741 981
118 1388
417 1414
155 164
168 391
817 1298
276 1194
598 1340
466 938
39 908
201 1416
812 1031
165 634
113 1126
1201 1242
188 596
152 264
1306 1372
46 927
204 212
364 881
240 1004
732 990
261 914
159 489
542 689
110 402
529 1397
120 1157
299 912
668 1137
131 388
155 774
577 1008
510 1181
565 920
206 254
695 1341
994 1254
60 925
855 1308
158 1417
11 1318
313 420
10 286
223 636
282 466
1101 1158
455 694
451 599
294 346
640 661
562 757
553 1350
895 1426
319 1213
368 591
1197 1293
471 498
881 1073
127 715
345 828
87 1392
401 1423
828 1310
516 595
81 562
659 1284
324 347
277 1195
94 1354
487 932
118 698
456 1196
195 714
421 642
294 793
695 877
535 949
810 1281
103 972
532 876
200 463
779 807
324 1006
569 1006
1235 1347
942 1426
840 953
902 916
125 398
99 1371
709 1255
336 469
205 955
123 1002
417 469
787 1067
796 1055
126 570
323 1373
432 951
339 772
29 205
957 1323
895 1107
1385 1427
41 132
962 1150
941 954
618 1217
355 744
790 952
84 1169
59 518
68 809
210 1130
47 540
317 357
684 932
109 179
642 891
845 1246
397 788
931 984
671 1315
36 405
618 637
269 390
288 639
820 1143
431 759
116 439
762 966
1047 1434
649 739
474 712
370 733
19 966
511 959
708 799
520 995
346 349
921 1198
53 950
728 1209
181 758
388 834
979 1035
302 1185
78 756
1134 1176
395 786
487 591
209 257
44 978
385 678
109 1394
816 1349
1104 1302
452 797
695 1038
453 978
944 1249
1017 1222
130 1004
378 1325
76 306
70 916
816 1307
24 1007
1218 1230
80 655
419 965
698 1073
337 498
162 658
418 488
520 1406
815 1244
657 1072
1098 1225
528 844
32 229
657 1119
142 1295
131 599
29 42
488 1435
451 965
618 704
1078 1122
93 1231
753 1119
249 1261
1083 1365
733 1388
138 431
69 988
619 1280
375 898
607 865
4 448
61 1175
351 785
262 561
476 1058
1289 1346
453 795
772 1108
739 1172
399 1350
443 958
846 885
365 978
170 1043
422 621
1182 1290
354 1317
469 780
869 1320
974 1423
278 833
230 419
3 1301
543 1080
772 1154
1066 1262
247 919
116 1055
303 725
275 346
551 1281
735 1347
307 1279
552 1357
135 760
1062 1168
605 1191
294 1279
299 734
14 893
353 737
402 621
358 728
184 1006
267 355
581 914
22 685
685 1342
875 1341
78 224
1012 1246
601 1192
638 947
981 1199
348 1181
149 555
327 1398
1288 1394
1028 1255
166 266
849 1309
1091 1313
1166 1202
103 1403
838 1147
146 1059
665 1113
671 1159
34 172
923 1003
339 869
195 718
238 1137
1155 1221
762 996
221 1257
336 1022
1261 1389
315 1293
415 705
360 1196
333 351
573 1364
1035 1298
801 1007
1047 1295
1094 1369
469 541
537 689
837 912
1246 1295
373 851
258 939
357 695
1248 1410
108 936
1072 1219
50 504
129 1064
330 543
119 646
845 1416
740 1288
335 980
290 588
1220 1253
177 382
1202 1297
183 920
326 1427
590 894
96 1008
685 1228
498 983
411 505
416 1369
671 1149
431 983
604 1241
87 550
40 503
409 845
182 1359
202 847
936 1244
303 541
621 1317
103 296
671 1169
106 665
1065 1340
161 331
1051 1078
377 1410
622 1197
536 652
41 796
285 970
39 60
354 448
136 1004
712 1399
599 683
791 1012
1219 1369
28 563
715 1354
1274 1355
546 987
62 600
1297 1313
77 653
58 642
676 1200
380 1433
336 1197
440 1134
881 1426
252 1333
370 652
1243 1283
174 976
130 146
1051 1344
946 1430
859 905
198 648
741 794
850 1180
242 1334
756 1401
538 850
704 722
381 950
329 436
1157 1193
706 1079
11 833
934 1327
654 1117
72 1427
524 742
765 858
1230 1297
233 756
77 1280
163 887
848 890
889 978
96 1333
34 681
156 1367
287 604
282 1387
597 1309
561 1248
384 1113
432 1343
99 1413
37 459
40 608
717 1203
478 913
61 1416
414 1371
655 1214
272 1421
473 1079
163 1192
197 711
654 912
644 915
211 1195
221 483
79 667
193 425
294 1327
1110 1240
629 657
782 1110
902 1096
1204 1374
250 1132
405 975
116 1323
763 1205
996 1411
950 1059
858 1246
543 695
62 778
420 704
171 1371
300 642
408 594
741 906
911 1222
3 27
583 1244
849 1278
615 825
364 1006
1291 1348
612 1375
972 1053
588 625
301 1129
980 1031
340 1375
318 1277
1054 1109
780 1233
685 1396
562 667
389 1143
236 749
34 1271
1001 1077
282 717
401 1152
365 867
282 351
267 1058
491 1066
180 1086
987 1434
253 373
218 494
126 390
11 201
815 1318
286 1420
444 532
515 1099
913 1252
272 379
480 1144
107 804
674 1236
98 777
46 91
748 826
1308 1329
372 1195
435 969
847 1245
597 1076
720 1404
484 730
187 1159
157 266
590 936
20 1431
338 439
618 941
359 592
122 196
210 647
571 791
550 613
792 1162
423 538
1255 1359
215 1296
21 611
484 1200
641 654
173 1409
646 1291
291 596
571 636
918 1087
696 894
103 353
721 1174
367 1268
26 699
199 827
952 1365
141 768
165 1421
743 1264
133 1231
880 1344
161 1183
647 1420
11 1041
321 1160
397 906
194 232
750 1043
26 964
93 821
359 397
673 862
55 1072
116 978
382 923
33 1241
513 714
416 765
530 1325
59 336
5 89
802 1240
45 958
683 1423
1336 1375
344 459
33 137
94 620
1098 1292
328 533
229 502
38 696
928 963
1084 1349
901 1190
50 274
508 1255
63 1342
413 688
363 635
73 1065
669 891
517 592
14 887
132 909
287 517
136 756
574 1057
1133 1365
545 763
912 1134
111 583
439 1209
706 1033
103 139
650 728
415 537
338 568
490 872
801 981
224 378
307 863
307 863
48 1415
164 960
218 766
89 997
874 1246
398 1040
866 1128
1231 1292
53 931
344 371
653 932
169 394
218 582
554 993
369 1108
362 374
117 226
772 902
465 554
187 1226
188 1363
462 1296
76 653
876 1014
1280 1362
745 1219
492 672
1230 1423
1046 1258
359 989
945 1009
128 458
210 303
787 974
868 1425
770 1237
164 1263
1011 1382
483 1071
445 810
570 1178
1037 1354
404 896
813 1142
764 1386
77 697
61 1348
650 757
1099 1133
436 1313
499 596
423 1402
1042 1288
112 1149
884 1365
651 1346
146 1113
162 243
999 1127
330 1341
43 642
63 794
214 1226
13 1001
618 1440
233 319
208 786
319 430
93 1169
625 1071
956 1172
45 87
219 1361
433 1022
485 932
609 782
286 756
242 489
316 1303
721 924
16 1227
285 457
86 411
206 399
68 931
500 1434
818 1018
1192 1284
472 496
1099 1123
710 1412
416 580
752 880
34 1019
348 489
43 944
187 591
1059 1261
458 815
183 747
1064 1210
663 1268
914 1317
151 919
303 1384
492 1067
158 1337
574 1056
58 1158
396 1201
119 407
1226 1425
443 1417
441 1324
78 133
88 1294
324 1243
403 540
253 668
64 1073
203 764
338 803
1061 1083
256 853
396 565
739 1107
53 94
15 1307
993 1266
81 1154
8 595
488 1405
932 1155
286 682
638 1327
431 895
423 1179
610 893
1312 1439
834 877
445 584
320 747
950 1067
849 1319
1239 1246
659 845
272 989
1144 1211
447 967
1302 1314
408 774
80 365
257 1080
202 1066
712 1427
654 1181
565 930
147 711
379 446
211 793
298 717
394 936
664 1245
521 869
486 814
695 1369
345 1049
615 1359
522 1144
1210 1415
88 365
1118 1176
973 1345
265 1201
709 1006
57 711
448 1208
566 855
220 1188
1321 1421
145 1049
890 1120
391 714
399 441
660 792
61 581
1014 1324
503 957
86 578
918 1245
1312 1397
456 1003
180 918
286 694
563 977
440 778
502 1301
653 1193
308 534
366 458
138 1244
311 913
440 1124
213 580
233 1262
181 644
742 1167
1214 1426
854 1324
99 152
59 433
109 758
361 726
25 701
17 65
913 1268
505 710
108 207
599 1199
593 652
658 689
559 1188
52 385
10 512
147 927
315 599
628 1084
134 508
686 1023
308 729
24 869
1184 1438
481 1116
238 598
62 517
391 1088
246 399
425 861
71 1251
681 734
1034 1339
240 686
341 1334
45 1186
552 632
922 1231
355 746
41 211
793 887
237 303
354 1379
307 329
135 506
431 664
767 1213
540 1164
1146 1163
170 977
377 917
240 1296
652 1341
1131 1410
186 1419
85 1158
443 1154
396 1083
508 842
871 984
688 861
388 476
474 502
538 1387
755 1111
118 369
58 1094
315 708
729 1147
425 719
138 915
354 1177
1076 1100
1272 1286
175 1203
81 424
171 1423
762 1366
622 959
7 368
294 515
433 755
519 698
149 1230
371 705
108 490
1318 1333
825 1054
728 1327
710 1225
810 874
321 1111
451 662
930 1200
278 1274
76 1336
895 1099
697 1111
59 1165
16 1098
504 762
831 964
660 918
752 1222
997 1132
169 388
85 592
248 283
521 1334
550 658
643 858
258 1091
160 757
64 1412
230 950
602 1027
175 681
374 512
88 1403
417 868
163 266
285 800
205 336
646 711
956 1409
185 1410
406 778
525 757
828 1138
4 1016
788 1018
307 1251
113 193
758 1291
163 941
1151 1242
797 1429
899 951
76 132
463 1313
244 526
951 1061
593 1119
123 247
136 725
249 1157
160 602
504 1169
568 1081
512 922
500 848
506 641
327 1272
440 1206
254 694
124 938
237 237
1037 1367
333 888
585 892
174 1251
68 959
530 1397
344 373
827 1370
548 1404
142 1424
1274 1386
243 840
1133 1189
5 733
592 1152
124 450
303 460
706 1180
327 654
192 1381
983 1040
88 274
386 954
837 986
1170 1417
251 1033
128 1326
150 946
471 571
304 580
751 994
910 1233
757 915
1298 1357
414 574
617 850
957 1309
17 279
293 816
362 1326
470 983
507 1398
89 1210
1317 1412
892 1042
459 851
791 1006
461 1087
300 1139
645 872
432 812
347 944
719 979
780 1235
467 1410
1292 1323
188 1435
832 849
588 1398
622 876
821 1246
418 1401
895 1404
154 1036
233 973
357 1111
396 806
827 1296
47 109
666 1048
649 836
308 591
646 1033
722 888
135 585
503 1276
36 719
258 398
196 1365
733 822
81 1176
610 804
105 1162
34 1232
726 845
104 354
60 1031
362 675
132 541
131 782
327 1395
287 400
1004 1061
656 1134
295 539
51 823
1369 1422
845 929
590 874
1107 1387
277 1028
930 1406
536 540
12 986
75 1269
587 1134
359 1118
128 1345
256 1335
72 846
994 1119
891 1361
235 701
8 1311
640 1385
242 388
60 315
172 1085
709 1390
1241 1344
96 1342
541 1052
247 1163
427 586
318 463
211 362
545 1018
495 1093
466 1342
26 627
786 1175
325 910
561 617
635 1342
97 1425
109 192
511 550
229 1153
1177 1431
156 1176
207 772
276 1114
343 1044
651 1064
253 646
1201 1349
1189 1211
481 774
222 612
290 620
137 924
697 1342
201 224
141 1147
190 221
731 940
254 779
553 702
272 1142
784 1218
283 1097
341 448
947 1432
686 917
162 928
617 973
112 678
362 1394
678 1000
755 774
969 1216
273 1202
772 971
649 796
273 286
731 1014
205 1429
67 579
60 806
775 1428
621 1197
264 836
81 1177
801 1320
627 775
1263 1413
849 880
110 1342
280 909
70 596
92 1161
995 1123
331 1021
105 289
447 717
257 1312
566 702
227 1369
1032 1384
204 1270
481 647
147 769
223 750
178 1326
7 492
159 1341
265 890
108 1121
1001 1304
472 1148
727 915
902 1268
110 568
533 1309
290 1337
851 1081
582 1370
317 422
46 958
436 1106
1203 1274
101 722
883 1210
1108 1138
35 624
670 1166
1153 1214
128 889
325 1191
1260 1379
918 1056
241 691
944 1395
1082 1336
646 1316
101 572
567 785
378 1409
1020 1229
1157 1346
89 1072
830 1219
404 1409
14 34
420 1268
205 274
495 525
157 335
750 767
1056 1142
539 1409
747 1133
323 1336
702 966
342 963
1048 1393
309 1171
255 1148
194 456
122 279
194 612
1101 1110
822 1135
137 294
550 635
1173 1351
986 1191
556 776
139 161
366 1186
925 979
515 649
1138 1245
83 277
197 1220
264 269
497 1139
409 943
363 384
524 1333
1320 1370
139 1125
682 1230
72 198
35 92
870 1131
650 1361
260 366
71 774
1007 1324
590 1301
283 466
260 698
392 1263
186 366
1006 1068
812 1221
380 706
988 1123
347 1168
200 334
956 1397
373 622
229 766
1215 1316
172 1392
1046 1117
1267 1289
818 979
728 1311
134 567
388 740
58 850
1067 1414
385 650
1030 1408
254 877
515 1431
454 1049
573 856
497 771
596 793
423 618
1033 1365
820 1125
500 1060
682 1196
416 993
575 1296
25 104
1043 1235
188 880
765 801
109 860
660 1345
92 1081
393 1169
817 1304
290 1012
373 641
992 1133
240 954
175 614
414 1360
354 1019
855 926
258 428
659 1357
706 884
503 948
664 705
227 624
647 1396
301 1056
771 802
642 771
774 1413
270 672
619 1234
134 678
449 587
536 1227
251 975
147 615
81 1111
1010 1157
579 948
48 673
399 1329
242 917
292 408
117 662
788 1009
709 861
321 1179
152 159
828 1333
263 728
514 1194
119 947
466 917
63 308
644 1186
81 1402
528 782
473 1384
787 1112
164 206
1329 1433
512 617
365 446
568 866
96 1007
1104 1338
474 1369
172 642
68 681
240 968
532 1195
447 480
1197 1248
318 330
477 1206
159 812
327 570
652 936
583 883
185 366
147 964
13 1085
609 1077
296 997
751 1249
166 1027
71 831
270 389
237 1360
475 1396
152 573
307 739
648 758
412 1360
974 1303
789 1206
96 1000
437 641
89 1168
183 1181
70 946
248 349
34 1269
527 752
79 1335
336 825
140 881
1048 1078
61 227
891 1187
1278 1288
817 1071
25 852
427 724
1015 1437
74 113
474 787
175 818
9 1111
321 780
423 563
315 448
923 991
639 841
328 1113
67 820
384 577
1286 1367
31 1044
780 829
158 397
520 1226
379 503
582 685
132 1254
1300 1400
129 1127
676 1038
827 1137
113 976
43 961
1135 1281
75 456
96 245
67 415
909 1162
941 1386
564 861
1223 1362
228 298
553 1251
109 1094
564 988
825 1122
324 895
135 757
856 1431
1060 1416
422 651
212 549
1183 1433
1017 1199
37 556
1026 1320
181 361
514 1258
309 636
304 1062
256 954
379 1003
96 146
646 1222
497 1173
240 363
133 1149
342 476
772 1135
274 1134
310 1117
274 497
102 649
43 153
607 845
767 1372
936 1066
287 289
33 229
886 1301
475 882
887 1142
343 363
56 1035
101 609
735 1230
814 1303
141 845
17 525
261 360
469 597
101 980
715 953
152 1097
933 1318
169 858
796 1304
98 276
743 974
1237 1375
284 453
200 443
69 123
163 887
107 693
228 386
336 723
682 712
188 877
934 1420
45 776
205 708
183 886
295 1431
283 913
824 1127
209 1117
509 581
489 1266
329 385
162 963
231 1190
289 1172
863 1073
832 1063
388 1088
235 760
525 1412
612 1211
440 1124
558 1345
576 594
245 349
363 701
159 539
2 379
38 1299
423 1193
272 481
221 297
354 1262
607 623
521 719
980 1212
215 541
457 655
824 989
100 1052
627 1054
463 1150
537 720
1353 1398
116 1193
259 594
563 1147
95 1433
168 1191
743 1194
604 1002
827 1385
548 1109
614 1271
358 1129
407 492
612 1287
617 1334
1017 1113
368 582
463 470
488 1049
579 723
635 853
547 646
847 1356
447 772
111 1232
78 1313
771 780
484 841
207 667
445 1165
684 799
252 862
326 556
609 1392
45 87
473 576
381 1184
769 1184
518 1230
149 470
159 888
701 1232
826 1335
278 1336
50 1060
104 1326
342 644
530 1090
150 1216
705 969
165 907
426 973
188 955
506 1254
269 390
657 880
362 702
175 942
96 598
38 363
522 1173
671 1227
139 804
609 684
39 890
207 1109
549 594
371 414
333 557
256 674
449 795
659 684
15 729
15 846
1391 1413
550 844
1001 1201
459 634
1319 1348
497 952
592 1382
744 1083
231 932
57 893
519 1257
186 223
676 1001
182 970
980 1232
887 955
417 1091
812 1352
599 1380
985 1011
92 1043
1020 1053
780 1345
1273 1296
394 960
168 857
829 1297
565 1152
271 571
498 1150
872 1260
1022 1104
136 645
760 974
389 431
89 1223
125 1129
72 982
249 728
802 851
53 1170
182 1068
414 564
312 1069
931 1030
574 1385
99 1288
461 1390
832 1370
87 330
281 1098
1027 1378
636 1156
208 1054
413 930
852 1093
1029 1050
481 1199
756 1143
173 420
693 876
43 1009
464 1099
856 982
457 849
674 1230
117 861
178 815
48 513
562 1380
683 1412
341 719
976 1213
361 1064
320 668
225 404
355 1214
711 779
790 910
781 1031
506 800
179 1139
894 974
310 427
4 828
342 1385
35 1298
977 1398
184 1054
675 1362
303 1119
520 1410
665 673
65 395
228 1437
763 1108
386 1280
95 354
932 1333
96 860
508 1062
559 612
39 872
876 887
92 1104
1232 1241
194 1200
579 1271
627 1247
357 1303
1082 1243
327 1299
534 559
698 716
884 1035
7 1221
258 745
133 368
636 1262
5 1076
127 1435
345 700
567 686
854 1053
137 288
1125 1159
435 691
139 418
331 624
44 161
110 1432
223 1403
419 1186
1106 1368
550 778
415 454
557 1136
673 1387
526 963
453 1292
936 1292
1082 1238
319 421
233 1084
365 1075
547 990
76 888
1200 1357
135 497
150 630
238 548
148 881
1077 1127
202 372
897 1413
529 1181
141 935
674 1032
1107 1420
699 956
248 1266
651 857
523 565
539 1200
402 1292
805 985
317 635
648 658
61 937
480 840
525 822
78 296
348 1072
88 192
5 722
464 996
552 1228
43 1097
206 1123
354 1071
76 305
555 813
64 1201
282 536
166 538
489 1272
1027 1029
54 317
178 1366
747 1211
960 1175
720 950
705 1188
56 1404
657 722
553 1216
355 848
674 711
321 1091
163 1236
67 415
545 1040
112 442
413 826
223 987
86 305
194 521
997 1419
11 1183
401 680
737 780
996 1173
186 859
241 1308
745 1071
929 1304
365 903
126 1203
1123 1369
603 839
1194 1384
66 391
488 991
554 1410
25 70
1311 1324
214 1164
368 607
1072 1368
688 874
653 963
724 1180
105 499
801 1166
243 844
222 463
141 226
457 1440
635 811
26 1090
510 616
235 841
642 971
20 937
927 1436
556 1416
8 939
1027 1205
281 314
678 1235
75 1262
209 968
603 647
697 1324
211 1289
276 1365
899 1354
180 1272
453 686
165 1093
230 718
10 869
750 1117
429 1217
1006 1081
59 877
212 1392
162 595
490 551
688 1213
224 555
705 1321
128 541
777 1376
315 1323
863 1284
332 1406
417 1008
565 1414
164 712
767 927
655 769
302 1388
87 501
612 844
126 1144
81 1431
716 1040
1083 1248
422 1026
325 648
869 1086
125 1272
932 1416
1191 1271
27 624
53 53
553 1134
884 1254
13 1230
23 151
495 1340
438 832
1241 1311
104 1015
954 1064
322 1047
967 1428
96 1359
916 1344
530 1402
604 1398
751 1438
988 1411
175 336
758 869
321 496
594 605
506 866
337 578
56 674
24 1136
69 522
194 1172
323 894
218 303
438 1126
146 882
344 403
361 633
279 889
625 735
317 910
875 1136
186 361
46 1266
5 1286
293 965
138 846
946 1399
75 993
202 1265
805 1088
753 915
303 1401
938 1365
900 1206
180 406
513 1401
148 412
530 1269
215 1226
1191 1359
284 1435
566 838
22 1093
727 1257
750 1140
450 461
531 684
774 1013
260 349
400 580
326 1340
237 1330
140 1376
156 537
528 652
67 1156
20 494
883 1032
87 1412
505 603
383 407
29 1186
159 540
339 949
221 368
273 1158
32 442
1306 1402
665 1024
482 816
105 719
125 635
991 1342
1024 1420
427 575
974 1162
647 1173
1126 1339
619 953
108 848
785 888
1040 1432
443 1301
169 664
957 1211
789 1399
743 1078
35 146
429 486
445 1120
263 563
832 1172
274 1405
230 606
816 967
380 422
24 1167
831 887
426 587
878 1061
1050 1305
684 899
219 1173
245 1146
454 1438
527 1349
416 544
968 1316
210 1258
328 942
731 1361
239 517
459 688
382 1217
1136 1438
40 334
35 699
268 1074
250 1424
590 832
848 997
568 945
271 965
434 651
1010 1199
366 882
212 1058
156 770
254 1164
309 772
756 848
486 666
835 1072
289 522
126 233
292 1254
56 696
1122 1295
602 1378
911 970
51 921
165 1004
197 662
1228 1341
87 1011
470 748
54 1275
142 1076
4 852
939 1185
257 456
622 818
75 1156
57 1093
41 112
164 698
581 712
652 1222
933 1306
302 816
62 104
20 300
419 1439
276 670
571 1289
118 463
422 1286
199 642
344 600
741 816
114 629
305 624
667 1190
901 1086
968 1403
494 1021
663 1217
122 341
306 1087
780 1299
283 336
1081 1233
497 1364
358 1128
3 1388
225 1302
547 610
154 510
272 483
224 1093
77 1266
555 1143
1084 1097
69 1375
112 374
180 1087
661 883
78 622
72 931
58 658
1258 1355
45 1401
225 1299
851 1018
499 1018
452 978
221 977
1129 1133
993 1023
254 768
567 613
732 1399
381 491
576 799
1039 1248
172 183
200 217
48 977
528 1251
10 1223
307 715
234 808
401 829
557 991
71 1005
484 986
1056 1204
521 750
315 441
366 694
258 1179
24 1412
105 220
617 651
917 1111
255 690
822 1262
554 663
232 1070
1174 1226
12 797
413 895
171 428
142 546
419 769
240 698
434 490
842 1415
164 935
1307 1328
187 806
331 435
620 938
592 783
377 1205
845 1024
149 859
82 1101
789 1379
616 921
146 1059
766 1225
141 1132
139 1170
827 1373
8 1212
376 1026
998 1125
515 1232
782 863
780 941
340 627
91 499
79 1023
418 522
214 1040
1068 1293
378 576
1082 1161
603 806
347 846
373 1035
31 834
854 972
367 1404
588 1098
485 827
890 1198
40 119
339 1360
626 1366
34 952
789 969
2 415
531 661
11 272
1005 1042
503 910
310 432
1061 1062
1128 1128
1210 1230
513 958
485 1017
657 889
417 903
604 1258
881 1258
190 730
928 955
699 1220
124 327
234 1295
248 363
496 1178
388 626
248 377
565 1305
1035 1130
111 862
873 1010
104 650
8 1430
7 414
156 340
373 521
1077 1262
855 1313
191 638
176 575
272 809
455 623
333 765
1287 1361
121 840
582 1237
371 437
74 139
122 326
339 965
514 632
133 406
511 1409
341 848
249 1145
682 1323
360 503
28 905
477 1067
136 695
231 246
763 831
984 1056
130 1413
561 757
772 1363
117 352
14 1345
649 915
445 929
946 1250
2 102
994 1366
637 1058
394 499
824 1037
434 772
27 571
827 829
1228 1277
15 1160
890 1036
487 1440
178 946
506 1065
392 1068
371 534
1038 1375
230 1388
342 694
381 942
827 854
1070 1289
910 1196
883 1317
659 752
463 695
260 620
700 1234
208 730
1413 1425
37 1118
1203 1218
669 963
381 521
61 1268
622 916
511 1003
434 1353
413 975
472 1262
927 1063
789 1001
148 903
975 1267
1186 1197
265 1100
907 1140
695 1307
615 1374
83 883
537 1010
1113 1188
1054 1211
361 1096
411 598
1223 1315
959 1203
889 1014
263 1090
693 1290
576 644
1068 1431
355 1031
580 738
524 575
881 1370
601 1304
262 569
347 928
268 538
37 96
619 1068
746 1229
1060 1300
196 490
237 1320
238 768
298 431
361 1343
640 805
1041 1277
285 971
336 1199
249 1350
329 660
396 1144
871 1420
157 206
623 1440
1005 1273
710 907
997 1312
285 599
41 1433
646 832
263 1392
40 280
460 1197
1039 1123
566 1424
179 599
94 876
263 985
928 1096
1185 1394
23 356
1083 1385
1079 1289
302 1023
343 355
1123 1123
1261 1380
484 681
364 1159
963 1163
6 582
440 1161
713 1035
139 1144
67 942
944 1340
1249 1260
244 561
238 1371
230 477
1021 1100
1219 1284
132 737
1135 1304
573 1314
80 1109
92 108
566 766
19 32
418 535
216 952
1120 1229
552 618
152 216
1377 1439
1150 1354
704 773
1074 1148
1109 1112
205 1327
109 460
1170 1238
409 1090
984 1089
612 1215
1108 1177
1046 1288
13 1303
251 894
1033 1265
491 889
693 1424
76 906
824 915
164 1101
966 1290
106 323
590 1251
933 1022
740 877
65 909
542 1380
82 752
135 1163
364 996
375 1254
1107 1358
179 713
489 1382
115 179
582 1328
294 592
5 68
248 652
331 1141
181 1291
366 983
261 739
529 816
5 902
10 818
789 920
844 848
800 932
428 892
295 1339
701 911
195 448
53 1210
1111 1128
69 329
1030 1130
155 773
200 739
134 1056
341 713
1391 1413
114 301
170 895
1191 1326
859 865
997 1340
1404 1440
338 1157
718 825
857 1295
591 860
844 1160
336 1342
716 890
4 1177
258 1216
630 1123
521 1392
294 592
50 802
499 1439
537 930
236 420
163 981
439 629
121 1256
630 885
239 1277
327 1170
846 1169
507 1287
233 1162
13 324
982 1357
60 454
223 1282
347 362
1032 1231
528 555
332 377
13 749
222 629
3 247
278 513
541 1270
431 904
619 953
947 1054
432 728
301 847
43 730
639 1158
1073 1349
95 446
552 1113
624 1101
508 588
856 1275
144 1326
194 886
161 435
523 621
23 43
230 1350
378 676
342 829
563 885
885 1370
252 759
3 306
274 908
746 1264
942 1042
613 1253
641 1439
510 716
232 1243
234 1312
899 1272
408 520
1130 1179
41 1092
700 1267
452 1362
118 912
410 1308
1040 1236
174 1182
126 995
325 373
104 1068
325 459
1029 1410
14 1262
206 764
355 1338
380 1209
85 691
198 1398
649 895
544 1032
131 1312
770 1350
103 337
227 1294
26 1310
152 170
293 538
30 932
687 829
215 440
708 816
594 1386
774 1072
32 89
977 1165
776 1278
667 1345
113 1400
285 529
712 966
592 1371
553 1109
963 1331
1163 1274
555 1222
291 476
585 751
434 527
192 764
52 1155
194 592
618 930
161 1277
407 620
936 1016
471 977
13 703
432 1277
137 700
835 1218
78 1158
14 795
906 1015
482 1146
701 1231
514 1037
704 1033
131 1186
222 1168
11 647
270 1222
189 334
1166 1281
623 1396
517 1398
1054 1155
685 1221
1284 1423
319 1163
1032 1119
635 1181
1044 1360
946 1125
30 418
930 1276
1060 1098
58 414
464 1237
425 1136
454 473
429 1312
393 1373
225 889
345 1035
50 1050
105 129
632 747
1251 1322
182 634
83 1019
46 584
13 593
552 836
105 1033
472 938
581 1049
157 400
162 167
228 678
486 1292
680 1060
21 174
192 580
360 858
303 1028
300 996
354 745
296 539
484 1156
530 723
322 638
701 1278
974 1207
1264 1436
112 887
388 571
608 1172
195 1374
173 644
432 912
1063 1282
307 1222
199 1128
146 349
761 970
477 1022
1313 1355
200 1247
497 732
125 1026
22 370
39 892
597 624
688 1078
25 911
146 1297
375 890
250 705
367 736
55 1258
1272 1366
155 983
14 1104
70 538
827 872
720 937
528 840
84 137
695 1121
200 212
992 1190
570 932
245 580
501 733
208 1249
668 1056
64 798
414 851
519 1113
1 629
170 908
654 1144
222 270
947 1209
33 1003
574 978
580 1265
549 1007
408 1310
824 1066
577 689
993 1042
954 1319
522 1059
88 1357
9 1388
434 1254
795 1133
235 610
904 961
23 1056
355 914
808 1208
322 1288
436 566
1079 1214
560 913
1026 1256
181 862
667 763
1184 1203
999 1246
689 916
512 1337
939 1200
387 526
676 1112
789 863
1137 1137
188 1258
417 659
643 1095
424 982
63 671
795 1119
800 878
40 1373
271 450
136 788
685 786
668 1128
191 540
611 1066
677 764
506 863
240 1103
446 501
797 1387
684 1285
419 717
94 1024
1028 1198
78 613
699 858
1003 1410
1095 1158
597 1151
416 571
1212 1416
460 635
514 1154
356 796
508 1419
715 1326
491 800
75 1423
448 1413
543 1372
1098 1211
333 1209
1209 1345
139 1382
94 551
1131 1212
4 497
1069 1381
972 1399
158 289
329 1303
96 1101
319 1245
105 1055
681 1160
562 869
663 1375
553 1070
19 917
827 1415
391 1122
688 811
25 182
864 1268
1265 1418
441 1410
985 1133
319 1108
135 154
397 1051
23 498
977 1184
74 563
298 1400
45 490
438 1323
805 893
818 1409
502 1326
639 1178
1411 1418
80 699
461 704
327 592
685 1006
155 172
600 1323
637 807
1028 1434
22 709
512 912
903 1067
45 989
478 632
312 846
337 1273
1253 1414
114 841
414 539
1175 1418
647 1184
178 235
235 435
168 906
248 867
347 1437
759 773
76 662
451 1255
1006 1325
67 591
631 1170
35 432
456 755
117 515
326 641
770 818
473 612
512 1114
1092 1128
107 1220
806 1076
497 977
148 339
355 1151
463 949
747 1011
1077 1263
324 1171
9 375
37 358
1031 1334
34 201
444 909
68 350
441 822
679 715
177 462
721 996
665 808
527 573
653 896
501 982
100 1183
413 995
98 773
24 457
137 980
193 281
613 968
224 634
982 1309
139 419
315 1261
873 1160
34 735
1140 1241
235 373
116 924
31 193
58 1129
250 946
523 672
662 1079
266 373
286 755
165 449
19 709
489 505
929 1285
1380 1425
569 1348
823 1437
1328 1402
392 1270
33 315
323 662
957 999
409 1176
483 526
305 1369
146 609
289 377
1088 1238
291 1324
929 964
332 1088
550 908
455 1088
721 793
1194 1367
303 1334
569 1158
463 552
53 681
372 1063
811 974
358 755
1085 1202
493 991
119 1306
63 322
110 413
48 1341
390 482
558 767
1141 1368
145 1276
675 1372
541 1136
810 1259
474 1296
148 1247
623 1074
442 991
285 1303
187 1249
281 587
260 677
678 1095
374 493
1027 1204
440 662
755 1173
1027 1298
883 1279
642 889
466 1023
59 270
920 972
527 1060
719 1071
435 1166
938 1109
343 619
44 112
361 621
446 1203
206 759
613 1319
370 808
1025 1044
492 680
374 1332
35 680
1073 1129
654 1165
848 1043
254 670
577 1395
182 1422
655 733
288 1112
11 694
243 470
230 539
733 1159
249 1430
597 1290
323 1125
10 1148
856 911
289 821
1156 1282
790 829
790 943
85 783
831 1258
285 1298
1246 1352
468 952
323 810
715 1123
420 444
137 273
839 1103
291 892
14 662
163 337
515 650
98 296
71 217
578 953
960 1091
94 200
296 1319
9 1046
254 1376
173 389
130 593
1063 1367
44 867
41 203
232 876
418 1381
348 378
1246 1289
386 840
291 565
936 978
742 778
230 1189
239 1268
363 815
952 1149
12 1364
284 1276
74 102
583 1335
711 928
688 954
472 699
1314 1405
72 774
491 996
851 968
248 1067
43 426
1002 1326
453 1306
305 764
79 1195
175 1193
59 111
304 947
286 1021
157 336
575 1184
473 1185
429 1406
1031 1095
527 996
495 1402
110 975
1201 1330
556 1287
884 964
94 1358
347 416
578 957
131 1400
172 376
187 1118
1230 1375
661 1321
358 700
443 1133
328 936
609 785
1104 1285
273 845
405 479
256 970
772 1151
204 699
4 1366
89 451
40 1381
56 315
182 386
195 893
716 787
1299 1406
819 1235
1271 1411
83 694
536 756
825 1401
80 806
1197 1288
1088 1335
454 859
348 1439
202 815
35 1345
231 262
810 847
89 916
493 1239
1218 1386
819 1010
242 1326
569 868
746 913
275 1429
127 609
68 680
986 1364
591 728
1106 1242
116 1359
833 1133
1050 1160
216 976
196 1289
178 1207
1001 1073
1000 1257
512 1288
435 454
378 1360
809 1201
13 287
49 1224
608 913
47 460
1071 1370
394 1337
527 929
83 1429
239 857
174 1066
841 1375
231 1321
509 951
23 1327
461 970
761 951
62 563
622 1387
419 495
515 1053
207 324
917 990
944 1357
800 1020
5 332
519 1213
938 1154
479 714
369 956
356 1037
854 1285
153 1097
55 821
142 1028
859 935
1015 1248
603 823
51 1262
102 788
93 499
361 470
880 1326
558 636
386 1350
912 1152
801 1111
133 580
1266 1414
653 921
406 1342
8 792
581 1008
258 1252
1168 1365
167 644
408 1172
544 929
382 961
352 635
260 915
343 866
48 730
500 783
159 839
104 1084
682 1262
1212 1342
154 892
762 1239
415 1424
178 767
1378 1389
267 272
284 926
18 912
153 183
339 531
971 1142
1052 1205
773 1315
656 1410
301 1252
1370 1372
650 897
182 558
198 664
245 872
839 1224
617 689
11 686
11 916
32 398
303 1307
271 778
409 926
49 292
849 961
876 1016
637 1002
88 1434
518 1173
976 1140
451 1196
128 1039
581 1080
491 1014
165 291
402 1007
704 786
928 1414
806 1098
440 1251
42 846
214 295
4 1171
285 1080
297 874
240 587
146 503
997 1020
655 1061
134 960
752 821
284 684
1209 1412
510 923
436 441
293 843
66 1413
244 1372
229 933
1 239
276 1014
489 1383
567 1000
591 772
919 1193
941 1440
545 1300
1080 1315
286 1180
281 571
469 935
125 1148
61 977
875 993
452 1088
750 1304
778 1296
353 807
420 963
239 463
320 624
324 892
503 1101
194 1291
11 382
1350 1406
746 1340
451 637
610 1388
931 1032
981 1377
84 213
227 1216
279 1219
1287 1301
242 1175
784 1239
316 970
294 1175
140 395
1121 1398
628 1047
576 1308
134 733
500 946
137 344
641 851
456 746
417 497
97 972
165 805
471 888
171 1185
257 351
384 801
17 74
442 562
320 578
790 839
605 946
1065 1242
349 915
376 589
250 931
245 669
213 805
598 691
841 872
491 987
993 1372
1031 1115
543 1287
46 520
783 1033
817 970
57 889
480 1410
839 1142
1128 1189
471 897
71 1011
363 1194
92 1388
450 1292
470 836
54 1266
19 1303
426 823
119 902
488 1072
180 754
70 258
527 871
1082 1197
247 1410
664 1390
239 799
398 1174
739 1044
980 999
880 1222
631 1153
180 871
1082 1420
782 985
301 438
849 1303
186 684
531 1180
108 407
59 293
748 922
572 713
49 951
924 1065
37 1320
265 964
67 1439
315 963
471 585
531 947
928 980
517 1024
176 1351
228 1430
187 562
704 1086
51 1184
848 1144
813 1317
256 561
408 1251
133 1064
989 1382
389 490
800 1196
878 1333
121 1138
755 916
53 375
767 1138
991 1129
1142 1255
996 1275
636 886
21 144
182 632
472 968
544 629
774 1402
729 1179
277 1086
237 803
58 655
786 904
721 802
248 1257
90 541
40 672
21 230
302 1002
71 1024
533 1174
604 930
812 857
552 1062
624 658
201 640
961 1150
72 136
919 1325
333 1358
260 848
54 69
242 342
640 1076
300 931
302 1277
289 454
563 936
1083 1234
627 1188
375 509
1070 1431
129 473
350 1412
430 908
514 1010
396 1379
1030 1222
244 911
274 1258
34 173
72 1115
289 1214
552 1435
149 1351
790 1290
1 879
591 1320
83 961
665 806
844 1393
97 1310
674 710
377 1275
168 1357
1279 1301
526 1369
516 787
1289 1391
742 1194
429 1115
117 938
125 1014
143 666
368 806
54 669
1015 1035
273 1130
1133 1190
251 883
1107 1211
603 653
673 1368
1135 1192
974 1037
262 681
30 119
9 1265
148 1036
182 807
975 1346
484 632
583 1400
424 1322
28 387
250 771
417 1351
44 1372
146 628
1001 1008
670 1099
4 159
663 1160
474 1419
83 807
178 1276
706 1245
69 1005
625 1435
1120 1166
150 986
760 1187
687 960
139 1288
1065 1307
300 652
530 576
772 1304
927 1231
1022 1383
657 871
691 1250
1289 1312
946 1296
373 1188
35 400
84 95
825 934
133 154
135 883
97 338
467 1358
150 351
1268 1408
1100 1205
705 966
54 989
332 567
251 620
593 847
808 1425
765 1072
658 1140
889 1429
826 1184
204 1226
193 201
393 779
2 317
472 1206
1244 1416
268 1329
729 1208
104 650
1302 1319
1089 1120
849 953
79 1231
717 1167
143 248
540 835
155 565
331 709
722 1053
465 862
952 1034
481 683
861 1129
800 943
34 878
117 796
167 629
477 1418
588 1113
973 1366
586 1387
339 850
660 1035
166 794
1164 1293
561 1005
373 671
337 957
300 997
165 626
403 689
1168 1436
164 664
1267 1329
332 927
376 659
310 778
858 1182
295 646
974 1424
338 779
216 258
65 1131
546 1397
1189 1292
282 1118
353 1117
326 517
344 1284
266 487
989 1185
40 1392
312 1073
644 822
2 131
162 687
630 956
398 712
458 817
801 1198
718 934
227 1373
569 1238
22 237
297 689
336 503
216 1439
1080 1427
841 1440
277 902
301 581
40 499
341 958
1263 1296
252 777
497 1158
217 856
192 586
382 859
100 673
122 808
277 371
169 874
40 942
190 1305
85 1039
611 1161
567 709
9 1242
228 982
743 1376
140 1021
473 789
667 720
99 1312
192 902
366 653
826 1280
524 1025
441 915
25 956
14 712
503 1134
582 1145
618 963
806 1217
367 904
25 1415
765 1281
1111 1324
180 1268
657 1065
494 629
812 999
119 149
314 430
24 844
409 937
901 997
844 944
1132 1379
477 1176
683 1210
435 860
351 839
607 805
5 398
381 955
362 1085
658 1139
426 692
178 1075
189 1235
937 1136
96 172
110 519
300 1298
1097 1151
225 1277
115 406
126 738
284 1115
27 1111
1021 1252
590 667
137 715
348 479
415 1123
1376 1423
291 1079
56 991
1147 1300
34 391
597 1061
1051 1236
14 804
203 1032
486 654
579 1387
680 822
319 654
908 937
89 780
1412 1439
392 906
1079 1312
848 1282
647 1306
203 949
496 773
313 623
764 1146
820 1046
330 348
256 373
6 1055
117 1126
497 1148
547 917
209 382
382 476
830 1355
199 954
489 697
9 832
622 963
701 1191
865 929
592 1390
182 421
59 994
415 808
905 1421
1118 1208
84 646
580 584
25 349
6 570
896 1419
55 128
23 519
336 821
15 91
437 717
363 1318
74 280
250 919
863 1404
1054 1289
27 1313
491 1219
70 1156
15 1083
160 1244
130 1290
1000 1371
23 1318
416 517
802 1359
508 823
387 712
441 1208
117 1000
550 886
1156 1185
77 376
213 1213
71 417
651 677
357 898
514 1017
291 1001
532 1397
1297 1333
385 1010
567 821
397 827
154 1189
563 1420
577 1404
485 1146
371 981
121 1012
464 848
657 812
601 724
501 1169
816 1113
91 1268
306 972
217 297
27 502
137 1419
327 713
393 500
79 999
718 1331
152 549
153 739
661 1381
143 762
904 1173
565 1107
234 1068
354 954
1256 1365
661 991
156 235
1141 1190
30 1432
43 1255
828 1111
9 1264
549 805
816 1221
159 1422
123 1177
220 494
530 675
1171 1399
48 73
392 1238
684 1026
313 678
257 986
73 984
827 1299
606 726
152 558
227 848
334 1116
47 1100
59 869
585 1130
58 177
611 863
158 309
689 1200
236 241
233 465
503 777
99 169
513 1316
1320 1387
70 1267
292 684
660 799
577 1244
730 1393
1076 1370
329 1356
24 660
312 982
191 234
176 249
324 558
535 1106
181 737
854 1138
833 1066
793 1100
534 708
587 1122
225 519
313 1133
884 1131
900 1388
682 821
672 739
292 455
532 1312
251 639
242 1396
244 1007
346 1044
743 1316
120 970
409 657
62 810
272 1011
566 1339
876 1125
1199 1437
1139 1388
343 1369
837 1266
201 828
366 638
208 480
1088 1125
839 969
88 851
880 1105
448 829
319 1210
417 1321
690 1276
233 1369
371 755
1221 1347
394 665
99 733
65 245
742 1095
852 1194
972 1390
828 1179
562 1109
151 232
461 502
230 699
1059 1113
38 92
125 362
207 1146
786 1298
4 8
58 631
746 969
343 685
27 345
661 1078
356 1029
407 925
606 867
339 762
1008 1204
363 574
215 907
211 323
999 1308
660 676
904 1008
1026 1231
832 1126
790 879
454 1178
230 964
1044 1082
14 227
113 767
851 1299
109 709
182 894
508 1088
391 473
178 400
587 1303
322 1297
940 1035
794 1294
236 901
79 711
49 385
308 1403
413 722
1000 1214
238 670
1028 1323
653 1434
394 1200
45 1310
482 687
399 689
656 938
308 856
614 1035
1031 1156
440 1130
483 1139
115 1269
110 1143
39 324
844 1186
434 653
412 1235
1 739
197 841
1074 1331
638 1026
918 1107
1118 1377
250 1116
370 906
994 1355
156 821
495 955
184 1011
172 1403
17 396
759 1438
269 1417
61 1269
762 1155
799 1417
88 596
488 1326
1343 1404
606 1221
739 1297
59 714
691 1134
732 1072
603 874
705 861
1081 1176
602 1155
363 530
725 1417
125 482
47 1074
156 1303
196 1120
132 1219
82 226
106 757
274 1427
375 811
739 1168
182 1277
1032 1305
787 923
133 1088
808 1008
366 787
383 1327
395 1420
27 1168
790 1003
661 1391
606 1242
695 782
768 1259
26 232
944 1362
569 1436
1288 1300
115 810
299 1009
301 1208
382 869
43 945
501 1254
99 514
532 1311
463 1394
354 1032
965 1072
575 1274
448 1352
257 487
687 1191
501 603
991 1013
667 980
247 627
1218 1429
524 1405
277 352
625 1243
713 1190
156 1407
107 137
827 1135
277 1092
813 1015
763 1356
80 1175
1127 1297
1053 1290
502 1129
94 794
833 1168
866 1423
991 1257
129 612
105 537
127 821
973 1227
822 1054
956 1038
40 140
8 698
813 861
833 950
259 1278
73 901
47 961
455 1312
232 1388
127 741
1216 1287
159 1344
23 543
248 1174
798 1000
772 871
891 1057
1106 1396
491 1211
324 833
47 96
232 1316
1160 1208
327 440
247 930
876 1330
1214 1354
814 1385
367 1181
95 378
23 480
71 136
564 1144
911 1217
1077 1176
330 919
335 1306
413 1194
261 1188
40 840
616 1338
98 249
67 643
5 648
110 450
1 1155
144 1195
549 1264
43 1027
88 762
820 1357
430 1074
135 667
853 1228
643 828
515 938
742 884
91 906
358 1377
185 630
500 1361
1193 1278
355 533
275 1371
43 89
33 410
147 1005
277 487
354 926
5 1437
36 894
840 861
277 1404
229 842
974 1031
345 1169
294 814
787 971
280 444
99 232
408 805
593 736
188 1182
733 774
1004 1246
281 1267
1007 1279
724 822
1028 1312
432 1275
104 1367
51 1120
51 1210
898 1057
1033 1422
604 999
46 1132
512 1201
134 670
688 1016
1116 1119
728 1201
292 1205
411 945
837 882
952 1371
157 1385
715 1020
374 828
217 939
431 1231
833 1435
456 613
206 982
177 509
507 957
732 918
166 541
493 538
64 413
597 1308
751 771
55 1258
77 1108
1029 1222
984 1166
999 1029
100 826
251 1207
489 1118
611 1230
351 438
816 841
1160 1284
41 350
372 1070
127 834
1134 1285
178 930
495 688
1094 1111
343 1296
571 1241
718 828
146 452
117 917
1116 1131
464 1137
247 784
528 737
62 1043
197 308
645 1232
238 1244
496 500
546 923
963 1320
499 1169
420 1150
864 1046
710 782
206 386
1035 1184
306 322
8 682
2 35
612 901
371 569
489 745
44 375
306 784
50 796
540 901
224 323
223 913
1070 1292
968 1128
73 796
639 1307
1110 1320
45 1006
1094 1275
33 130
714 1166
22 187
760 1213
681 808
61 536
380 499
227 776
767 1415
738 1430
1176 1325
1214 1376
1199 1233
197 1231
346 778
184 877
60 802
415 1097
24 1360
586 845
370 853
258 886
231 337
369 1120
723 793
629 648
255 751
2 327
968 1368
386 1429
250 1303
387 718
130 550
481 609
185 1050
809 862
29 1077
137 168
1373 1437
619 712
401 581
283 1056
163 623
984 1349
184 1328
420 1239
640 968
268 1266
436 914
1369 1415
210 531
315 931
470 1237
801 1341
6 83
349 1408
793 1352
648 854
382 894
457 545
850 1046
1204 1277
561 1264
1005 1041
215 1434
139 937
849 874
1242 1302
100 250
199 1243
784 1344
153 600
248 1137
679 899
1021 1241
875 1251
720 932
317 815
283 863
395 523
920 1163
263 1338
1071 1202
506 822
418 906
871 1069
909 940
906 916
670 1049
221 368
942 1093
618 1181
1147 1192
313 1183
449 888
563 729
421 755
134 529
668 1130
708 1371
331 1358
35 136
84 1435
832 996
67 1261
568 745
846 1080
307 823
1245 1275
140 919
343 1020
173 650
1194 1322
882 1145
479 919
89 728
787 1299
7 899
478 1090
24 554
147 1067
740 1233
459 1080
978 1256
632 744
825 831
184 472
688 797
521 627
394 834
23 756
59 813
497 554
151 967
469 1363
547 677
551 1309
1080 1348
55 225
377 1131
4 776
377 556
669 951
638 1205
155 1087
253 843
333 1281
176 1261
424 1001
790 1020
156 653
89 644
985 1115
245 726
337 412
748 851
1074 1088
36 1046
490 1153
419 1258
810 1158
554 1282
1028 1075
561 871
448 1325
637 1172
43 936
451 519
1041 1252
1234 1273
173 278
226 1219
476 949
169 398
554 1127
982 1087
556 1218
125 252
250 1343
420 886
585 654
342 554
982 1392
1022 1384
326 333
181 1390
58 369
278 1077
70 628
331 699
1043 1419
138 865
247 1038
400 419
351 1388
72 966
437 694
181 776
530 1360
831 1295
1270 1382
304 757
570 1420
76 327
616 897
101 627
195 685
109 941
1168 1367
1031 1082
229 789
502 947
1200 1380
557 1434
143 475
722 777
247 943
275 1145
813 1176
175 336
479 1433
127 1427
812 820
852 1201
602 1180
622 695
244 520
157 1202
1120 1238
1196 1321
413 649
851 910
714 790
502 1354
1000 1049
40 983
320 768
4 31
748 975
397 1343
647 1314
377 1438
313 893
211 455
10 1092
1033 1171
441 497
431 1316
16 96
247 278
1161 1356
1138 1401
71 862
217 1002
777 1065
1059 1297
271 959
670 1378
56 822
57 1133
622 813
136 1365
274 898
755 913
195 985
230 404
21 900
1199 1360
959 1199
309 315
195 370
697 731
1353 1376
504 1309
650 839
927 1345
1018 1198
500 1340
759 774
592 655
355 629
491 879
534 1150
197 208
654 724
462 549
243 1298
573 841
581 1120
224 1248
445 662
18 429
728 1214
1083 1417
1115 1353
223 478
398 631
783 1065
129 445
283 643
1176 1431
14 284
902 1403
598 858
211 816
857 986
620 901
600 1403
691 1075
121 1163
226 810
693 1322
636 1298
445 843
27 828
253 853
754 804
423 1267
39 873
1055 1143
668 754
265 1157
264 776
76 678
1351 1406
651 889
693 1191
371 774
648 846
629 719
169 1307
896 1161
762 1068
414 1436
696 805
274 849
135 735
126 136
622 943
296 815
1253 1400
422 1063
999 1059
281 443
43 1031
1153 1342
324 940
1199 1333
312 872
776 1364
1001 1085
225 1278
920 1433
93 410
1077 1370
565 1215
594 1281
242 348
859 1435
327 483
489 1249
76 842
132 258
699 942
213 920
369 979
612 1228
1191 1347
566 1163
728 991
596 617
647 649
923 1271
96 704
164 1322
1184 1369
283 824
1319 1396
399 790
579 709
50 829
436 493
141 964
230 1177
454 1263
339 1218
921 1392
196 1151
925 1000
196 796
891 1401
707 745
1290 1396
761 1416
170 507
52 652
18 154
654 975
569 999
382 837
358 1206
656 1308
471 548
345 1088
458 1426
118 669
374 1104
872 913
770 1095
118 700
320 1405
672 1427
64 942
72 1232
187 608
228 1304
261 880
1083 1152
494 1251
1282 1394
202 1273
106 832
348 1316
196 867
743 1313
142 255
774 1080
753 1394
209 229
114 827
97 209
641 725
525 921
170 1145
188 1378
78 813
768 917
17 352
407 1026
878 991
265 922
1239 1267
256 544
624 1062
1279 1286
128 616
76 418
899 1004
480 644
340 1178
604 1183
167 1423
114 459
155 296
1208 1392
355 1148
983 1060
628 1012
621 773
88 1150
546 1256
11 181
980 1122
167 836
519 626
773 1085
633 755
422 1013
534 658
358 1326
723 879
962 1191
107 1104
444 643
332 1203
567 668
579 912
733 880
679 1373
891 1029
64 282
1021 1042
856 1083
112 448
37 704
40 348
66 1047
346 1069
116 750
130 1187
882 1065
786 946
92 1123
808 1379
498 1002
117 927
374 734
491 1361
54 161
608 770
239 326
998 1367
782 892
32 818
1253 1284
704 1390
1237 1263
282 292
658 860
7 988
591 1382
1232 1417
389 490
289 1319
779 1104
490 687
54 419
328 590
681 868
383 536
36 568
351 928
1012 1290
141 405
193 1163
561 1185
371 541
374 1291
446 1169
916 1353
274 476
519 1304
500 630
195 244
766 1331
404 1384
312 1172
447 1249
362 481
280 461
341 676
126 1307
391 1258
734 1262
100 397
601 935
207 548
1072 1359
667 1312
167 978
159 175
735 1398
857 1169
441 1427
572 1163
120 715
91 461
1064 1160
51 934
575 1049
1237 1355
147 215
563 1298
389 1289
537 703
859 1059
822 1052
387 589
381 1149
542 1095
623 664
370 862
442 1334
181 753
1087 1212
119 694
1287 1412
618 1258
432 732
671 1073
445 815
505 705
1391 1418
321 1340
107 272
433 684
194 845
720 1378
737 1221
437 1156
162 509
573 1417
172 827
244 564
472 799
188 451
430 498
298 521
236 528
45 358
12 1259
32 762
448 1369
152 1062
837 1021
329 1151
260 1225
525 627
165 301
807 1253
403 740
552 1406
122 983
277 1129
915 1146
190 986
277 760
644 1117
456 1088
595 1154
6 680
328 1287
132 887
882 1236
375 794
440 1152
344 1438
607 967
352 941
717 751
54 209
763 1163
581 1105
429 990
224 1251
368 486
670 674
1089 1112
72 405
1074 1163
385 1246
869 1248
368 689
442 864
374 562
117 520
1 680
899 1104
112 608
960 1100
247 288
962 1428
273 613
275 814
1246 1376
81 717
496 1134
402 503
714 1085
551 1198
897 1376
544 1075
1223 1285
154 1158
21 535
162 346
864 939
1186 1422
1002 1097
445 854
16 990
946 1124
300 1270
258 538
542 694
1299 1328
289 448
973 1332
313 557
344 543
792 1315
271 823
113 1366
454 991
256 1365
1125 1340
599 772
212 691
387 1439
833 1403
196 920
1323 1345
99 790
601 609
902 1139
430 660
158 386
190 885
417 951
893 1179
126 357
216 1434
431 1020
886 1043
207 800
397 447
312 767
22 1432
437 971
297 1128
401 468
568 772
345 879
172 886
688 811
616 1223
27 951
60 771
365 993
1248 1297
393 1404
574 1079
541 1348
1229 1414
272 1351
231 974
370 976
247 664
172 249
1035 1184
3 707
933 1328
531 660
447 765
1222 1314
274 1148
625 681
339 581
805 965
353 835
406 925
417 650
1177 1349
160 162
388 912
128 1420
3 88
333 366
797 1391
482 958
141 226
401 897
821 1311
275 753
884 1185
657 1361
38 44
386 1290
994 1369
89 445
298 975
568 767
129 208
569 708
279 1265
264 320
755 1164
254 1358
172 275
651 1359
987 1237
1106 1197
79 366
429 1149
254 1394
742 742
40 1058
305 321
587 1105
457 628
698 735
164 1144
1162 1370
712 879
736 1033
119 249
932 946
260 1358
503 796
326 955
521 1135
410 583
470 1041
823 1053
25 1319
209 910
827 1314
466 1156
225 1145
371 1201
405 964
249 1144
1087 1218
166 1031
374 790
107 132
136 771
181 1116
525 634
357 574
175 596
410 1177
471 552
384 1380
493 499
489 649
1138 1319
910 1010
64 1275
773 1398
34 1331
22 121
272 1363
171 284
339 864
19 901
761 1352
545 779
1092 1266
474 1328
990 1396
214 951
228 305
27 1342
602 1425
261 1055
1131 1313
699 1319
321 332
472 555
197 553
255 702
582 1290
948 1387
709 905
515 1208
378 871
1220 1334
500 1244
202 601
693 798
146 204
82 745
441 1072
355 1052
1250 1362
682 836
341 1064
708 1218
921 1269
1097 1356
310 660
193 472
1013 1364
96 1255
40 766
299 1405
521 1098
854 906
1124 1198
206 1325
178 1194
80 910
244 1110
184 1136
278 1110
426 1274
880 1195
273 323
1048 1251
274 508
352 1397
218 1421
564 1116
587 1166
389 581
275 591
155 274
813 1283
116 1411
252 732
741 934
187 240
955 1236
61 813
522 911
1051 1351
1010 1031
1197 1321
670 1087
210 944
741 1351
211 821
984 1439
533 1359
475 787
75 275
395 1319
1000 1350
849 1349
739 817
306 391
50 1374
637 1355
643 652
403 1021
438 535
367 843
745 1423
185 1143
160 1197
191 1352
130 946
400 469
340 345
360 664
451 491
241 1335
471 1306
101 816
596 786
1178 1280
502 718
49 250
226 414
1004 1305
1013 1031
208 264
276 1305
140 413
398 639
208 232
1326 1434
294 803
1020 1230
319 1353
411 745
37 189
129 625
493 1270
1358 1401
1021 1421
112 727
1081 1210
376 1106
127 264
612 859
170 898
103 1326
415 1247
1045 1342
56 399
280 1362
445 762
84 1065
335 541
426 1241
163 584
851 1344
42 126
79 317
510 1356
1154 1248
780 1388
1111 1365
57 1254
712 833
219 500
514 516
88 1147
877 1240
199 1252
385 590
366 640
579 1408
7 362
398 765
457 807
556 1126
330 783
712 1388
829 944
234 905
439 669
16 1189
562 1050
1052 1337
914 949
1049 1100
22 1413
1257 1363
560 652
375 613
1018 1242
187 1046
493 802
809 871
309 1005
344 419
804 1118
481 688
93 809
1302 1405
687 866
861 1268
507 1171
701 1109
108 611
466 473
967 1379
243 821
110 562
1371 1436
723 1383
967 1310
761 1251
26 377
425 1146
78 1351
525 1430
1047 1167
203 895
88 1318
9 772
1023 1316
1103 1416
518 764
609 1123
27 1149
201 1231
913 1029
611 1421
102 753
594 1390
678 774
1104 1409
352 648
373 435
303 741
346 525
1074 1261
120 1369
597 1336
946 1245
520 1175
1118 1298
740 1328
134 826
330 1066
1226 1265
53 1069
574 1296
1063 1224
1022 1091
38 403
197 566
652 1271
283 388
950 1170
1167 1206
327 1386
911 1043
1009 1389
726 744
746 848
801 885
829 1273
289 503
333 354
441 493
842 862
251 406
1191 1257
873 1158
1332 1420
441 905
682 1084
384 575
1127 1268
45 542
235 866
955 1438
920 1020
1135 1248
245 630
80 1144
262 630
228 835
866 1049
33 487
233 306
441 1023
105 189
1192 1324
668 796
994 1233
183 1146
1010 1045
344 1027
214 658
1108 1345
896 1424
677 1437
149 230
143 821
715 1368
1221 1389
348 374
996 1254
119 471
619 1094
428 1267
500 609
1086 1097
303 928
25 456
27 353
270 463
23 185
1249 1287
674 705
35 1205
712 1054
581 945
306 634
134 627
779 899
436 557
645 771
35 1077
39 167
176 984
707 848
794 1396
193 728
99 207
765 872
196 1357
993 1436
139 1023
63 628
180 1082
105 927
34 1402
14 1070
279 636
35 496
753 1085
273 375
418 1201
387 1217
202 1406
286 837
173 1414
663 740
609 973
139 316
126 1183
313 488
346 469
318 812
862 982
529 579
614 1308
405 857
446 1253
854 934
407 982
80 239
3 406
221 1365
672 1056
82 745
503 1037
1199 1225
280 1006
442 716
59 734
298 1306
379 575
230 573
607 1206
136 357
480 1388
777 1219
775 1430
577 1340
486 884
961 1380
509 1221
876 951
186 1233
438 822
431 615
756 758
372 448
362 438
38 334
476 1166
298 767
554 589
115 1025
362 778
661 877
184 929
1189 1258
411 1375
598 759
488 1163
152 1383
199 1245
108 1341
1082 1436
1263 1265
764 787
383 1403
245 536
347 692
769 1328
127 1056
456 467
885 1109
37 59
643 1093
553 1188
557 889
359 425
11 928
976 1092
504 937
1245 1424
647 1077
372 434
498 501
102 1021
138 1403
347 653
938 1415
31 905
555 785
525 1423
722 895
1141 1332
288 524
176 489
647 711
939 1425
163 1260
927 1035
109 173
337 971
81 506
156 1369
424 1142
108 1020
794 1278
537 1204
1323 1413
601 612
462 879
644 1423
542 757
25 178
206 703
635 1121
159 563
234 987
510 945
327 395
308 325
109 956
661 1032
288 594
764 1267
984 1053
428 1135
157 404
528 1011
859 1222
514 1095
51 1098
126 1217
899 1376
462 648
159 1370
628 966
381 1193
271 973
795 1298
376 1268
186 1203
494 689
867 1227
509 1363
474 562
78 1331
446 885
1017 1057
1085 1402
438 443
1291 1366
214 469
280 520
190 552
682 687
31 1085
472 1120
146 805
238 1430
1368 1405
49 726
77 1162
190 965
503 1283
393 1055
278 468
34 626
317 550
48 109
850 1307
514 1366
290 691
492 1019
473 1411
42 869
292 390
512 1318
119 1108
671 743
468 639
1277 1330
32 1215
515 725
367 441
145 662
1218 1349
772 1405
1307 1311
1307 1356
195 227
618 802
240 272
316 463
363 895
1026 1354
595 1179
80 1339
30 1152
350 560
277 1016
687 805
250 638
48 112
322 332
1376 1424
604 621
527 751
157 1429
119 161
289 1014
875 1349
320 999
10 676
43 361
605 858
480 784
555 584
86 633
1396 1408
714 1287
327 895
260 611
848 1339
79 260
155 949
7 1086
131 1151
40 181
529 598
1234 1327
639 1028
15 966
197 475
1198 1330
1103 1372
169 634
383 645
143 1134
760 822
1023 1170
527 606
805 1407
78 721
192 479
1088 1337
509 1204
733 1400
202 290
159 190
523 1339
937 940
189 960
570 809
632 926
248 1390
405 990
965 1169
7 921
520 1324
1146 1290
365 1347
391 1131
848 1046
764 1175
79 601
348 783
7 336
779 875
144 981
1087 1316
34 944
895 1100
1216 1439
698 1245
1372 1400
79 628
15 73
418 891
212 1229
139 1159
840 941
188 1274
1012 1176
256 1426
358 1286
869 1081
255 603
655 1031
1024 1231
965 1112
371 511
118 1077
33 440
107 559
1020 1309
117 749
707 878
48 301
929 1168
116 250
617 1409
45 437
148 764
672 677
691 885
65 1419
208 1426
412 642
638 1009
319 686
344 954
464 1290
181 1215
214 459
291 885
489 1418
732 991
118 273
364 1426
301 871
1058 1082
284 1238
1108 1198
613 1036
4 932
271 883
278 1382
522 1073
128 1115
47 510
360 1386
92 699
759 1059
665 872
417 479
7 891
1032 1343
129 306
1135 1191
311 1060
565 1147
142 419
208 934
801 1053
477 745
123 514
300 1417
556 868
516 976
129 503
416 1333
290 773
87 1174
347 1047
204 1145
123 1349
1318 1365
301 1168
486 1388
38 984
1009 1175
476 1000
1096 1340
756 1309
504 1305
216 1222
16 105
301 937
343 521
168 245
275 290
659 1041
835 1070
515 649
682 1360
360 1205
93 993
363 431
702 1122
234 557
268 1300
761 926
190 1310
191 1112
331 1283
584 603
616 787
923 954
282 448
759 1114
118 1417
219 789
42 369
121 496
691 730
65 1098
747 1230
494 1223
416 914
93 1025
180 390
497 912
200 520
194 538
239 715
364 1081
540 1332
252 1111
738 795
962 1004
757 1165
964 1034
763 1238
635 944
983 1177
221 832
847 1215
495 1380
397 776
759 855
625 968
254 1180
119 997
907 1328
745 1094
74 382
22 350
884 1310
54 876
914 1416
1209 1415
894 911
1367 1430
496 1435
341 455
144 752
733 807
746 1406
274 1165
886 1144
350 1100
649 659
637 813
678 1276
390 696
223 1150
439 1363
91 1021
122 794
98 265
542 877
267 1326
379 947
209 763
579 959
1193 1236
733 1065
189 1084
629 821
422 946
843 1086
657 1091
84 1343
547 1024
271 547
801 1431
640 835
1049 1195
110 1369
496 1149
253 1117
236 528
720 976
1250 1349
444 775
795 1189
35 786
342 1062
1137 1346
151 155
344 993
84 1384
206 1167
52 60
580 1160
390 1345
104 209
125 755
174 810
594 708
486 563
90 1191
819 1013
242 618
1233 1367
426 1323
22 905
338 1161
119 502
478 1012
16 689
362 556
429 1276
376 570
199 1033
479 896
673 1015
38 927
52 98
538 991
516 855
690 1300
1007 1348
389 1430
82 1187
795 1387
1055 1324
561 1356
938 945
694 807
40 657
217 890
659 1414
1198 1410
129 1136
339 416
236 320
654 958
398 1411
179 1321
635 795
236 865
541 1385
868 970
563 872
690 1069
257 433
774 1178
9 124
117 599
524 1280
19 828
399 549
421 1275
744 1386
437 504
388 1387
85 621
1202 1439
872 1439
443 683
26 1196
999 1305
93 914
162 989
60 635
645 826
431 1219
236 875
1054 1337
374 949
740 870
169 1235
124 1065
228 1287
540 616
659 1010
311 921
8 263
396 852
708 819
206 300
76 975
355 372
622 829
474 653
813 851
159 577
1032 1125
741 1200
542 916
480 1243
1051 1139
801 1279
93 1390
65 318
145 1036
18 1096
323 642
673 1277
149 862
1185 1236
112 431
723 1378
52 846
488 770
973 1098
293 801
182 283
280 566
835 915
870 1041
697 1423
377 434
482 612
221 906
327 830
1100 1265
404 819
451 1440
1086 1261
161 521
871 1392
623 1090
58 391
1057 1224
559 1332
668 942
69 697
985 1426
980 1126
409 612
352 1117
835 842
541 745
833 928
65 1305
748 860
1214 1410
34 840
755 1359
804 1350
694 972
460 1273
1094 1375
501 1045
140 882
280 656
367 661
278 990
30 356
372 1365
60 835
415 853
353 354
707 739
977 1170
746 978
765 958
214 477
211 243
1020 1133
1061 1290
878 964
409 1319
263 999
270 341
526 1298
583 837
258 554
235 437
291 546
524 1167
750 1053
126 1098
468 626
418 1165
468 1329
302 833
333 361
308 1204
733 1430
218 662
911 1133
381 914
18 224
77 792
1097 1235
162 1215
429 440
473 1142
352 610
161 809
348 1013
1026 1128
1285 1412
872 1306
257 888
341 1003
262 508
494 901
149 530
974 1146
150 983
942 997
255 777
716 1287
399 570
546 1249
42 286
297 842
539 1260
791 992
659 1319
1365 1386
457 721
64 499
11 574
19 480
301 1238
219 737
290 1348
193 685
603 1156
586 810
123 1427
627 698
327 599
122 251
400 1130
512 1317
129 650
189 787
196 850
398 1128
465 1032
119 530
609 773
27 223
825 1350
602 1264
611 1294
360 555
324 1297
457 998
351 511
1189 1258
256 688
606 1310
415 1218
1160 1416
94 414
762 1070
101 836
733 880
376 1325
332 1112
842 1214
348 440
121 1139
119 995
1047 1208
190 1168
346 396
583 1289
281 484
84 438
94 711
738 973
1306 1394
201 714
253 1124
788 1072
1238 1370
552 1059
692 884
843 941
417 633
64 917
893 1396
42 1348
830 1165
220 368
514 581
51 605
328 1430
452 892
181 1357
1055 1219
286 993
236 770
744 1208
834 1241
284 356
173 793
860 1243
429 643
190 1340
360 1252
716 985
503 823
321 744
259 955
85 834
1009 1344
1006 1392
89 689
127 1238
204 315
428 791
436 1073
1088 1396
217 1179
442 502
36 539
126 233
283 1343
79 758
1248 1386
501 682
490 1062
641 967
519 1023
259 1375
357 586
371 620
248 313
138 910
112 943
177 528
636 722
140 334
716 1172
842 1436
64 622
552 757
91 984
104 1228
672 1305
1028 1365
620 851
390 428
196 427
607 660
164 496
373 718
113 1391
1355 1421
334 973
171 295
24 163
1120 1302
209 1220
86 895
485 1262
265 1086
687 1028
495 1046
1125 1416
159 390
101 534
350 1042
809 1223
411 919
477 636
352 672
295 622
1265 1347
667 969
59 1142
332 675
989 1378
109 618
373 883
117 243
212 554
267 468
1137 1408
501 650
4 6
447 761
762 940
297 299
583 1418
651 1142
1060 1220
246 1328
409 1230
162 710
492 828
267 355
8 897
59 993
385 1134
203 368
187 1221
560 1337
401 790
255 1157
739 920
542 901
117 174
80 1092
487 1114
897 1053
1275 1329
1176 1266
500 774
585 1101
298 954
859 1155
1099 1360
258 1217
949 1349
300 334
86 899
186 446
355 927
34 322
106 849
532 1092
1037 1328
384 422
757 1123
215 740
339 507
457 1089
1135 1405
96 995
96 1137
213 389
131 719
45 973
352 824
378 814
814 1080
1150 1265
1277 1429
722 817
10 1248
642 831
425 606
811 1311
189 425
86 1159
124 1141
626 717
90 810
136 1262
1196 1270
382 810
95 235
321 884
166 590
341 1028
830 1290
290 901
1145 1350
454 1264
224 779
237 811
935 1387
568 1387
343 1165
1262 1337
11 345
206 1220
31 1037
6 580
1085 1306
1208 1390
239 837
629 766
709 987
915 1369
71 584
745 892
333 1013
32 229
245 435
736 1308
243 559
22 858
1069 1203
238 924
375 552
146 769
680 1084
366 937
557 751
189 556
615 1219
224 1115
680 1347
212 851
994 1067
853 1352
541 1388
801 827
1338 1367
567 1015
980 1084
705 1258
391 565
377 730
440 625
1134 1280
523 1206
1242 1346
20 52
635 1368
1043 1417
215 835
626 1403
112 686
103 1146
1071 1298
791 1185
596 982
223 259
535 1290
180 203
781 895
209 271
82 371
784 1253
657 1417
1144 1326
276 281
1214 1388
1055 1335
604 1129
33 1354
742 1297
208 465
195 452
218 1389
54 575
319 744
209 819
184 1409
368 533
240 659
231 432
458 532
736 908
1147 1403
225 559
299 1227
831 896
1088 1353
146 477
1332 1372
749 1078
625 672
589 1090
634 1081
448 1438
645 1113
516 1344
120 132
1069 1091
414 807
796 1089
447 1314
56 1252
520 1033
673 1180
364 1302
24 303
369 476
625 702
365 477
1079 1157
286 468
25 478
244 531
126 1207
832 1069
234 1066
141 167
713 1018
666 1182
461 710
473 1435
640 955
97 600
328 676
208 1380
789 1177
472 1357
618 875
572 661
265 1285
69 874
305 1430
841 875
736 1169
238 1167
199 263
1158 1238
233 312
634 858
732 1372
95 1282
446 1269
351 1036
443 1224
142 582
1088 1325
633 665
1191 1227
1032 1226
85 309
366 1001
217 821
1025 1280
756 929
133 951
328 1092
1125 1209
642 667
534 923
910 1250
665 1006
1217 1368
1282 1308
518 1013
133 352
895 1414
9 792
526 1137
485 1037
606 709
177 760
222 771
689 1081
454 1238
321 1306
487 1157
332 649
835 897
113 547
975 1053
668 1292
458 1234
514 1278
921 1334
555 772
618 965
493 498
305 1026
47 81
358 685
599 1077
216 504
366 951
69 723
456 1405
224 784
114 540
73 207
130 452
414 1387
519 652
557 800
74 1400
101 573
31 893
153 351
70 159
1129 1335
183 672
471 548
28 947
811 1192
44 266
52 1413
225 801
174 1193
500 1419
30 90
1271 1346
1238 1369
694 881
564 1024
67 852
223 470
846 1315
60 68
127 318
128 472
12 432
347 497
160 240
295 832
5 1137
482 1421
916 1215
133 916
310 917
321 529
1055 1357
444 1212
215 472
417 609
43 969
740 768
149 854
160 411
281 1349
1205 1226
317 447
353 940
308 1432
169 892
427 555
295 618
349 1207
293 1389
58 705
479 1334
496 1422
1306 1357
643 1224
595 1428
315 1071
822 939
185 591
530 1060
776 1137
154 812
472 1206
1039 1165
284 352
21 1178
805 1068
430 905
1130 1346
102 534
842 970
43 1433
865 1016
33 228
525 1364
405 850
699 1137
115 960
202 1403
1148 1309
394 527
573 1306
54 943
410 1177
336 486
1013 1186
294 771
757 1373
197 689
681 723
868 1343
27 273
667 1271
839 1085
3 1016
413 899
74 1090
171 712
604 846
8 1034
277 952
518 1146
190 933
52 1371
187 1033
373 1097
440 1262
5 863
1136 1163
751 1329
141 361
825 1325
682 824
261 338
605 1033
481 1244
287 931
501 967
488 985
242 1258
710 1174
852 1367
893 1162
179 309
229 1310
92 311
467 852
812 1228
59 854
311 773
55 1287
466 537
118 942
883 1217
405 583
1019 1113
3 705
328 1162
319 605
683 1396
87 1132
818 1163
1183 1232
118 1062
317 1001
606 1096
573 936
892 975
527 881
897 977
938 1159
152 691
636 1122
95 163
143 1273
173 747
1260 1393
673 900
157 382
280 1104
223 1174
78 127
901 1252
339 1427
189 892
438 529
322 1392
113 383
75 781
998 1253
586 1358
57 333
4 1165
939 1027
284 441
1071 1166
612 668
611 1366
142 853
833 1049
318 480
705 1169
375 628
962 1259
39 1144
206 233
13 814
394 918
63 1339
682 694
945 1325
10 1251
776 1155
392 411
127 139
1085 1206
60 760
1174 1372
119 1048
547 853
481 898
883 1183
399 1174
717 1268
199 362
419 570
1360 1383
551 1251
359 1088
822 1421
490 1091
536 1401
992 1362
965 1347
478 791
51 718
421 1259
48 217
469 1344
303 1206
44 397
830 955
49 97
297 303
818 1347
110 1239
859 1405
480 515
892 1322
474 1149
562 677
255 889
53 572
9 528
128 341
850 1064
279 480
331 1100
651 1194
885 1403
550 579
320 1035
4 1380
364 884
290 455
294 950
442 1002
785 1338
138 258
827 1414
1127 1190
752 986
388 651
541 1385
177 806
680 1304
360 518
823 1094
214 438
459 1091
26 131
118 473
670 730
443 1273
989 992
205 1077
20 471
837 1101
1187 1345
513 839
416 591
681 1061
451 983
1132 1322
896 958
289 890
163 1254
579 1209
148 1196
404 749
522 622
453 1032
952 1296
365 1036
940 1015
230 300
643 721
856 1394
997 1424
866 1357
106 977
222 613
714 855
465 1034
315 1171
237 343
358 535
475 1066
541 1145
786 1172
293 1178
435 1426
848 1071
458 494
357 780
296 580
756 953
495 1108
107 1139
614 1006
329 514
50 159
34 1246
105 696
481 1368
734 937
711 764
489 782
747 777
257 1208
1223 1292
424 1278
601 607
1316 1391
288 436
755 1204
835 1140
456 1169
129 662
959 1127
679 1305
379 539
331 1231
1323 1389
238 1194
474 840
446 787
246 367
410 624
1017 1169
384 1267
658 885
298 1058
260 979
6 160
1328 1431
379 788
377 1267
916 1060
1090 1437
816 818
330 832
229 1429
1160 1377
73 1418
118 837
381 604
553 841
460 1094
819 894
1036 1325
49 150
426 1335
401 762
602 1147
279 1089
360 1097
228 616
183 1076
691 923
575 984
744 995
100 832
625 633
675 994
517 1097
255 1121
13 1217
479 1280
386 637
1017 1332
432 999
372 444
2 259
1362 1363
993 1138
381 548
285 1043
112 1119
446 1216
527 1076
222 769
266 813
1218 1301
1315 1393
413 1332
751 857
428 888
55 701
310 1287
535 759
108 943
87 1386
554 634
1019 1328
73 731
188 986
441 1002
697 1278
652 1097
1012 1019
255 624
381 857
356 602
862 1031
142 480
709 1071
914 1122
86 120
84 301
350 383
784 1141
737 1286
596 1243
596 656
519 1398
805 870
288 468
415 1339
31 1100
539 1392
267 932
162 1105
775 831
930 957
215 992
689 1065
138 423
97 1329
390 1359
643 879
241 1341
983 1216
384 542
1154 1201
10 841
304 411
733 984
155 556
544 1059
727 1037
189 1277
199 1437
358 1355
848 1383
929 1033
641 862
66 702
292 619
1180 1289
906 1262
277 1298
992 1155
128 441
299 1150
150 1168
764 1388
7 705
104 1356
434 771
985 1015
924 1039
962 1307
654 775
116 215
25 1348
473 1244
677 893
422 580
657 1022
46 982
397 489
1209 1323
1241 1339
764 810
648 820
242 1385
473 1234
366 1414
193 1416
817 1248
649 1426
829 1154
270 692
417 1386
594 659
802 922
417 622
281 987
69 1363
93 1167
402 1047
880 1090
694 776
204 211
1320 1355
15 855
239 385
691 1286
317 320
1038 1303
2 606
133 333
979 1157
490 799
182 672
126 708
850 1412
405 1059
123 192
68 532
511 1405
79 811
901 1061
144 176
478 749
38 505
273 691
339 1044
600 877
337 829
989 1437
208 657
106 1246
700 794
482 780
742 1114
619 1251
96 888
641 935
572 1406
327 442
1026 1119
407 611
661 1238
812 1225
346 619
531 1409
392 771
268 1193
989 1242
183 840
821 925
515 889
251 1183
893 1054
384 475
530 648
570 1325
845 1016
811 1043
218 1198
695 808
5 776
295 629
307 550
409 675
628 1109
411 537
549 994
223 739
204 501
1111 1428
981 1109
152 1116
357 808
299 1096
658 1003
409 1162
284 673
314 881
939 1187
445 1167
1139 1222
153 971
439 926
455 1164
493 1376
431 619
160 1100
402 846
876 909
307 366
373 763
131 1199
51 185
292 541
140 1135
212 938
443 682
219 429
485 615
269 828
531 1320
723 1414
330 1143
557 634
95 412
191 663
604 1095
524 727
335 984
1083 1379
849 909
322 1340
289 700
578 891
223 1176
46 735
415 767
356 1075
401 1389
115 384
268 1156
16 215
809 1011
234 772
483 662
234 1209
102 519
593 1285
918 979
603 1394
812 820
194 1300
3 1373
1321 1432
659 1093
824 918
505 1142
266 1006
617 1017
275 393
1298 1433
37 438
8 998
484 591
119 1088
415 1405
327 912
525 736
123 1418
186 455
300 731
674 1196
941 1018
339 897
35 1123
462 1394
469 579
566 948
688 1315
13 675
157 620
88 1424
721 1373
716 1024
27 861
799 1016
919 1239
196 275
155 1076
907 1436
148 695
1123 1196
474 1207
481 624
350 686
683 1324
472 1421
187 1218
37 1054
34 824
590 1063
94 334
6 551
662 781
659 1031
724 1425
348 1265
426 818
700 1419
11 989
884 1064
21 501
207 673
226 631
332 512
338 1404
379 397
316 1263
720 932
229 522
348 491
1020 1127
1148 1363
160 772
304 741
81 531
265 806
1045 1128
444 906
7 925
66 691
801 1208
247 674
53 559
295 1152
338 842
380 616
945 1369
139 724
345 1322
1024 1330
4 921
664 1061
924 1004
161 238
789 1053
405 1396
510 1157
630 1295
830 1315
41 719
318 904
78 210
521 847
386 870
351 976
135 684
214 954
629 1349
493 704
22 297
663 742
148 1288
392 706
154 649
637 1055
62 273
608 698
572 1392
216 633
450 650
1279 1399
466 697
451 749
135 406
260 1146
679 1272
924 1370
339 940
256 920
935 1136
734 1081
1076 1166
26 1123
809 833
1198 1237
715 1121
877 1240
607 1213
137 161
558 944
275 1244
1247 1439
335 904
442 1181
76 442
697 1216
775 799
143 1211
303 506
128 1256
70 244
800 1077
110 569
449 707
197 602
293 374
41 185
166 845
701 1202
969 1144
62 588
534 923
248 438
672 1285
74 745
250 377
1096 1141
476 685
1199 1232
749 1162
489 498
175 919
602 711
852 1180
499 1054
477 768
418 1356
202 364
1182 1234
368 1074
540 996
1141 1308
90 901
979 1433
244 608
513 1224
1260 1299
1194 1200
577 1435
741 951
89 579
928 1174
1165 1189
634 737
722 1064
1293 1298
663 1173
422 1026
544 1346
1093 1296
45 828
161 551
164 1190
66 899
611 730
357 1403
499 1166
479 702
154 388
912 1174
417 770
147 824
660 1288
76 992
903 1324
979 1022
713 1104
825 1242
727 1014
150 1304
558 1110
738 812
1237 1360
895 1061
100 992
137 1170
145 1011
151 1202
667 817
455 670
763 1045
761 1310
530 806
201 316
591 928
302 1324
1201 1285
69 890
636 832
155 1389
142 1217
223 1328
327 444
559 618
1119 1437
122 364
43 422
947 1121
229 1039
52 216
156 758
277 547
235 749
366 571
210 469
300 1256
76 263
56 1260
4 752
751 962
242 1334
167 1095
33 556
339 429
1017 1305
835 933
206 1344
941 1112
386 978
363 1245
1231 1406
644 1326
355 850
424 938
965 1001
439 637
96 151
950 1094
42 893
885 1344
288 607
274 585
364 750
301 1309
858 966
32 1246
66 80
489 546
236 1155
74 1216
96 993
1081 1191
1280 1413
955 1253
250 834
633 820
94 560
884 1156
360 819
63 742
333 443
94 192
741 1043
551 1423
189 244
443 548
1215 1367
144 661
671 1151
230 785
193 907
417 517
619 1183
1099 1111
884 1202
309 1290
363 1292
442 1175
302 400
436 1390
628 808
201 679
152 900
35 482
620 656
88 374
384 1269
916 1383
1074 1330
707 1062
483 658
559 1346
74 988
31 347
637 1021
206 912
659 1318
1345 1383
132 216
1054 1305
537 1408
15 697
33 1349
418 714
100 805
793 1225
120 327
833 1217
594 741
140 964
998 1069
337 739
687 898
53 1332
570 1102
301 1100
1094 1417
121 815
329 491
80 295
240 1333
266 1006
698 905
371 1202
587 1156
504 593
109 400
150 1371
314 602
347 738
263 577
1010 1375
658 1437
1099 1277
141 279
357 779
648 865
1111 1340
161 689
970 1367
694 1278
845 1390
459 1435
293 455
569 592
70 979
765 1296
562 1325
528 924
34 602
342 581
116 873
403 717
951 1238
135 205
454 730
800 1294
80 856
71 1049
1117 1310
397 437
332 997
482 1210
388 555
542 982
879 1100
255 437
1203 1243
881 1219
422 926
801 949
395 1439
74 315
284 1165
952 1381
315 492
40 1015
502 818
43 336
422 581
593 607
227 544
31 332
668 682
277 1381
99 1018
287 1411
530 1037
122 169
187 220
455 889
378 1431
129 1200
461 522
1000 1211
887 1033
309 1019
906 1107
372 1079
94 632
294 545
969 1128
385 1109
942 1230
879 1388
80 409
486 561
557 833
552 663
708 1394
969 993
563 571
303 1258
284 1066
882 1301
150 1301
670 757
359 966
29 41
350 1061
389 922
562 750
551 635
488 799
792 1119
684 1412
236 911
150 809
92 429
301 769
320 987
190 703
33 218
176 766
1028 1313
460 1040
159 938
770 1195
1000 1352
917 1361
517 1182
320 984
130 1202
852 1276
988 1278
18 434
996 1225
415 896
381 1266
265 481
733 1422
467 863
130 1422
619 931
251 810
104 1250
447 471
1117 1227
56 522
1035 1091
431 657
51 488
556 900
785 1361
262 770
57 715
618 1147
841 1118
476 587
319 367
330 715
109 401
152 803
388 471
603 1336
134 1089
732 972
646 838
338 907
524 1368
85 426
191 468
296 806
424 1313
642 1255
303 1319
182 311
747 853
250 1011
384 801
1185 1241
240 648
694 1218
655 1002
113 682
207 483
985 1329
51 352
1076 1439
121 148
484 1250
330 1094
169 604
3 458
466 1369
723 1427
40 212
551 1378
466 560
54 373
430 523
94 1023
323 940
331 900
654 1367
438 1138
1046 1135
53 517
357 473
230 384
194 1277
593 609
134 625
461 1171
231 478
976 1182
719 1303
234 267
637 1390
201 1221
582 1401
952 1320
1403 1415
66 214
1103 1214
624 1077
241 258
216 1186
785 1323
1142 1411
570 1432
1126 1298
682 773
1230 1347
64 78
577 861
195 384
678 724
560 1267
286 1322
292 720
31 1380
91 507
510 1002
283 664
601 617
129 1136
529 717
33 1082
262 278
715 1034
1108 1187
137 687
940 1274
890 1290
845 919
119 854
326 953
1274 1375
540 1323
22 1432
311 758
511 549
12 451
472 780
823 1391
643 1256
424 922
739 860
362 738
864 1325
496 1038
225 322
59 995
931 1327
554 1020
206 854
248 1103
576 966
205 1112
233 1403
32 423
713 720
689 1397
71 406
1317 1393
395 889
78 1205
251 517
801 1357
346 565
527 898
467 940
112 972
1348 1382
20 490
523 808
98 983
238 1220
1194 1287
891 1269
210 1313
1221 1275
231 874
657 1158
558 1160
413 820
363 826
150 781
604 939
277 890
1095 1263
136 291
351 528
779 882
781 1346
1033 1387
484 1330
182 367
156 1131
178 944
596 598
801 835
373 958
375 1026
710 1261
912 1095
190 462
279 1044
911 1040
589 667
819 868
1149 1388
424 907
57 114
724 1378
188 830
734 1183
112 527
426 914
599 646
275 1152
550 981
289 559
541 569
353 811
746 1178
833 1431
123 1255
322 881
20 1084
36 1090
638 727
59 1204
447 991
358 547
606 699
258 479
1038 1039
1133 1155
1185 1393
578 680
112 336
353 1263
159 925
91 278
381 738
953 963
599 1331
286 613
1080 1283
947 982
208 1114
669 1233
255 896
558 1413
293 961
516 796
378 532
948 1418
19 543
1097 1249
296 1241
668 1280
69 188
1340 1365
782 888
327 808
635 1214
976 1234
706 723
428 722
245 577
863 1191
476 788
205 1274
210 973
270 458
279 1404
58 250
210 1026
690 967
443 692
4 1141
367 1432
1183 1338
12 767
652 1236
690 1181
140 225
753 1038
424 443
282 489
234 691
145 1096
278 700
441 1396
200 293
458 961
79 1210
402 1340
313 634
889 1161
709 780
123 962
182 202
23 1055
87 877
666 1150
281 1023
1262 1269
20 746
162 1314
84 1303
483 741
946 977
5 1139
808 1108
974 1299
103 1006
458 525
424 438
495 816
354 1398
113 1013
408 902
932 982
240 843
913 1195
156 1230
1089 1192
382 577
155 1229
393 1031
558 881
150 326
630 1215
342 451
96 1213
897 1072
694 921
1229 1338
799 980
162 1376
1156 1388
274 711
13 958
227 955
336 474
1052 1303
329 769
1253 1298
612 863
784 1018
60 356
151 208
871 1394
909 1384
632 1178
292 624
74 709
828 944
724 1157
906 1166
191 1268
351 647
367 552
451 1274
861 955
1146 1350
309 1153
165 1423
77 587
377 1179
222 1075
873 1428
377 1254
998 1193
707 1402
288 965
671 773
302 1435
366 1019
726 1205
171 897
151 1112
260 307
574 1304
323 781
922 1421
139 1036
352 673
275 1177
384 391
680 1031
288 1317
220 956
1001 1196
101 1436
427 1355
206 866
100 264
707 1250
501 1129
48 1321
322 961
244 1167
146 674
432 610
928 1020
594 828
679 1356
508 1192
14 617
565 1049
646 1014
294 1438
388 1204
64 68
497 1413
480 648
542 1231
286 779
569 1316
904 1036
225 885
68 613
623 1174
456 1328
550 622
319 1271
803 962
260 571
329 1091
621 1378
723 1187
974 1342
114 708
739 976
450 548
718 1322
843 1212
1209 1240
520 897
812 1164
793 1343
169 670
450 775
71 103
332 1439
178 400
415 843
533 562
529 805
288 1239
1040 1244
632 957
470 780
234 289
399 867
760 1306
105 785
117 1318
722 1411
129 740
328 846
834 958
16 239
572 732
3 1255
209 910
543 670
223 822
1061 1223
19 699
25 869
143 1320
284 1379
1041 1232
1148 1359
359 515
307 1244
271 1286
1003 1181
412 622
324 893
381 445
515 1188
308 1311
254 714
753 1368
6 1051
140 1025
786 1399
285 928
681 1423
832 1241
975 1252
1025 1321
716 779
114 780
185 751
361 854
1159 1315
1083 1309
888 1440
307 633
883 1091
287 1069
564 1337
217 790
212 1055
668 1225
837 1393
872 1071
841 1363
716 1223
441 1331
1268 1382
309 819
135 1128
429 907
1210 1367
8 63
215 1202
237 316
581 933
320 737
302 1081
921 1278
329 1313
930 1268
698 975
1255 1419
426 476
134 609
41 398
586 1247
41 697
117 812
636 818
397 1376
572 1250
115 1030
248 1127
855 1135
585 1046
85 902
684 747
43 763
47 1222
263 716
721 858
944 1022
336 924
784 966
107 1070
35 503
819 1095
188 557
720 865
120 258
1018 1377
1252 1265
798 1101
501 1228
723 1035
376 565
1169 1338
276 832
148 927
62 1377
972 1063
388 526
740 837
832 877
112 519
398 777
693 695
411 1365
30 784
449 579
541 1426
503 972
450 1297
210 1394
383 1242
833 997
91 93
864 1365
653 1101
201 825
199 429
415 1195
190 562
147 1060
957 1189
693 1150
521 559
1028 1390
729 1380
171 1286
16 56
66 1391
429 835
231 672
205 817
564 923
1100 1414
85 874
261 1427
416 1164
136 221
218 1334
1302 1365
619 1060
1324 1405
459 819
573 1339
587 1361
336 659
215 1007
852 1125
776 954
450 1083
197 1023
1057 1438
586 1042
471 1269
233 699
751 815
817 886
422 1364
640 733
886 1198
203 661
67 1339
510 798
599 848
765 900
476 501
157 852
71 567
382 638
70 495
1321 1353
50 635
362 1333
295 1363
390 1280
169 1080
715 745
675 926
999 1011
163 1164
96 208
995 1358
360 373
362 1336
458 1356
835 1217
375 1305
943 1390
119 426
806 1048
893 1126
356 1306
1032 1312
887 931
773 1113
194 573
766 815
157 1355
20 512
324 1403
372 777
96 278
1348 1423
661 714
349 1186
147 933
240 524
1378 1417
805 1293
1067 1232
377 1307
280 1307
381 562
334 1046
224 960
566 672
1282 1345
663 1350
961 1264
804 1191
28 264
691 693
266 363
431 877
356 436
282 887
1293 1305
1261 1285
158 1409
390 570
526 1353
126 1266
480 656
947 1167
1105 1431
317 487
435 687
656 1352
657 1069
9 77
276 994
561 1181
505 917
756 1166
64 253
1303 1337
957 994
8 523
294 793
738 1048
63 438
758 910
65 634
322 358
309 1143
193 504
783 936
560 984
373 1276
117 594
1065 1085
478 1101
572 1180
288 1366
217 725
845 959
967 1077
1164 1195
554 619
81 429
728 887
252 1170
500 993
906 1175
973 1118
536 886
162 340
388 719
102 965
644 1182
1013 1266
935 1405
894 1410
957 1129
89 158
60 101
896 1237
1369 1386
585 885
1028 1173
464 1232
184 473
277 652
100 506
312 774
43 753
1059 1385
278 425
1244 1345
1253 1424
276 459
297 338
1106 1133
473 1050
586 844
953 1341
728 1149
396 1216
109 1185
612 660
829 854
104 454
35 476
164 1295
219 247
363 655
709 797
407 688
780 1417
152 460
244 1117
1005 1014
254 882
1318 1358
242 502
10 658
1006 1035
332 1013
582 1320
880 1210
789 1046
471 1022
150 1381
186 929
12 608
195 1225
1236 1372
937 985
930 1069
307 1291
622 1242
1169 1379
186 518
226 998
104 1062
178 455
242 731
940 1003
375 1149
442 497
244 397
18 1066
1000 1247
700 1210
44 112
1371 1433
863 1125
132 313
294 1164
569 573
149 1419
503 1349
229 1309
1077 1389
73 1233
741 829
221 1387
474 851
1117 1133
410 1115
17 234
6 1329
105 1154
30 1316
90 334
448 565
402 1238
247 1138
119 565
691 1416
335 340
834 960
142 663
840 1225
289 1230
132 1036
409 557
120 339
356 1378
1221 1381
97 944
743 932
433 1124
71 705
628 1072
439 975
171 796
80 262
348 581
555 934
801 1100
131 1123
493 548
49 548
789 1107
202 776
27 515
546 819
117 834
612 1358
967 1269
571 640
947 1188
365 1440
236 593
126 787
606 627
62 778
427 889
1086 1247
667 1153
768 983
667 1338
14 1064
75 1130
127 136
561 1141
905 958
879 979
127 1320
568 1395
80 946
411 868
161 285
539 935
226 532
123 655
401 767
503 669
5 840
180 279
70 145
824 863
1016 1334
157 534
921 1289
42 981
62 1394
52 644
385 1256
230 784
601 1118
124 797
250 319
157 222
606 910
1026 1341
508 972
14 1180
149 1213
250 623
72 782
977 1013
236 888
411 586
529 1074
916 975
678 1120
807 1036
562 1328
843 1165
138 167
613 1330
209 1278
545 1224
29 1163
957 1114
102 1350
1002 1300
58 60
479 1287
567 653
652 1440
941 1122
141 1170
138 684
841 973
88 705
110 894
120 793
695 1018
421 1235
562 1362
173 1082
307 1337
655 1186
10 1388
123 403
591 628
760 1161
798 1399
41 1061
969 1301
1130 1131
432 1315
264 687
31 732
174 682
791 863
135 267
205 963
536 1203
870 1292
518 1099
43 801
146 685
1175 1296
32 724
67 984
72 521
330 1413
929 1265
81 324
80 1196
1244 1389
710 1075
1005 1104
493 849
604 1195
849 864
1156 1166
357 1360
237 555
196 418
419 1069
578 1015
94 484
413 683
605 642
370 731
124 167
193 1342
295 703
341 829
276 980
1163 1339
444 1133
226 859
529 1025
312 505
199 1090
691 737
164 491
255 1176
1184 1283
315 1211
679 1001
645 732
227 547
243 305
143 278
270 794
14 120
830 1114
834 1117
616 840
93 935
925 1291
68 1263
766 1106
454 1090
191 371
842 1428
451 1282
704 1224
92 150
515 960
316 1210
380 797
455 1036
3 1089
525 841
211 1031
465 834
570 1326
596 858
766 1106
779 868
283 1224
596 836
215 723
780 1351
7 1328
19 984
282 1033
353 1019
929 1069
652 963
480 791
547 1065
572 1408
417 1025
554 1414
19 552
60 918
313 417
348 1424
721 728
871 1398
1039 1324
431 577
1417 1422
301 1144
423 560
65 1399
177 1253
530 1101
526 1105
515 1240
1098 1240
43 312
318 889
37 1384
633 1003
608 1292
56 1380
858 873
63 846
231 1393
626 1090
272 465
767 1046
669 1311
290 868
205 1050
447 1373
80 644
55 754
272 614
369 1383
42 1369
938 1040
1090 1277
919 1167
90 364
963 1317
230 940
849 856
942 1100
441 1265
364 877
800 1283
1123 1284
963 1031
869 1137
462 1263
1107 1179
380 470
565 1043
817 1292
155 1386
592 876
632 1198
232 1112
138 1437
145 886
60 763
875 1269
467 721
172 1371
223 1356
171 801
205 245
297 1363
470 837
585 1096
688 1335
972 1301
592 870
95 1316
897 1219
41 1402
444 541
1090 1217
426 1047
531 1050
212 641
1216 1282
1057 1232
347 923
997 1412
913 1440
102 875
284 968
267 1198
242 632
684 921
6 616
902 925
981 1009
723 1374
25 1315
77 1061
198 247
244 1234
275 1266
145 998
52 157
1102 1214
1169 1303
226 1208
621 726
151 988
449 1138
36 1182
1214 1267
67 794
1278 1432
419 616
1190 1226
584 774
283 922
833 1391
799 1312
510 1381
136 294
1373 1387
220 1272
487 1100
86 86
506 1125
330 1408
961 1206
85 1080
589 1226
428 768
979 1145
629 1088
250 1250
1143 1383
196 250
1095 1204
513 611
482 802
199 465
412 569
124 197
1013 1120
379 1028
26 620
150 594
344 572
363 905
106 761
912 1233
141 625
520 1138
121 433
11 1423
116 1053
682 863
398 1014
358 1017
38 438
523 1370
445 1305
283 1398
248 432
32 481
413 1169
714 1068
262 974
483 682
243 288
728 977
556 689
1149 1385
143 1261
490 1287
489 923
569 1215
1153 1233
901 984
820 1051
464 1383
517 1396
646 1192
222 607
110 947
546 552
364 729
606 750
381 997
232 1302
441 831
221 1037
877 1090
120 784
259 334
610 757
221 279
189 1275
608 637
124 711
868 1055
624 662
84 637
62 663
95 323
1192 1378
1161 1261
717 1037
250 663
389 1372
449 805
53 962
872 1273
827 993
1101 1326
1076 1388
851 960
1012 1057
75 608
22 197
28 1179
80 859
1041 1242
416 1208
685 777
1271 1367
1179 1350
243 791
583 1089
426 1362
52 810
1123 1175
686 993
92 1042
261 422
34 980
656 1263
612 848
639 1243
416 1177
637 1040
1227 1283
42 835
127 511
315 761
750 1098
1248 1359
138 693
1203 1225
827 1285
238 926
827 1044
197 1060
334 1439
597 1396
541 1160
625 838
382 896
308 1139
567 1125
654 1120
155 810
60 1364
436 485
86 1135
87 765
213 282
692 786
949 1322
645 1371
852 1286
223 1234
134 1152
296 583
60 303
1048 1143
387 743
238 993
595 930
299 954
289 1253
64 795
914 943
703 1151
40 394
672 1385
778 839
1225 1403
274 495
181 1030
917 1062
875 1420
17 1371
250 692
963 1172
123 738
78 1033
439 1155
148 820
186 661
174 384
1223 1229
1038 1144
349 591
213 1336
316 1429
417 830
55 240
68 346
1200 1409
610 814
710 1240
346 623
327 415
604 762
95 742
101 665
35 732
13 313
521 1236
864 896
244 368
790 1410
402 1111
461 1227
58 356
883 1124
300 977
1160 1319
808 1103
1060 1409
314 379
968 1340
408 1258
357 1156
727 895
261 434
560 1025
1110 1168
625 880
53 898
483 1021
266 736
465 704
76 831
293 337
481 1269
429 1383
1159 1381
367 683
955 1211
238 735
414 766
298 1298
342 537
164 1225
662 1120
1262 1351
1084 1103
629 1042
216 1167
67 1355
609 853
658 946
697 1410
175 724
351 1354
389 770
77 982
50 1101
473 1286
545 743
301 677
140 847
34 47
710 801
28 482
219 1430
835 1139
228 1029
307 1437
684 958
977 1038
437 988
518 1106
76 1006
27 360
555 558
174 493
789 1105
505 758
218 780
145 1419
988 1289
133 502
232 1275
696 1435
1021 1362
495 647
176 1046
20 655
196 781
490 678
732 1328
506 1122
1035 1296
763 1011
109 157
140 1304
915 1414
261 1059
64 588
931 1351
246 582
6 677
358 904
528 780
26 918
371 689
404 943
569 592
534 1183
40 1066
887 1350
38 1062
192 671
640 1348
680 1341
393 1173
10 281
777 969
1 164
252 907
205 1301
349 1170
447 457
204 655
407 1301
741 983
241 1036
388 1399
201 1284
168 539
715 939
1123 1172
888 1434
657 986
1164 1393
1021 1056
624 1051
603 1127
730 1172
337 350
50 246
142 1355
120 268
370 1178
759 949
1273 1334
424 427
112 526
317 843
76 967
216 942
489 1110
431 1103
105 217
113 630
171 1375
673 1239
35 760
35 241
43 719
84 1364
770 1399
369 692
418 895
329 913
659 1221
194 670
1402 1408
784 804
231 1026
533 1105
413 1369
1086 1416
114 338
1 788
834 1298
1192 1276
211 1122
431 838
112 931
345 551
951 1094
51 859
139 210
142 877
230 542
156 1305
243 804
19 121
1312 1427
401 986
634 1362
14 971
459 697
543 818
303 907
607 1318
38 1079
1111 1177
134 829
232 661
657 774
472 536
122 456
1005 1074
996 1194
191 586
230 766
318 454
326 432
244 802
425 1394
358 938
776 942
365 828
753 1372
1364 1394
512 1265
127 822
1021 1221
613 1063
1 507
724 740
426 1325
45 443
185 954
152 1264
249 1196
216 533
858 929
44 400
479 1074
287 536
688 1211
548 684
158 814
359 1215
696 1020
1243 1370
944 1051
73 907
421 507
944 1233
554 911
302 802
686 686
112 641
998 1164
216 877
631 1340
84 486
631 754
106 1435
1234 1326
142 822
195 685
219 1336
100 345
668 1318
435 1091
557 758
411 823
205 886
624 1082
165 256
964 1435
809 992
605 953
432 758
561 745
576 1285
1065 1195
337 633
577 1318
324 784
146 704
47 891
15 654
1121 1306
194 396
89 517
49 492
46 552
614 1343
1173 1210
576 774
94 575
858 1234
998 1245
313 361
219 542
18 558
633 986
330 1334
219 1367
133 990
142 298
181 777
609 1013
60 504
16 1088
494 1043
1326 1356
316 966
362 697
130 1221
303 641
334 694
167 488
339 1062
932 1049
703 1190
34 885
557 1078
560 951
856 1077
619 1263
40 651
14 1262
966 1208
205 585
594 937
242 544
810 1290
1074 1208
461 1404
288 737
756 1100
280 631
607 1285
926 1013
1242 1293
560 919
332 801
591 1051
94 1038
516 976
488 1101
47 214
599 894
312 530
507 1420
171 414
514 679
404 1202
442 1082
700 896
730 1260
37 487
258 861
718 904
1160 1217
624 856
1063 1139
107 829
58 1365
949 1293
232 1008
194 1054
248 1267
597 1348
135 1241
673 1270
807 1367
764 1291
657 989
253 854
131 1118
873 1097
613 1420
242 1415
295 478
379 892
556 850
366 1215
526 705
918 1074
909 1245
635 753
202 1278
355 712
667 946
549 1232
234 365
378 1007
480 730
45 622
24 553
51 617
334 1140
607 772
20 980
1358 1399
167 1099
526 684
674 1204
318 1098
86 303
409 1102
210 1138
349 638
195 1119
322 619
561 1131
297 345
744 878
1185 1252
314 953
580 682
536 1119
468 1292
301 722
269 330
256 386
1013 1098
942 959
1035 1436
530 1240
754 1161
33 1110
538 607
782 1203
52 1117
757 895
995 1024
1326 1338
881 1030
13 467
32 1193
841 1136
242 1387
86 1142
578 1000
365 595
477 1087
63 322
1092 1428
272 355
490 1361
14 1048
449 593
287 591
800 1431
100 933
17 206
466 1281
47 96
660 1373
1076 1167
492 498
89 1043
728 817
982 1208
479 1378
763 1425
784 1150
118 750
264 1024
461 620
42 304
748 999
468 1420
1344 1358
52 1178
463 965
627 1427
574 1207
271 845
160 441
5 1093
592 1104
381 572