88674
-97163
-66300
32311
76747
686
55793
49861
-14572
-83642
-1754
55028
54627
-56344
80822
80193
69531
73470
708
5571
37407
60779
-45375
-63108
77473
-84457
96822
-54595
37563
-48827
-7596
-75022
-25949
-38124
52613
-66960
75958
87066
29379
-42133
62981
62222
-8481
87070
-76076
-46233
62796
-72189
-59003
34618
-58955
-85096
33487
51169
81092
55263
-44032
33515
-73224
27399
59966
-37613
-37267
-95741
-29332
-9632
56713
13633
46992
97905
76931
97988
58641
34137
25399
-30250
-9461
-90306
69717
-8484
51102
47167
-2826
-66360
-81766
-70082
90311
53185
32403
40236
47904
-92100
-12341
66826
61759
19245
28824
45838
-11267
22400
11359
53071
18602
66658
-69884
-87769
55191
64617
72350
-15793
-21513
7042
39674
78333
-55425
-39219
9238
92515
86456
77657
73397
86201
69276
74102
-30504
-11645
25919
-25615
7931
97916
64317
-2910
-84771
-27862
2127
-57112
-86307
47774
-56270
54054
78599
68332
-72126
29927
77053
29376
-73820
51395
-11478
-11215
37038
75395
71911
2334
-21239
-41495
-38430
-60974
-17849
-8579
46892
-52284
-8373
-4391
-94027
12402
58518
-56490
31271
35509
-77047
92658
-62582
30995
-4336
-11079
68280
32322
10800
-85258
29217
40465
-91865
-20488
-97333
-89764
-10519
-85615
-12392
35313
75884
42080
-55340
47337
65469
71747
19174
27500
-44124
-47896
-83124
-8811
39539
30234
-3897
4508
-36052
-15789
-62979
87659
-10119
8532
38475
-48167
67677
87486
12684
28098
42778
31904
22820
33695
53938
-2294
1479
50152
19932
78812
-50696
-53173
-33498
68233
-50983
-77240
79189
43293
-53124
96490
-74246
-4598
39990
-97787
61375
-61643
-9497
96936
6655
-64639
51779
-58292
4934
28659
-59478
80558
-69616
-76331
77583
84494
-54407
-95236
79489
77043
-76730
-89778
32097
-99368
-13344
57969
17289
-89472
52528
45838
-80524
-38342
-12091
50400
-21419
-80018
28909
16688
19978
95026
84772
37451
69159
-70409
16861
-36427
53627
-39878
-66570
-15687
-52734
64626
-78260
-51343
-54563
-69408
41107
-63766
32551
-54345
18742
-26584
-8902
-35296
92400
12769
93690
50295
17662
-59759
67915
66313
68054
91201
46844
9585
66686
39925
-53404
-86361
-48241
65231
71477
55477
38980
-38285
-88146
19847
71601
2148
-63749
-17066
76333
-68852
-13117
6408
-58619
-58289
50620
-35900
82098
-27879
56639
56043
44938
316
-68293
-71523
-52600
33898
-58120
-8146
-24390
-14344
-52288
-9610
88342
28967
7694
2485
63136
-71189
-91726
-32421
-60624
-99073
66370
-75501
8019
46072
28574
-20015
55764
-85948
-62001
-43172
55627
-3942
-67576
-36864
34529
12689
-97641
99844
-33744
70926
35817
-89272
37144
-57499
62700
96248
33360
80391
-60538
53865
-87658
11639
91868
40465
49282
49547
-44165
-81662
-81312
-37926
-80139
29555
52004
82877
-11141
62778
9701
-79026
63211
-81713
-81173
-70928
85225
-92761
-15267
999
-91536
90115
28013
27563
54524
53472
17726
38436
-26751
-88440
58026
-33460
-1355
-67330
-98249
10067
-40745
58207
-38236
5473
-11489
-82098
-25460
-8658
41102
-80189
-72334
70810
5625
-63937
-50543
14750
-43124
-11724
-65514
-58053
-30446
-59391
-15398
58781
7913
79584
9899
-47223
-75105
50518
-44664
49424
98317
-29972
-35835
-15524
-42936
-36083
-18810
-97016
-12425
-11890
-59945
-45120
-17160
80663
-40172
61525
2657
-66222
-7054
-96463
85796
-71659
-5416
-70973
-26195
27877
-25981
14153
83781
5268
52644
-32627
83667
52816
75202
74993
-25329
-2111
87910
62976
-91080
-48954
10155
67006
51914
56160
16873
-42658
84174
10932
-36157
66638
25052
-32776
46371
81542
31796
71249
-1560
43198
-97412
-49934
-63806
6494
6018
66054
-14480
54574
69968
-18829
-91999
-22731
22682
85144
15420
77871
65305
-57706
-65241
46766
-16770
99220
73066
-12501
33758
-64429
73867
-49076
59958
-60499
-8983
-85429
-40728
42243
95054
51308
9507
22003
-16212
-54401
-59735
-51516
30553
26473
45182
69832
-28392
92529
-57460
85932
-97888
-94779
84502
63912
82120
-49990
37205
10925
-68105
-77963
-24222
51996
-90189
-13
-26242
-24407
45907
28197
74578
-34797
-63165
-85812
79334
-28343
-58963
-75906
-1913
-30632
54829
87471
-6735
-43953
70792
42973
56624
-33480
-19939
42968
-20393
29342
21033
-98367
-65220
-60906
-7763
13161
67526
1952
-28476
-24641
-51763
6647
87325
-42757
69189
-28738
21993
27039
-89615
-62647
-52769
14197
36621
80145
-59406
-79034
-97888
-16032
-46079
-92646
-30967
34198
-39809
-10841
-83461
-73814
-17456
-2816
-21973
64497
6156
-72900
-77744
-51529
-15852
80306
65467
-86737
76828
-91086
46437
-21793
-67460
-15271
17231
-96600
63606
97647
-86107
-57528
50546
-4747
-46574
-13867
54722
-50080
67849
-59020
-69179
87118
-60277
50178
10874
55190
-73965
-41447
72762
-49816
-93151
60400
-18729
-65149
37826
-47712
81314
39845
-79196
-10282
99987
29980
-60579
34397
-29425
76527
-64619
41102
-98293
-55838
-44603
-34051
94004
-73842
-47133
17579
-41117
-43140
-37892
84642
-50825
-21347
47514
17485
-22768
5220
-2694
-76363
-29944
-58336
93324
90032
84665
30874
-46882
40106
67844
82235
98462
-77882
21617
99313
-23249
-28916
86652
-75534
65943
68940
62388
-68569
-32944
61956
92015
-97473
69476
-49294
-26735
85884
-98719
56649
49289
-8911
-26677
64257
-41596
77881
-87191
9854
-53441
-27572
-6416
93895
61236
49931
1597
54102
-91745
-8377
-81938
73890
-38223
40909
-76775
-61409
-49806
65978
66689
83422
86719
9526
-29010
-27004
41642
-87154
16263
-51714
39658
28186
-77242
-79635
-6866
72283
-62494
-20047
43537
76680
92536
70415
-36249
14770
-42145
-7192
-82250
-49827
44152
-74070
24085
74012
-16643
-54208
56720
13648
69855
-23996
-79374
-42616
-1114
-66786
-57717
82223
-56121
10091
-18768
-79918
-19027
90842
68857
79571
-75823
-24965
92651
-2576
-97723
13930
1316
-97705
-80208
-8006
-2563
85365
52320
7340
96015
-83432
20882
93768
-32959
99514
-24879
-32499
-36330
22005
51639
-61345
17618
72497
-75469
-85408
-42241
31312
-48227
-31721
22849
65161
34798
87424
-88686
73327
92601
-88553
68565
2317
68739
31976
-40587
-97602
-17150
-75058
-16909
-99298
-16640
-31794
27906
13531
66938
84390
-99234
50060
-33761
76544
32201
-52965
90904
90599
64289
45763
-31376
29780
99198
73114
-7737
95417
35867
-7651
-73643
26067
81776
-20884
12027
-91623
-39656
35495
-30325
-72573
47431
-41149
21956
16026
-23710
-63921
97470
82739
11523
-19045
85640
94214
11510
-17163
-81414
-31927
-4573
-4803
-37983
-2763
11515
25577
75141
99318
26365
-98911
-76707
-75923
98717
-60977
22426
21818
38796
-34636
1616
49702
59136
-37803
3589
67685
52309
-56202
34698
6487
-85444
-95253
24298
43684
-5070
86005
-43176
43941
3184
-20402
63483
26119
-3067
87983
-9472
-46340
-18032
66981
75741
32739
-37418
39473
-35250
-53684
-6618
21345
-92017
44781
18800
-557
27380
-58328
88175
30697
23259
30051
11184
43705
-58473
30975
-16913
-60775
30389
96026
7981
57764
-99715
80564
18669
40159
-72815
41719
25431
-70506
-91816
62083
-6331
-83226
-97098
-75192
14739
-44780
8569
58954
9244
-71392
43244
-24008
52042
-45754
59471
53808
-25967
-66977
50415
-89597
-84432
-92118
-6639
68468
97128
-39060
-67600
-881
52281
33550
-89488
38858
6851
-53137
33325
-23413
-6995
-70386
-23013
38495
-89424
-27660
38040
98336
-46290
24954
-82379
66555
85094
-36800
22841
-10185
-66281
-49352
27582
-33571
46301
4834
10380
-51981
-71108
10129
85702
58331
91511
-47687
-23523
-85087
51907
-85926
75004
-19354
-78048
47306
82344
60538
23953
70523
39702
-66443
-79839
83775
8439
48940
-91089
71648
82548
87748
-1807
23707
84333
-49794
9172
-24519
-21417
68100
21710
77755
95323
-4876
78454
-32973
27771
67342
25343
87225
-81109
20336
-37319
40782
69780
92113
29343
-94771
16528
61539
98650
27932
-79232
52370
9955
71320
-82653
-16048
86465
-80186
96612
53791
29509
-52446
59466
34244
-59992
58209
-80223
-12700
77550
-22280
-83125
-8637
-48961
27785
-91024
-50845
-38949
-58752
-42190
-73765
-74467
-7809
-46070
-1777
-9684
78655
-36204
42867
79684
6655
-15062
-90977
-42029
37654
-86802
-79345
42564
-98988
-32819
-42149
73547
-67153
-37131
8308
-46554
85970
89942
-37939
-19824
-11725
-78953
-16861
-84231
62934
-6907
-2617
50519
-19402
-57165
59648
-4696
82326
-76329
-83311
70715
81553
-43395
33650
-67812
-73243
-97037
-94072
-625
86280
-77746
98956
-71057
48830
-57334
76346
-81273
-23962
99374
-80999
-21695
-64590
-29181
64936
27068
78267
8897
-21147
-41252
42310
-58645
27195
58841
23177
-51083
57779
-95128
26285
72675
-83460
-34558
-93121
82673
95504
-11944
-80860
89986
87232
-26332
78750
-22717
-73537
-91068
95306
-76623
-63923
78413
-75500
79286
-62466
74488
40261
-64979
17589
-656
-34168
-40261
-39801
-89261
38519
95934
-27594
6450
-68761
29201
87630
35057
-5185
27667
-872
84050
82324
50858
20774
-97216
-81681
19015
-41542
-41342
-22842
8884
-86641
7327
-47441
-93356
54837
22616
49174
-31134
84758
34632
11583
5158
69635
51711
67571
95956
-8890
-61293
-38888
29427
26223
31556
-33849
84994
-29190
-53853
22553
53090
-4103
-68125
64414
99287
8972
-4434
-1580
-33968
-17264
85841
57802
6674
1195
-24580
-48875
37025
-19635
46155
-26178
52936
11882
29051
-20188
-77584
-45604
54909
40737
35878
39800
48081
32315
-61121
-43517
734
57646
60976
6510
-91975
-50916
66667
-65684
-32422
-49401
70577
19149
-89329
-82192
-65798
-71903
-25302
-39245
39417
-43430
88022
-94915
79673
65722
85205
5727
-8607
31612
47967
-31997
87465
60516
5816
5217
92140
47447
65520
48295
-44236
65828
52258
60749
3383
27090
84417
-64952
-68248
7690
27940
59714
4344
-68483
-51086
-57179
-15206
29221
82791
31124
12583
-45065
-74183
-71214
51685
-86791
-1782
9156
-78957
72348
-39695
26915
-55301
47184
40700
45265
29628
-62674
84594
97082
-85823
-40297
28742
46722
41957
95352
-96483
68255
25941
17005
-92543
-83703
-93139
-971
-73701
8357
-98618
81833
-75584
-38147
-22908
-66942
-97165
12423
48422
-71327
-23648
-2834
97604
20929
70744
-9184
-86748
21141
98949
-79256
-68604
14096
13243
-56117
-90149
50231
-71318
90657
78980
55299
-10586
89690
-13667
-21937
-21588
-18134
-30700
43526
-70743
21297
95569
89306
-52484
64738
93771
14268
51835
-41287
5823
35427
63491
62996
83200
43114
-66862
96855
-94886
-18193
14155
-29070
91693
38101
-55823
-8708
7842
-75918
36231
1402
87005
-91448
97168
-84647
10713
23005
654
-48775
43274
-95233
-18560
-68158
15397
78336
-61148
-40668
17536
17774
-52025
-34445
-77484
-33203
-4203
40575
-15039
84999
82826
36790
-96503
24418
28842
39683
-46540
-82241
-88067
45893
35336
95407
36206
46744
71253
57808
-540
2489
37513
52070
64705
2104
-38985
20052
71508
-12532
-7547
97485
-68184
15789
-62769
-23511
90798
5465
-90731
79722
48397
-80133
-60272
-60033
72628
-95698
47194
-8655
48343
-73587
14293
66529
-56662
60350
89005
23252
-21157
-25852
-98361
-59114
74759
27880
-21033
-65853
13404
-3772
32017
77850
811
6666
-91448
47662
-66180
14026
40591
-39705
33308
-118
43059
50045
-86357
-49021
93016
77989
16845
87509
53680
20729
-50216
-76412
83762
45478
-2072
-27030
-36457
47987
18066
-19642
-47360
-46617
-56396
57882
-14146
-95606
-55696
-87536
71048
-89698
16238
61679
-181
-10771
62582
-7670
-19909
85270
35656
-43805
-71792
73150
-24261
62991
19401
-3590
-91928
-95814
50972
-14258
-9487
79673
-8303
-39308
-73311
31691
-13428
-24678
83344
71064
-49702
-74942
-16964
47985
20944
-57577
97302
-17719
5410
-76190
-22939
-59482
51761
-72477
71601
-71967
53272
-54440
-69296
-62998
-13479
59549
40378
88627
-28104
-38965
97930
-2461
15768
-71139
-1668
23759
31292
-90612
81835
-75483
99819
-32452
32505
26479
38731
-7750
76753
35120
-91068
-70105
30058
-34853
-29207
63514
32107
47094
98960
69822
612
-63464
74384
-19969
-66635
16652
14816
-27545
66104
-79645
-69706
14393
82524
-72920
60133
-52703
-18176
-62230
-80386
-95803
-16525
32610
-25887
70102
91632
-86432
-24144
-20068
-38167
1335
32101
29625
65312
1643
65468
-25384
-4865
-51526
71084
-60991
90127
83913
-73389
-48602
37291
21324
86240
-54377
61
86884
-16582
6077
-84303
-24372
-26013
-49723
81458
23885
92395
-34980
-46821
-69942
-33340
-82184
-63261
42320
82913
7
50683
17198
-36339
3365
-44874
27025
5175
70757
-60257
-79497
-23073
60417
-87614
-55011
-22166
74969
253
29057
-92215
-74467
-69772
-55586
86151
46078
83476
3861
28000
-4479
-39380
90492
-51424
-1428
95557
-67380
-89234
13017
77749
-17476
32483
5425
-1462
-30269
-97462
89866
-84783
-57851
62493
28372
-76165
66621
-17804
-65729
97257
27712
-76881
-39464
26365
-90706
-93571
-52201
38310
41841
-9993
20123
-96567
-4269
91755
10887
91328
23918
-85706
42731
-74736
89022
-3806
-41586
9559
-48572
-30241
-36559
-14434
-21375
6700
26898
-11625
65575
36894
42364
-70140
-62461
-73582
-2866
-98988
-89827
29866
63399
-50219
-34638
-51423
19480
17356
35636
79441
42997
-53753
-1927
41196
22391
-34542
-5183
79719
-32902
-99151
48945
-70552
56915
-30848
69953
-2410
42281
-57378
46183
-4271
-95699
-93879
-53665
22036
51447
-97808
-84739
-65344
-31648
-58502
17212
-23566
-82443
-70187
-62629
97786
-48132
-22503
66886
1269
45033
49841
9195
343
91262
-66865
2436
74135
-74093
-46631
26669
35587
91233
16294
65491
93060
-59263
-93516
-99789
26750
8255
-47785
5542
-40414
-22918
-63852
-73054
87108
80389
-27956
2229
-9687
1783
-81028
63303
84507
61114
72941
10254
-27631
24763
-75490
-97160
37075
51775
-61422
-9337
-86469
-82696
58786
42276
-87033
66545
-22656
-73732
-35854
9312
-66121
54491
-33304
18734
32180
1092
86206
-85838
19161
92693
37096
30016
-29802
-20156
77635
-7276
3597
48724
50135
-46284
88438
7368
-16022
-78815
-28249
-49986
-9723
-17944
-33558
-79514
1811
20615
-2804
3105
-76477
85976
-98600
81874
-39787
-76814
-90203
6197
-44209
-59178
-93983
-89619
-77130
90780
88229
-23684
16331
72452
-11421
-82985
35339
-2628
-45572
-42853
-32824
35083
-32978
-2037
-97195
-33624
42179
-57637
14871
-81069
69606
-67723
-74826
28194
33899
12074
46573
85599
80016
4808
75346
22304
-97185
17345
73092
-28649
-85747
-51015
-48253
-19209
31594
-9022
-4828
36689
-89916
-40221
-64675
-20886
-3745
34398
75401
64914
18282
97585
-69685
25743
-72210
-74456
-82073
-99303
-13393
98109
7713
34009
8563
91120
21187
-93508
73272
49485
16297
39602
-50658
21068
-91299
-6333
-12739
26716
45362
-52347
-34037
61658
65505
-41265
-86278
-27796
38301
68786
95342
-96726
35201
19475
-46432
67985
-87548
-39214
3159
-28838
-56444
-74778
-69913
5618
-64896
18023
-47487
45213
51383
-59324
86280
-95376
14941
-95468
-94571
73781
6824
-40124
6940
59137
-26266
-80564
35080
43717
72405
-36631
27706
-54562
-72481
20108
25475
51618
-76203
72905
-71464
22579
-90793
-63196
70316
-93404
-5029
-16537
-12486
18881
38878
-82118
-79088
-15997
-65104
-7290
-90753
65949
-98716
55587
-99343
-57897
-75071
-33250
-20507
-30981
42547
85305
-16281
-70497
69586
-86478
-14123
-75851
53966
17570
3150
-55554
50163
-70829
85412
-21300
89497
59362
-84164
-22151
-81483
96650
81835
6556
-57397
-6547
-33079
-37936
-4817
77576
-99309
-8756
31247
80400
57161
-83008
72773
36782
33629
6399
79731
-48594
-25018
-97042
-85310
30222
40761
-8838
-59585
-49270
-96721
97411
-22199
98465
8794
25637
90799
56761
54275
1747
40133
827
93062
88199
-90311
-76098
29238
-44533
12885
-84871
1606
-72189
11570
20643
-40539
-75915
-23448
85467
-47056
97312
-24202
-76857
71245
61130
45573
63627
-36706
82741
-84524
-77594
67828
17194
-75098
55056
69882
72840
-85457
-85028
-75854
19947
-87830
71155
47884
65615
-7396
34821
-67810
-2473
-76387
-67219
98394
-54894
98265
79781
-85321
80963
-54839
33216
83537
10417
-26644
83860
-6185
8175
26111
-3079
-76699
93480
35298
-93860
55451
-29099
71588
49567
49835
-26779
69515
-10075
-92723
58693
-18669
-16368
38133
59674
-82784
-44918
-8765
-54591
95204
-19046
-38627
72263
-45245
59371
34579
542
21067
66272
-47249
68277
-39926
-58939
87036
90127
-85428
39426
-7454
-57619
-18911
88426
82214
54820
93239
66502
-65720
29745
-89785
80610
66903
21839
-46167
-740
33944
8419
43984
-92350
-48351
-18661
93095
-75075
-15953
-89634
512
-49352
-60166
-36534
-17104
-40933
76778
15238
-9843
51239
43321
-39352
-25893
-10158
5813
116
24547
-31267
48820
38819
-95157
1375
-86787
-85278
84700
57020
-51399
63931
-64874
98645
-49329
98125
91017
-63039
-51284
33327
28844
61752
47004
-76080
-16504
97407
-52915
-21037
-72018
96127
-69855
-67496
6230
91535
-7056
-2171
53683
51435
-10639
15779
-1606
-75358
45308
-24488
45526
65288
98694
89563
-88356
-96409
8783
-61356
-35603
23635
77189
46363
-88379
40323
-51454
-68987
-28779
-2576
-25896
25395
-97761
3529
-83318
-64741
20241
85109
-61440
77158
-9268
13856
-80057
55785
-73465
-72329
-98271
65277
61052
66853
20628
64270
-27128
1984
-53355
26652
15789
83081
69046
-57248
-96840
59840
75161
8043
53204
93803
16937
-14386
-41802
81164
61516
-53350
94150
38445
-79205
-80508
15318
-47651
16916
-48032
43868
91490
-36219
80097
44674
-98136
-8124
59701
-74754
61783
18441
98972
-5038
-15831
78751
32871
89811
52465
-24921
-62397
68832
74836
26464
-52468
-23074
-59212
-53008
-43368
82680
-49370
-53542
-3582
22732
-46177
-51812
-45147
-4889
60462
-98733
21275
-23387
39110
-57093
28958
81260
-34902
-87449
-8322
68340
89071
56885
-61037
-1883
43017
64711
60301
-57215
-1999
54963
83043
94943
8398
-12396
33817
32620
33848
60631
-50689
96010
98455
91846
-32269
85390
67973
39882
-94605
-48843
-30671
-82626
71056
52192
11365
-7812
92023
56129
-83763
-91313
53853
-27
80350
-11433
74126
-69611
-3131
-19031
-58808
15412
40961
-14404
-24628
46276
-72109
64728
-9382
24573
77900
-78134
-79632
-59065
87206
-94195
69130
-41319
12413
-82476
-16040
-12838
56539
63714
-4054
15555
-42576
19241
-31959
13721
-27629
97223
45809
-66049
9928
45454
24497
-95590
76618
-45429
95494
-9942
46402
57500
-24297
48566
-39150
-6814
58807
-92702
-82676
73625
-21970
-43783
60979
23541
62403
-92350
51068
70249
61210
68880
-28973
-1453
42124
-85655
-90817
45072
1290
34727
70943
-27693
60961
75437
58448
-34652
88052
21475
-40837
-10579
9391
-63670
-26950
33531
26029
-45308
41215
-91417
-37063
95815
47031
-44569
87384
-28821
47499
6868
-67048
-74808
7128
-22440
95654
-35839
13095
37522
-11747
61575
92630
48991
-81706
-14615
64894
-93264
-66390
38852
-1306
-64608
42714
-31288
-96545
-49554
-24781
19522
-71543
99964
-71968
-32288
54429
76498
86371
74744
-78058
30411
-37819
-29459
-2136
-63134
4810
42044
-93917
-63494
-78245
62350
-61106
94835
67260
-8732
-13234
-32532
-32412
6541
94250
95894
-37886
53917
-7516
-62865
6046
-76732
56696
-26907
-33549
-72052
-82613
-79379
-80237
23098
-40063
-84445
-76574
4011
6657
96945
-83607
-16999
-41403
2439
25438
-89811
83244
89056
-9888
4253
-54075
31796
83808
89145
74316
-24930
-58931
-35094
87848
96527
47857
-62136
5089
-49655
86125
-28911
-4904
-89421
-73747
-33140
92395
46685
23642
10440
-39300
7423
27172
-31603
-28852
73475
18867
47022
80964
98767
-18787
28629
-66392
4514
-32499
22058
-55785
79219
-3551
54468
16162
10021
-64715
19039
88681
55120
-43548
30390
93053
-28372
-31980
-572
-59882
-71972
84990
4099
-66690
25255
33064
46777
-38408
47165
42126
41726
-26219
-4044
-32253
-6500
3971
13202
-43488
-45103
93832
-25876
-12198
-99237
35347
3721
3276
65400
56917
-79536
72151
-35573
-39628
-27887
17660
74110
25501
1495
16233
-87097
31877
-84113
-24652
-33993
-72911
25704
-3086
24355
19020
55680
62801
-98320
83115
-7766
72466
41531
79880
31379
30923
-41952
-93528
-54576
55575
-64711
-83743
48531
44070
24159
-76469
-80088
-85901
-50914
-91402
-24527
-65278
39572
-23184
90517
41268
19465
11121
72071
-44207
55539
8588
-65013
-51888
72689
-18862
47518
-90294
-36363
-47475
-39690
-17095
80916
-83431
-64682
32918
-29271
-54312
21038
69438
-66444
37988
-18340
-66390
32782
-55739
47864
99596
32183
65846
-41950
-11095
-64067
-71767
21289
2387
88110
-37874
31811
34143
-82862
39752
71190
-6449
79368
-38016
-71129
-81107
98076
2391
-21875
-86608
6607
-65624
-31614
50894
71827
13104
43512
58436
52933
23902
90520
-28779
-36459
9013
13337
-87279
63654
-39019
-77325
50698
-10764
-16985
83793
-485
86289
62216
-73651
36576
-94173
-21854
54160
46501
45006
-1849
-43502
-83543
26240
-81910
-10139
-47698
-44360
55848
-79431
25096
9459
-99725
27500
-91236
37779
-22612
59557
43918
-48353
16625
-72234
-35752
43562
-18677
-68660
-54732
-10613
-75692
-60459
-35890
-40472
54426
-74031
-65565
-74935
-38583
-89003
-67484
-63254
-85073
56931
-31403
-26491
39971
-41053
92231
42519
45549
-9284
-69466
78363
59755
55488
-13708
-58885
34526
-73017
98641
-69095
77513
-35986
80843
-91960
-53467
80973
37788
14682
70576
34365
6022
-60358
-48906
88350
-45984
46403
21472
-17703
51973
-81104
68307
-59646
32234
-8809
6011
-87295
-39437
-81042
-32470
56331
-48058
84985
-14699
24533
-46308
-42439
-53191
-10317
-20877
7890
-2719
-73140
-81478
-35685
-93954
20115
-48080
90111
-1636
-95042
25580
56003
-30657
-48394
63839
-80262
51376
-34981
96968
25510
90159
86855
57719
-91538
-63449
35838
56591
53282
-94250
55005
43623
22978
62293
5553
23158
-87561
17791
57111
32862
65893
79693
82114
-87381
98644
29892
-70150
54993
-21001
18076
83106
-84168
80035
-87107
40093
99701
-37211
-13541
-62508
90776
24696
39097
-27968
82296
30345
-56339
29008
-99760
-55540
74763
-1202
-49391
-75326
-60510
-39840
-25127
99778
11597
2145
87798
-89152
65556
-73362
-16546
33424
64707
-87446
4925
-15517
42283
-86939
63260
-45736
73533
40506
77761
-47404
-96623
83833
32261
13105
-72455
-73781
48598
55297
-68762
4447
-93414
-48710
65605
-91987
-61678
53106
28212
78023
75773
19352
-50844
23328
-55430
98720
32197
16529
-43158
61406
-44467
69084
43638
35914
31706
-18234
-80189
-60216
-64341
-71656
-15441
54015
52690
88873
5457
-60464
54899
50363
42108
-93531
-14002
-98735
-19389
93028
-30882
-2275
22881
-8328
-21183
-17535
36471
95514
87393
-55202
-54183
12355
91894
-22827
-10435
-82944
15605
38442
-16954
-65300
-55838
29813
-27080
49297
26672
7605
99025
55522
29263
73588
-41160
67910
-24641
-46716
-79773
-65846
59917
41263
50711
71468
-94947
1686
4785
92932
59001
-23482
-64079
13292
-19082
56312
-79230
25320
85310
52061
32778
57384
30758
-68820
38043
24091
-18460
5400
68550
-10777
-49216
-79148
77804
52800
-46690
15268
38543
29652
-63365
-82036
-30173
-42553
-90636
-86548
66685
7765
-79877
-72434
17830
49031
32472
3922
-94951
-59137
61578
-59375
39143
57978
8880
73505
-14296
-50208
-42030
-92912
20364
-82001
42360
76276
-59335
-1568
71248
59340
72333
-99760
-47050
-22330
-84445
28336
-13392
-99968
18325
87055
63424
31061
4519
71875
76650
14834
10288
33687
-12422
15878
-31928
71477
69096
72320
-7692
-18572
81924
53459
90569
18632
94232
55257
-36192
4208
-18402
33285
-13844
-2485
30144
-18080
-55678
-71208
-6720
81232
74251
14853
3034
-27627
-95672
-20258
47394
-15399
66206
-64315
48881
-55869
-89490
-64818
-64792
-61190
67750
62812
6694
10444
-10959
-34638
-35429
88581
98069
54824
-91355
74699
-53255
47572
88643
291
4823
-5525
-26265
69917
-59524
34403
-65957
11104
31949
-22257
-41202
38431
-78217
-99734
-16114
36135
21274
77821
-68231
-16138
-87443
97691
68801
45952
-69645
-73678
-11748
-28239
-19577
-77070
93531
-45761
53316
67300
-3758
53283
-34122
-47465
57371
9840
17315
-91132
-11785
-35970
85311
10344
-136
61015
-43610
-6619
-45810
-7173
-2211
-61532
-10627
-91441
24428
76351
-40046
-62414
-2877
-87304
-25630
-15597
40922
68255
25869
85487
-17815
6416
27875
31015
-71193
18035
-98795
45905
77798
-97704
-10892
50859
83854
-48413
60518
-78964
-44219
-67923
-52112
-14714
86256
14648
90301
-55651
-40493
-35808
30618
-38939
-6087
41068
19286
81001
38621
79203
52957
-37281
40963
-16219
-23329
99748
-96649
32533
88155
-94863
-33286
-59039
-73070
94808
16992
54681
10586
-25977
21758
-57301
-29617
-67529
-53419
42091
44887
98138
63038
2063
10602
-64367
-98741
90603
-12475
-81402
82291
-41313
59047
-76854
55233
24099
-97721
61148
-17684
689
58617
1935
-56012
-95943
95813
51986
-89718
48601
94643
-6968
35611
37075
-30508
-95918
-84125
79906
-1487
38846
-81313
-81491
-79256
90774
11317
-15046
-13326
-83981
-65369
-49832
19603
77754
41545
-65705
94420
85681
-90376
13631
37146
40118
58792
45422
-22183
-30695
-94267
36421
87145
72774
44698
44540
-94300
-66122
-79292
55203
-81438
92602
91618
51942
-75668
95409
99431
30547
-32794
32015
80848
-1276
89484
60924
62523
74526
69025
-43263
-16242
60406
-59152
-84163
48152
-68965
-43528
-96934
-45151
10092
35510
84279
-98280
-21669
-71043
-18565
37085
14241
-75221
53399
43697
-87708
-71260
43864
-36799
-20229
55401
89166
81664
50637
-93961
81396
71826
-76273
-6975
27815
-67918
58389
4905
73612
-19434
29068
-50095
87206
-3707
-80725
-1200
-53411
10906
-5596
-81094
47247
72859
39154
-89681
-7554
83024
-34834
90704
-59852
-14441
27922
-75067
-79211
85391
-11187
-29529
-78981
-44420
50223
-50472
10908
-69000
34614
57559
-34872
-70001
-36218
-78939
-21322
25465
97039
-68802
98119
82950
-51245
-6846
-15012
-87740
-47894
61882
-70182
-73099
63659
24584
-9614
26990
-47290
23285
92226
-10231
75292
37553
-2828
-46066
-8270
20878
-11934
44940
11784
21659
-3135
-92880
-58661
36137
53766
-60074
-74859
-71630
-16897
-39609
-13836
90532
-28372
6489
40991
34916
-45587
17755
-90348
-74228
-61922
60222
-38082
-34360
-45581
93772
-24505
49775
97229
70488
-73018
87891
-86615
74984
75535
84208
71354
28092
49130
-50737
-88790
72255
-53088
-82330
-71904
-57372
-615
66039
25518
-70230
5066
14816
56186
66098
38379
28289
-37856
-85286
7288
51163
-31650
53157
69443
-59165
-28945
3007
35852
79571
30944
-68848
27130
-57542
-13005
-40663
85300
-90035
-2225
86956
3567
85852
-89178
-18694
38213
-87340
-5831
-23384
-47606
69963
-13169
-9069
-32077
-74269
-42547
38449
-20862
-53705
-26963
-5716
-34958
35270
-49736
-87133
-10855
-91515
-11724
-22392
2335
56687
-47969
-71008
-63982
36226
-65824
-88619
77355
71532
-8099
-87319
26056
-62357
11848
-79448
13060
46847
-82175
89272
33832
-24528
35622
-52701
42779
73091
-87275
-91362
86790
59251
-19376
68497
-36245
-67334
-58511
-83522
37612
-73643
-67952
18033
78008
-45626
57867
21497
-43255
-83520
85754
-97717
44781
27430
-70926
-45938
-31830
-65951
16145
-75227
-44683
75568
-40690
-29590
-63280
-34872
-86147
-37810
14793
35447
37019
-65092
-41795
4461
29831
73477
-80313
-51754
-22756
-57992
-11729
17688
-46518
84539
-71374
-39392
15974
-33644
43981
-7158
-7026
-32905
56480
-65783
-50467
86885
-3773
-96974
1528
52487
-94949
-358
-83876
-69979
93596
32023
46421
-415
32729
20472
46111
50493
-44450
72802
-96988
85831
49710
-32753
53771
-77036
-63482
-51703
-97648
14333
-66876
87982
-50119
-31037
81304
-47454
39417
-90180
-81972
60833
30281
-25321
78581
73456
-739
-6474
9219
-95191
-45355
56219
95365
-90507
62292
-68243
-14434
-38119
59349
89199
-39365
92078
83201
24372
-10184
31859
49816
-1783
-9018
57603
97703
13634
-5094
-60802
-48577
-19639
-47877
31179
-46413
45637
74441
-47040
45704
64438
89197
-4344
-41794
83713
71031
9056
37517
-7302
-98631
17361
27874
82731
-20086
-40321
214
-435
13641
-4300
3923
-43269
10354
67892
-87459
-27995
-29686
-34856
-37681
27233
78604
70015
58650
86568
-25611
-93580
-73321
12605
-37913
-84312
62025
3513
-67201
27801
34767
35966
23201
-20152
-6900
-64292
-91485
-98451
-41848
-95132
-14448
8960
-59098
-43265
32752
48436
-31725
44946
97622
-23108
70603
51696
46782
59221
-40649
-49996
50811
20768
53418
91794
72455
72810
-55277
31468
73918
-63003
-74549
90725
10513
-58654
2021
54577
60906
-80987
-18813
-33107
6141
80058
53473
-87202
-80563
-8008
64169
8142
92399
-83162
-84429
-72451
-4809
55963
-18251
49009
-98861
-41958
74904
-30992
49716
55042
-22743
55160
-59208
-54930
48684
-84883
-71535
-40566
-92
39874
87980
30100
23204
-84553
77052
60236
10718
-49296
7578
22509
58009
90771
-38103
8052
-81215
46295
-97452
72178
40017
14610
-12075
81637
19003
66383
59900
-84621
-85858
98684
8711
-3449
-94289
-27852
52666
89357
-27199
-65760
52794
90834
99995
-85155
5390
26327
-79255
65838
-35224
99081
63798
91032
-29345
-14056
-14660
16661
-49616
65767
31448
85156
-70292
18412
24042
23173
-68442
64068
-56593
-55926
27881
-6572
-14471
6637
-5073
53218
-91380
67532
22753
32420
-76791
-19543
30279
-91606
-18324
-50853
69049
-28945
-92221
-28798
-96208
73633
-38695
-74070
79869
55757
74582
-56270
21307
99026
12067
-64280
-57041
-94678
-67586
58528
-11366
-22975
59974
64969
56640
51607
-18251
55371
-97839
88262
52565
86527
-44373
43469
-23485
-39084
-44948
-32426
75020
-94782
30548
-40001
-65080
-32245
71087
86262
-35628
-92460
62030
-49336
11400
-54042
49024
66598
35114
-10637
-54608
52070
25102
-88246
80506
17124
-11437
-54135
60286
-82596
56434
-53412
36266
3885
-94421
2313
56137
-5021
-8367
-62370
49721
78869
42429
78402
-30922
-72607
54636
-17547
5280
-78261
81520
-19866
60990
11127
83013
60978
-72369
-86268
8750
-92960
-31547
-56755
-81335
-44847
75462
-69215
13040
29205
46571
1996
46443
-51624
91753
-5970
84594
35186
-50062
-62948
-88010
-74378
-55819
12130
-23928
-40140
-52851
-94410
44067
48600
65017
13711
-35382
-44406
38342
13449
83327
-15458
1175
52717
61374
-90278
26515
-44049
-84394
-47758
19455
46700
13195
97330
-68057
-28559
-76660
-28090
80457
-41146
-2137
-28967
-42368
62786
43492
58274
92579
82306
96033
43402
2290
-24941
-6325
25604
38650
64959
-75094
-32496
31588
-75944
-33037
-83973
50793
64422
46603
43768
13276
-7814
1451
88583
-21234
-53273
65192
-19024
94224
27147
-19433
66711
25253
-22490
5962
37510
-76824
-83169
-93336
66802
-73791
82594
25973
-95095
40904
-23672
-99116
-43087
80628
32658
-63165
-38143
-92726
59550
91563
-99869
-16321
18029
-90549
-2719
3374
-14304
-93744
-63720
-94437
-12671
47695
-7969
74688
-40140
-22817
56664
6592
-6356
-7392
87748
-19276
18147
1847
-12641
90915
-40447
-2823
-51135
-8874
73560
-34746
35754
7186
40336
74216
23709
95008
523
32721
-79369
-33146
-35574
-5264
-76793
-35938
40919
43566
95925
25058
13566
32288
67595
-83425
38397
-89978
-92689
43238
-13338
73195
545
53523
-42353
-48110
93729
-21801
-44218
87289
-57941
37330
-87419
-59716
10265
-22288
17665
92426
93616
-6373
45065
-47443
71639
32521
-91374
85257
329
17511
-2839
-46183
58569
54494
-42228
79417
53750
94752
-71037
-47925
-37063
-35048
15920
-27572
80783
-31918
-65635
37659
77010
76974
-62256
-34105
-52885
32604
-48627
-79155
-71246
-60156
-26321
53811
19263
-64071
-61981
-9246
87408
-40237
-26812
-65574
51293
-24013
-63592
80676
-89473
30189
-45942
-88634
31481
72841
-58976
19366
-37091
-94659
-11448
-77952
43298
-37199
28875
4403
-16039
25087
-79222
71328
-65974
55095
53569
97240
39283
-22607
-52718
-50372
78353
19749
-71474
40670
-91963
-70947
-83307
63954
79751
-20250
-37374
12438
11446
19195
69764
-22025
57117
-42976
-59619
26302
-89035
-85573
-70009
90536
-80396
-77622
49832
2590
17903
24151
6612
76317
64103
-56794
66152
44024
-55187
43549
48226
46065
2472
-75146
9943
82324
59548
-63047
40055
26079
49781
-56572
48923
70425
-15539
58713
99730
66750
-3637
-1106
96598
18488
72313
-21072
8667
-76749
23086
-82931
11873
21061
27571
78136
19638
-59565
32252
-24680
-51293
53195
28616
-58484
80311
46631
84139
31703
24736
26059
-97697
-78845
14698
-96948
13674
48106
68139
-63576
-48247
65594
447
5863
6167
-21989
27975
-68571
-6917
-25716
-87560
-41916
-70647
30199
-89582
-63048
-20261
-43765
-57918
76457
94140
64654
35213
65604
-85899
-42672
88529
-59965
56606
-96567
-20180
-7131
1953
-26161
-51146
28488
26993
74033
-63342
90160
30919
-97722
88931
-28482
42578
55939
-6901
68042
-86781
721
-7213
48454
-82396
-50689
-37172
65020
15420
43893
-58772
-67046
-38649
-39969
93743
-45472
-72775
78777
-32019
-12797
-71941
68635
23181
34546
37583
-67365
-90298
-82606
17302
52657
-62303
20289
-96645
81217
-15593
23651
-94666
62330
-28404
30614
-43161
76690
96752
-74510
-75998
81289
26883
33594
-23863
68960
-73737
-56493
-67070
-39618
66438
-10825
97723
-58186
-21681
-39912
-31175
90627
64694
-56848
13470
-76649
7387
-22435
17473
-16515
14020
19783
-27284
-9160
-31014
-91942
68224
-46336
86993
-76163
67333
62127
47504
-84439
-21368
-33587
-55427
-15671
90525
37230
-19927
76156
-81429
67559
-70561
24687
51846
-61066
83726
-7605
97839
39514
6633
60263
-52185
49432
96955
78842
-4354
-23996
15941
13699
52272
-31548
47033
-4572
16731
1628
10424
89917
26523
-73964
-32178
22415
25712
-59886
-72099
53953
-801
-70844
17393
81695
-45142
-48288
6139
-53180
-16594
-63477
-93814
8250
51100
14489
-73999
-5869
-94140
-73257
23323
-44794
76655
-91400
-17621
24227
-2084
-9705
-63578
-65550
-89614
82087
-41890
2084
22697
20153
42667
-37442
-34366
64174
-96538
90757
57847
46593
75750
8676
-53976
-86709
-49995
-20534
52651
99452
-11479
-70779
-62524
63666
821
-30603
6729
-78816
46131
-29010
38040
-78622
-17730
41974
19490
65683
2907
98279
-4934
-73873
-1796
84356
-44273
78439
36494
83207
20064
74615
89464
69594
-42395
-79449
-57343
-96353
43829
70602
-13664
-18568
14009
18421
39412
13360
-52370
-96479
-73277
-32333
-34304
96007
81060
-55641
-92503
-23853
-80048
71648
-50795
84960
34472
79806
-62869
44191
59015
-23407
-80834
-37921
2663
-39689
-79216
-3289
-53638
-87632
8821
14034
801
-92717
59005
-24580
-24873
-50056
85500
-5878
21685
75150
-25060
57019
-26651
24602
-91866
-42794
52760
31540
-26131
-55421
-50045
87892
5091
12294
28393
35753
79950
-19714
94429
20870
62034
48543
-70507
3852
70313
29504
50367
28363
-90482
-21772
30629
-66831
-48451
7101
51044
57171
97654
88496
-60761
57591
61553
-93271
-63472
-64140
-1953
-81298
-87086
-12046
-79556
31101
-76161
-12051
41828
23115
-26701
-69525
26421
21274
-99187
-43142
30879
-41989
44236
79752
22077
-56484
90051
-96160
72381
-32729
33408
-69126
3850
-88588
96052
92733
79804
86927
68015
34912
39845
71567
-68730
39985
-46205
31249
35909
80837
42383
66834
-68116
98304
58476
66455
-38149
77985
2781
-15629
-63918
-85710
-35669
-8385
-47984
80129
-17701
-27858
19277
2960
-5607
-54237
-98460
-40450
-38028
23705
-44382
54770
23875
-59713
91438
56046
-2470
-12884
98160
5876
-18886
-68239
12821
55795
28673
-72833
71821
-89349
6292
36044
-35490
-70069
77813
-55585
75360
99295
18548
-71056
-16353
-11237
-84860
-26563
-20154
19495
66982
-73881
-1785
-3441
-32905
55902
-36263
72813
-94918
88160
67140
-32618
53478
95907
72734
18226
58299
92136
53797
42748
62527
87901
82200
-90157
91402
-74113
65714
-22448
-56954
-31642
-50480
64906
58112
-71532
68446
37366
12026
-66839
45923
62211
-28488
8269
14653
-52535
-95118
-1900
-98426
-45481
88475
-35511
79913
27642
-28244
52479
13449
-75236
79313
69128
-11835
57457
12321
-94766
-61313
42527
99602
-83121
-37587
-76095
-44105
-31758
-10846
76157
-53178
40478
57338
36393
49803
86630
-14783
39368
-185
92926
20061
-82182
-21157
-25134
-36825
70826
54827
-1251
-60164
-67073
32678
-67761
33901
-55632
-79981
47072
18500
-92631
98415
-82997
-41844
-50229
-29395
-46808
18500
82880
64317
-6674
-80020
-58045
15152
12652
-48442
79702
-74584
95640
23197
-9890
82995
-7248
-70424
11128
79686
64210
47350
-64851
49889
-75767
87220
-67830
-79025
22914
89561
-64708
22517
60393
-64220
-15826
-72912
-81076
59938
98632
17909
-85164
-79427
75208
66150
45161
53577
-46096
29227
15095
93818
-88434
17721
29725
-83671
-41904
29249
-15608
-81524
-48255
48903
87789
82182
44359
33818
13074
83581
-84427
31904
68397
-32340
1838
-73126
-68341
74281
98457
-58525
-53025
36584
-29937
-95462
-59244
-99886
-35017
49359
-43062
577
10216
-63440
91026
23025
21794
43528
17459
-81312
-52805
-12111
80620
38888
64088
12836
-87408
-58369
56156
21161
-7527
-19194
-29379
-63572
-2163
89958
65840
-63416
52582
59269
-49560
75847
80362
55673
-50371
83372
24724
80771
63665
-32075
-86344
-4472
-37833
-39368
31203
97361
-3138
-80933
-68948
48194
48742
38261
-56416
-11977
61428
19233
99863
-74447
-35470
90622
-66549
26697
67753
97163
46879
-41321
38897
21818
19858
-59595
-30222
72185
80571
37645
-32197
-27608
-24569
68138
846
7924
51787
-40322
17161
-69868
-45226
80132
48998
5446
59233
-13526
-11879
-54194
-84418
19222
-14657
73707
79089
1062
14923
-62619
213
97743
-69712
-17479
-67112
27871
-71321
93563
-61917
5488
-12130
54920
-28064
28832
-6570
75099
40433
68704
20483
-20881
12952
-14836
35690
-95940
-76818
-3891
-84584
-69368
55499
-81706
-39816
-45599
17158
77210
-30609
-11767
86716
-88468
30450
71308
-3144
-82314
36180
3640
-25780
37632
66478
96967
336
-34641
-47917
87789
38476
16161
29197
-58633
-17824
9970
57224
15875
77905
50489
15257
-90396
-28545
60006
35912
81769
70121
71065
-50894
55417
-62936
48493
-49839
67820
17953
-8572
7341
-7774
13550
6700
61263
-43962
-5500
80990
-70541
68048
-38916
-91833
54216
48417
4445
-34739
93996
-84359
-76760
7265
-23252
-1230
55220
67835
15776
-23933
6106
5540
-99828
65673
-46545
73096
-19599
-97867
-8938
-85353
-96274
-52368
-65581
-3513
-57748
-30976
-21742
-31683
75376
3202
55106
-50062
-25308
27346
2239
-30080
68573
-65591
-83701
-10893
66549
-10742
46573
-37575
63309
97596
-12768
11799
-39025
-3038
-61540
-17773
-16566
53630
-92489
-46338
26599
-64057
-54829
35239
3680
48626
-11796
-80935
43688
31919
98726
48541
-75423
-57488
38507
88576
89596
36434
46646
8797
73185
-28397
78878
-56273
-86901
-31973
38565
-29373
29672
-10237
-98953
61711
-4310
-1592
92672
32504
-85145
-9962
-59412
86301
-81251
20435
99818
-1886
69656
-47679
-19122
-17833
-58619
15504
96677
-66541
-69514
69895
-16347
39573
24119
86407
-95795
94430
63377
-99224
-68216
17125
-91649
60951
-54798
-59153
-17737
74325
-95519
-62956
61912
65272
31186
11054
58347
-74210
19580
-45363
89317
-29729
7235
-13240
-34033
89406
-42345
38225
-60016
-15811
-82502
-81555
-7569
6661
-80315
12406
-32838
35801
43626
10701
-35863
54318
-60467
-25898
-50738
-8128
8556
56033
-27154
32574
74955
75850
-14575
18382
46695
51838
-71467
-22471
61578
40434
-67789
-53720
91878
86550
-62682
88053
14410
-83653
-98173
94679
-26841
-21692
83206
-48591
97382
79557
8904
88727
79085
-15163
31192
-67287
-12564
-91474
52848
39635
-64805
55807
11680
79408
-9238
50267
48578
52539
-78637
82853
-65158
-67791
-253
8184
49016
23371
-58392
80402
-9161
5601
-7094
-36862
-37748
17948
-92438
99960
96559
20502
81716
85148
-86721
-97461
-65275
44404
39118
54686
-44770
-40614
-71279
18531
-12614
6743
-92054
-19007
94658
-15523
57130
-75879
-27095
12391
33710
-81736
3821
-88377
-46055
-44207
90001
94225
453
-89807
94659
97848
8074
-68204
8271
27085
-55817
73385
58675
-38794
-90406
-3728
-67885
74680
56045
-36340
-11311
1554
74540
-9833
2862
-71039
29492
-21556
-88580
-17281
-90359
93240
49997
-64191
24629
80201
63528
-96791
58150
81604
32728
534
98833
40244
-94455
-77712
-67975
-5784
24331
95425
43484
-16529
89763
-75433
-46882
96387
59980
-67698
-26722
-56130
-89044
27348
-76614
28254
71011
89986
-5614
-88802
-26610
-44795
-28642
-98008
34111
-43468
44696
-52578
-7307
36658
-81663
-28307
-98844
-15596
-31862
-89012
86861
3930
-18561
-99381
11035
-50052
-22084
-20126
4676
-75774
-58518
-12897
55909
99761
94756
59791
24184
92253
-19379
52902
986
50470
-15719
61705
46825
57778
29109
-11406
18663
95521
28460
-366
29210
-61080
18841
62329
-54568
-97536
62445
7921
88570
-50439
-70555
-91248
99050
54007
-2026
86419
-91540
-33264
57981
36107
-1936
-56050
66860
62284
26633
-98710
71472
25984
35959
-73140
79544
-44110
-14653
-45676
-57796
-77120
73733
-72354
-13224
4365
98561
-32624
63873
-26792
66940
-85725
37158
-26367
12948
12433
37578
-82768
31240
-17252
76834
358
88362
2976
-4486
-43973
-59868
-27416
-10477
-95613
62807
23101
80025
-95531
75818
-25711
-20296
-8307
-17931
-51490
-68628
-2680
70452
-42908
-88215
-9684
-40745
-32413
59811
-92005
-36042
-57717
-12072
-84122
-92808
-55151
-65400
-41396
-70402
-44353
-51001
35103
-33698
-24146
93235
55007
5748
39423
-92147
81343
-22577
6572
610
-88402
-9009
-35802
-80584
9425
-78418
-40089
14453
-93073
-77559
-78330
-63031
93578
25017
-3935
-24351
-15814
87065
-90292
-41317
-44347
25534
-71377
-80324
-69040
-77922
9374
-12939
60678
1149
-77299
97297
3047
-86168
34932
-95789
-31422
21940
-10854
-64316
-71857
-5023
67834
93745
-51633
-11331
-74731
35190
-75921
-2596
12287
4223
10720
-67380
-70944
-38944
5090
-72641
67987
-55236
44128
-69883
-16177
-86532
-77325
88919
-71811
-50092
90915
35739
-99036
79921
-44632
-37449
36614
-84248
81038
-97654
-42112
67740
41283
-67915
39989
-78213
-53902
39397
41119
-76105
47453
14540
-32076
45301
87650
-16487
61434
-3418
92526
20747
9324
58500
21755
96252
16670
-79609
10832
-47819
13190
60146
-57404
83394
75109
-95877
-20071
21807
99706
53063
98737
4026
99043
34898
94934
39164
-43111
-21056
2499
8618
98029
-10768
73904
-19452
-10771
42758
-26171
48203
83392
92285
83921
-6367
-66898
85506
-42904
-28052
50943
-83275
-28525
68392
50737
92757
43981
73352
-59039
-21203
29787
-84384
-12772
74159
-83877
33032
18730
-53031
27169
-54958
59707
-24510
-11194
86355
28351
14840
60000
-72087
-41917
-3520
3519
-43382
77919
92890
86881
-38422
26992
10494
-9024
-48
17364
90766
20138
48959
-47690
36380
-17350
-7310
8763
-76180
2563
-61360
-96897
-94066
33847
-43112
-90698
33500
10145
70072
49475
76473
7011
-16970
30721
56672
91643
62845
99834
18551
-9527
-55972
-99959
22862
9870
95959
56967
25477
-63452
87092
1713
-84910
-9073
60697
20802
-82848
-78152
84751
71173
37769
80462
-23111
-10924
6939
76070
-24592
-78062
-93209
78776
66349
-68243
83784
81193
-51420
94463
-16654
-97785
38176
27117
40354
-19368
77108
-33528
-55870
-95877
15309
-90274
81689
-54924
29127
-52909
82747
29467
-54442
-74882
17930
-89353
-79849
-27524
30582
6323
8185
-36841
-86109
-17488
-39823
-48916
-26507
-30869
-83449
-78265
13601
52031
-51917
19487
-65120
-63549
22800
-65165
-97803
23560
73226
-3451
-88692
-83970
-13624
80945
-60939
72500
-84380
-477
-38734
-80323
-94273
19552
56275
-1858
51967
-95964
-64300
-27607
-56230
-92412
23625
78298
-58621
2264
-63507
-54369
-34931
-93634
-89201
-18761
17820
73110
-68645
-11784
-70973
-41993
59265
-9952
-15378
99815
-18225
-54467
62171
61209
-25163
-89185
19529
-37226
13543
9052
46319
22330
-40612
-4893
44215
-74973
-17967
70878
-64298
-97227
9152
-40032
-90370
13244
-43561
57153
37259
-60420
86241
16364
18086
24247
-49208
14507
91404
51618
-80144
-67505
-31481
93650
74716
78187
41095
-64162
-39322
56092
55826
19066
-39241
61169
-9892
1358
86838
-82274
-94153
-78791
66301
-93760
-2348
54865
47869
25025
-10904
80071
7290
4685
-28351
-25591
-64847
55190
-62643
-85891
-47965
39711
97111
-98561
-90925
-60493
55188
22533
20680
94240
85081
28637
53053
62062
95520
31731
11364
-82161
-8355
-18449
-75765
-81635
20944
9906
25700
84164
-52311
39206
65998
88902
-88085
35502
78678
-76584
-17180
-79713
-62509
-82967
-20800
97815
-5929
-18578
1351
3215
21173
-2358
-985
-65007
-73489
-29003
-75264
-77634
7530
97708
-78158
81181
35646
-58371
-55968
-86898
-1464
-51946
802
-93617
44926
-88737
-19119
-38701
16155
48903
-94020
-3646
-2237
91547
-6623
-83369
76041
17214
-88614
-19396
20475
-53876
42646
71802
-32026
-64248
-85629
-20553
15841
-80055
-4863
-60785
-34145
-52248
37714
76191
73643
-83776
-79816
-69408
47915
44774
39141
-84099
95533
46554
-74297
-69146
61449
24398
25814
83709
-24519
26780
76025
76314
-10047
78090
66479
73669
83407
18213
-18992
45091
-78558
24679
92940
-69972
-80812
-21834
89417
-10813
98281
-41614
-33303
51827
-7442
-6081
-70920
2561
95128
-16703
68417
58076
68737
-79892
59121
-75435
22066
-67102
-53067
-98252
14956
-56146
23252
-96594
98452
24842
89378
75271
-23135
-70067
89412
15417
52370
-20394
-538
20683
-43987
47270
-36804
16169
67197
-66635
-74564
61761
53381
-69104
-1712
80564
-92663
73892
-40258
74594
-4939
63817
-20538
-3679
23103
48914
-98746
93858
-46809
71521
-40518
-4114
-80138
29068
93110
-33663
-56795
8867
52641
80024
42156
-7971
22063
10192
47522
74898
-65364
-33731
-25720
-75022
24779
-57446
-76745
26673
-98399
-9238
-62076
57475
-49687
-72141
-37196
-91542
82026
99275
96074
-5074
11588
-53771
19044
-84275
-94002
-36620
-90310
-32159
-29394
12855
-7072
5194
40007
-43049
-65676
29864
15508
81632
-61643
-90313
71100
85938
-11168
59774
95944
70156
-40541
77976
44713
84239
5724
41555
30079
34611
45192
-85253
-35197
44979
-36443
-89183
-90997
-65104
98355
22547
72448
44786
-81521
88027
-71625
-77812
-53105
89596
79844
-56240
97350
-27087
88954
51081
25709
23933
41395
31577
6871
20428
32690
47647
-59912
-33744
-56022
90280
-5725
78049
-52070
-80426
-36173
-88656
91740
6407
-36073
-41406
-76519
67478
2448
-89086
-8681
34740
-44667
-66514
92299
-93047
70596
70079
69981
9284
22295
58443
46386
19651
92356
45239
77551
58421
-57086
38375
83323
65631
31542
12009
-78497
54195
30348
71373
-64396
33467
-11631
19256
76796
59265
27382
35216
-28439
66179
-69576
-16492
-48740
97251
65861
-18989
13629
-42085
-53473
-66819
-7527
-57879
32341
45516
-44172
-88871
56674
-734
63552
42962
-35859
14994
-83162
-35636
87144
-8121
52224
25602
-82948
-80427
91050
91344
-80897
59584
-87962
52183
89954
78547
-8960
-88417
70385
860
-45132
50484
63036
-74526
-54362
-22570
-89612
-16470
37648
33554
14100
-32189
-23558
-87157
-3165
25884
-55952
-51954
68313
-22471
-64201
-1897
-36488
-40276
19220
93628
78719
-75460
-27947
-30961
-88628
82440
63204
99157
45912
-64447
84259
86331
91902
-16659
-41562
-18960
-61943
-51306
16197
-88124
28892
74913
-19251
60197
-68306
63117
-13780
79280
-58275
33453
-37862
-97160
14639
44876
86750
28743
-15106
-89746
-8128
45292
-82134
27287
40198
45205
-67992
-63157
-33134
-85119
-82633
95917
94495
62839
55461
-75600
89080
29401
-53259
-35220
-68895
14956
-55491
89241
-61460
84969
-62148
87443
98596
-10758
23092
26520
-44418
92594
-62925
14991
57597
40675
-5930
30428
36546
-61955
2035
78185
38025
30769
26085
-5100
31269
-35069
72175
-18327
25825
-67294
80056
-59910
63251
20609
59366
84297
18935
19803
64312
38377
56547
44141
-58698
-48875
-83273
-19222
-94338
-4250
-62012
37694
-4083
31494
-16520
-87661
53755
-63122
96767
61391
-35951
27476
29470
64012
46667
92346
-88146
27159
-58517
65188
74589
91069
88624
81192
-60498
-8476
64389
84209
-2978
71182
-71913
-37217
43884
-28809
-70310
40350
47040
-85405
-54878
-86655
-45596
48752
94177
-22286
24676
36507
93666
-11954
79744
-4201
94627
-91334
-97262
-41483
-34941
-57501
-5121
23154
54903
-147
22964
66638
52891
-12048
8733
43051
-58646
-17648
9556
-70629
-51479
92496
-53948
80941
3636
-2223
15886
-64583
-47510
90684
4480
-31421
-36248
33086
72547
6692
59238
-34465
15697
-99560
24964
-98659
-64655
-7023
-47309
-32276
25825
-51627
-38156
62461
-81014
78403
46792
66761
-5158
-56459
45738
-49448
47402
-82082
-15747
93180
-46393
49025
73160
-8531
-80598
96680
-70681
-13781
-72277
39433
8596
-16920
-58284
87840
57258
83497
55633
-99258
-34889
-53796
71798
-73645
-47918
79808
95144
-42776
96718
-6340
81936
64425
91435
85089
13593
-96303
7499
84000
31830
-21267
-36753
17041
46834
63912
-91868
10707
73094
-43048
-98070
-19333
-37784
-44422
30058
-5900
47136
-57847
83751
-55419
61532
-96105
58314
-45250
-86102
46653
-66696
-11421
61588
-59182
-59499
-95535
-22944
18235
-95376
-5508
79670
86104
53428
44301
76982
70412
63412
-11034
-11285
42016
96161
79578
-35589
89470
-13233
73317
-25912
13631
-36573
54097
76554
-48317
-67837
68666
76539
-16358
-55721
-50118
-3713
27408
-9587
47847
67159
6750
-45952
-18635
68162
-26052
81048
-15688
65807
-15235
-34734
4949
-19468
-82505
90185
-27049
-96773
84867
-6376
-8040
-32804
6698
52902
-87621
27117
43690
16393
61507
-83071
54622
86084
-32734
-57032
5136
-66221
-87280
90080
-20404
-41918
-42744
-13636
-58178
39318
-75304
16200
-32489
-333
79087
86433
-411
59253
87445
-57049
-7417
-26585
74072
89268
45016
-36700
61945
25744
88877
9761
77654
-62067
71695
72658
-28686
57885
2349
97008
89116
89176
-77000
78989
35168
45548
-86078
37209
-85072
-55874
-60885
99465
-67659
30972
-81066
-67091
1754
10819
93627
80280
-2711
94932
30265
-97472
32099
-22205
-38208
-25369
-17825
-5937
19121
-46585
-63
38786
89432
99808
33415
-66906
-8654
82664
-37160
-88484
24540
63964
-63605
-40245
-46839
33852
-95830
88575
3665
95353
-62244
18168
92543
23316
-92616
45127
-74013
-20602
14859
-38577
-54789
30558
9685
-8041
64144
4692
-86587
27411
80219
45637
-65130
-14260
-85149
-34896
-68890
53708
-22131
-19937
-68457
-47553
-7305
47000
61597
-99051
36062
29508
-12493
-76699
64034
6059
18993
87051
-51789
24855
46222
-60560
56125
-42020
92918
61452
-68499
49795
-4659
7009
-28496
-77501
-20285
-15253
20909
18303
57772
-91991
54504
-47364
-3340
-25568
-41681
-54424
17175
58473
-4684
92596
28167
-48461
-43149
17258
53283
32431
-21374
-40771
74261
-87828
320
-56400
94916
-15859
-76666
17861
24594
50679
95449
68463
-37529
1453
-2395
81485
32514
88849
-27762
-34238
35508
55982
-57044
30892
45963
-8281
31552
-81058
53683
75682
18481
99512
-35093
16109
56469
-26813
30240
-47436
-51219
-99195
-3842
60419
80366
46635
-62242
97380
23196
63631
-90797
40128
23407
82897
80284
-78415
35575
88985
7155
-39593
-74150
7049
97888
5238
-78886
-95627
62780
-82134
15986
60406
43669
12830
-23850
1271
-68801
92341
-75200
-59753
-57233
-55921
-72292
4670
8894
23750
-67831
-70422
-41897
-91543
-73176
-31143
95373
-48171
-61825
-41057
41057
90696
-65811
-52279
33092
56649
-38614
-29280
-76165
41773
-93993
-6783
-85175
-82904
-97122
41900
-69313
4262
12831
24174
14513
61404
5749
-98683
-14032
-26144
-47902
29155
-75578
-60623
-6043
-47795
-57558
-50374
5523
-16097
-1996
79987
-68709
72542
-73881
66321
-35323
-83211
-71067
-15507
-40440
-98619
16375
93055
6899
62529
-54573
61241
-79286
-13154
98648
43290
-29091
-85601
-28220
81805
-78977
-60239
86620
45556
37173
13600
-63799
-96016
8688
81055
64412
-78068
-48532
13353
15694
11412
-42869
47028
14492
-72330
23593
76047
2866
-60566
-38689
42045
-90878
-2362
53635
44721
65340
33432
30694
-78688
7495
85268
68521
-93732
-71028
-72549
-41087
-28473
-40113
39826
-88783
-25777
5728
-50020
18551
-37452
18392
-77364
77206
89130
-82051
37696
34294
-3317
-10694
51609
64133
-591
33128
-37979
-68724
-33329
-8368
38217
-11397
-13548
71988
-41610
-28882
-14624
-37518
-77500
68187
-77050
-4336
-23360
11779
-8605
-87825
-61573
49225
93883
44276
-44101
-31073
-4484
26485
68629
-14997
68433
-67864
5460
57287
-4906
47730
17817
88712
81505
73033
13956
34402
66959
88573
16247
91799
-83804
76690
63139
61694
38462
-79328
59665
-36156
15859
-37579
29729
1939
-65882
78088
-69067
23855
51246
-78714
-34044
-42024
-21449
-14672
42545
73931
17150
18155
-36915
50311
-71465
62971
31666
59351
-2273
12368
73228
48293
-46811
-6492
-48474
-89959
-64194
-35083
-71039
-76447
-44411
-26815
55270
-94136
59801
94633
-80543
-89257
67991
14091
2684
31209
14971
-68515
89940
60596
-95096
-66623
27288
-66345
63223
-80320
-11989
-19356
-22966
30326
62525
-14739
-83376
-93373
49841
47230
23718
-71398
-42223
45467
2173
95228
60773
-21957
-73340
11296
-50273
80233
1524
-45426
-97580
-22185
-39132
-49632
-29130
-12961
-47166
38616
16655
77044
35842
19887
-96301
53714
44681
-10710
51134
25111
-22462
-27514
-75233
-45264
63818
-46654
-18620
14898
36149
6753
20309
97944
-27731
-88944
-46027
-19078
85950
-46345
-31428
64059
21158
87537
-79799
-13501
-3476
77064
38293
7758
-41560
45230
43454
-90429
-62896
7588
60317
57813
58218
-21736
-66612
57374
-8379
2673
17541
19134
14371
46536
54109
-85539
93932
18988
53581
57176
5225
75670
38680
185
-45325
97225
12763
34207
-97455
25574
27735
-27470
6486
96137
-27788
21346
60704
68678
-29951
-62607
-63795
-66360
-81679
96151
-28484
-51807
-36029
-42575
-8376
92437
-69858
-85570
7345
-95421
-64603
35023
-32166
-28535
-18209
-32338
-20096
33961
5672
-35616
-68105
-22050
-78603
11842
47147
11105
99107
-45052
-43898
88718
-38751
83333
-8162
44976
25601
34367
34402
81292
-38604
53452
-51203
-24529
-15825
80791
37313
63179
-97142
-42969
52165
2020
74497
-5745
71631
9425
2394
85284
-20690
-24034
14851
-64842
-86253
-36242
18337
14097
36093
26006
64835
-85452
-36508
7949
93572
-2567
23
98090
-15091
90125
4816
74397
-22953
6107
70304
63317
-78774
30984
-24026
76041
18270
-14136
28092
-3376
49773
-46414
6647
41617
-88911
-70649
-35211
77389
59641
8148
-46092
54517
-3762
81357
-74025
-34360
46810
-22864
73402
77411
932
14728
-32424
-14678
75715
18410
76090
85429
74356
-59471
85527
-91421
-67616
-89306
60831
35784
-3987
23584
32145
-30160
3260
-39305
83553
42992
-5039
27321
-92018
-19180
-69994
30632
-28529
-31107
-98907
-77487
-38215
-7371
66957
76634
-3004
29307
-81190
-659
1304
66298
-79060
2251
44427
81090
45347
30971
-16738
91144
-80064
-9522
81201
90180
41407
-20549
-42763
-74181
96200
23043
62454
-7452
-26065
37340
-49012
-90651
-60680
34217
-11960
-13633
24148
-48805
669
2495
-82351
29669
82644
-4515
54939
-48156
-3160
-32211
95214
-74133
-9882
49222
65959
79182
75180
29561
88582
9983
-10979
86903
-86218
-1577
-46893
-45674
15084
-46150
-48019
-35197
91633
31064
-79464
37746
-76534
-40022
-19329
9731
97063
-85653
-89425
-62088
-88784
-6088
-25277
-53440
50013
29039
-56455
65753
-76727
31495
41102
-15223
-87457
-34835
-84411
-94925
80654
-82754
69243
83798
-13310
-33883
9221
-59763
62973
-73597
-54652
40943
98065
-68847
56494
-12202
-26765
-13664
-55371
92642
-87474
-34499
45903
76593
3135
-61851
5784
-14655
43147
38883
-76206
23908
-44555
-76741
-61238
-18221
-87939
-53908
71637
49131
-82353
-90766
41687
48159
78084
27817
39389
-89365
69056
-33767
70362
89566
26796
-19308
32069
-41906
-88877
50939
7253
9424
77316
-12215
-88957
87302
-91167
-80820
-95558
-57408
35785
-19494
47541
-90420
-32406
16574
77675
5112
-57696
-94122
-58710
19648
97023
-16624
10992
-18142
33690
-36386
98056
-91603
-54590
51931
65778
-92268
22089
70552
53833
50152
1105
66424
84777
19380
4292
91987
-15982
-33874
29781
-67966
7041
50380
79260
-52683
53698
-14448
87302
-97491
81774
16615
4120
76544
81374
-86303
23669
-41667
73250
-80062
-19497
29879
-79749
67260
967
-50289
-51628
-11091
-47058
26140
62843
-76477
-2024
-15817
89608
71257
-88505
-95968
96540
91856
-57157
72511
86087
34580
20943
68573
60868
-72085
-29577
95621
-7560
-17997
-5626
99453
91479
28208
94788
-8416
95807
40419
30721
24063
-88111
2393
-32779
-72122
-54098
80311
-10287
7230
66398
79386
-45563
-459
-52242
62439
52145
-97446
34919
65933
84816
-6232
-83823
92939
77038
80298
-57083
-18433
66217
-68444
50201
-27673
33950
-29355
94130
76098
39823
91278
51040
85951
-18500
12951
-67300
64427
-61144
72403
73917
-24981
70868
-57420
71485
-2402
-76691
-57529
45855
-3086
-64537
79319
97486
-29528
99035
27235
-97874
43407
60195
70065
-52953
-42339
93842
-52222
41405
2962
32434
56646
-25130
-57061
56537
4410
-9750
-74342
-74707
80940
95054
14960
22478
30452
42955
-85567
75895
42721
36266
80842
-97995
-14477
7584
2344
26038
13442
-69211
80926
-97047
-54550
-672
1462
73481
-86082
-94182
58879
-46098
-61898
33030
127
-82896
-38683
53877
10826
-66323
71253
-26344
-28783
-84455
-67913
-62096
95122
-69550
-71463
-32996
-34738
-61582
-31099
-5701
11195
76624
94909
-14456
-38117
74694
-14825
61188
-85949
-75320
-17821
52764
-54012
-38035
-87663
26112
5239
57264
55636
-50302
-17505
-82088
89380
-16834
-92701
85703
-94926
-24061
82908
-98316
70854
-10280
-24170
-32135
-67944
-63805
-20955
84237
-36429
13859
2261
83210
90554
-95726
64435
-71106
67617
56537
-96032
-90373
-6927
-64265
72426
47144
94363
-29231
87961
-39677
-10080
-5369
-73485
29357
69695
-57270
-69342
59733
46641
18996
-11068
-52995
-69926
-82865
-11153
-13339
34311
97467
17289
-95221
69668
36409
-35775
45103
66034
77039
24363
-92879
10204
74635
52665
-1325
84450
-70356
87835
29297
-92938
93285
84215
53973
-81434
56284
-39746
99797
25738
47164
-65359
-94745
57500
90594
-68767
-31377
-59428
48332
9312
-40185
-10557
80403
56093
18853
-62986
-90782
-50128
-87476
22657
9598
41149
-14555
87749
88933
80332
-31060
18326
-48995
3366
8288
-28109
98492
-22328
-71123
67452
-57650
-11125
-7159
85061
-82313
60384
-24025
-2165
49672
47556
50013
93840
88965
-72817
-73219
-50989
37158
28697
3493
42114
87106
-3400
41761
-40929
76582
92904
-85155
-25861
-34627
-45072
86879
-5414
-5900
-15292
-22365
38489
43119
89243
-63927
-98134
-70037
98279
-8120
-2092
18922
-61723
-22478
-36409
-68456
41079
-89799
-48415
52342
87896
56588
76352
28582
-18118
96970
64931
11823
-27108
-280
-57083
-66882
-4363
8563
-22783
-36537
-9220
-23471
78960
49351
19508
-66467
48758
-59064
29754
98367
-28883
50131
14024
-34051
57213
1042
73095
-55358
-83622
30876
90898
-65677
84514
-83473
-44432
6139
-21751
8843
-56270
-61167
46574
66159
72946
53517
-27038
97720
52712
-70801
-45153
74854
-26923
-58493
-85325
39741
-68440
55428
-1378
77855
-21521
68066
-94115
99110
95318
-62706
2037
85380
25301
-50327
-16097
41648
-20872
51972
-45489
-65952
70788
-12921
-66081
917
-90336
37885
19618
-12958
58485
89428
-4594
-89194
79505
-34946
-38288
-15860
-28212
-21515
-46579
-11961
-67847
33260
-48873
-76106
-28226
-89845
27142
-56100
31129
-63848
84986
50525
-8802
42340
-27699
-71875
-81095
-60629
14151
-18418
-63634
97919
63512
97962
-10702
-74045
14650
44863
40307
-81141
-89314
4042
83600
18707
-53532
-76900
-46689
-51417
-11243
2903
39674
-59730
39592
-47830
-53812
-60912
23125
-14364
-35232
-84480
-58765
46098
-25516
-12144
-5475
37919
-13816
31037
24985
5594
-85451
-11011
51255
71819
-12586
-1935
-59988
12226
-20845
82770
59387
-63537
-98507
92802
-57328
60031
-16875
-94641
92463
-30651
89798
93339
-81342
-63526
27882
-51784
26938
-91946
-84400
35795
16299
96755
-95727
-92200
-94546
89211
46660
10019
61116
-2583
-62446
-85690
-59664
-49499
81754
33948
-40352
-49708
34520
64922
84884
-58364
26157
-56570
-6286
63733
3828
-22696
-35923
50935
96070
-55545
64287
-85962
-43127
27711
-28455
-36573
97063
50561
25040
-53979
-6038
99362
54979
70392
-58593
84575
3432
-64921
40993
83306
-29926
75933
-56024
78016
36131
3172
59999
-35242
-8343
58645
-40117
-85818
-36785
-93161
96943
-79691
70462
72264
-36269
3304
-31208
-38598
49557
-68177
-63199
-62659
78269
78354
-12728
-2554
60873
14260
71598
-53920
52196
-5698
55728
-75700
-52136
-57269
-92118
77048
-52597
80650
-25245
31589
59310
14644
-65010
-42179
-86035
-88280
2230
-74654
48143
-1701
94410
-87718
41811
-51292
-1120
44746
50237
-42300
74310
-83452
87204
78578
-1147
-12575
58830
43957
-17880
-19160
29377
-47635
-62557
-37919
-2203
-33387
-32113
7328
-69518
17008
57132
28139
-59752
-9945
20762
-13055
-86933
30707
73255
-70143
95440
37096
56408
58462
93508
71220
-35146
-92925
-48541
66554
16109
-34563
30960
20038
-68837
-60474
52232
33101
-76661
86117
-79769
67034
-63635
-89852
-15881
-34227
78018
-27517
-26769
65661
-57153
-89992
57395
19191
74512
65348
-26367
-51341
21857
-96768
-89715
31907
50070
80441
-45006
82697
73429
96876
57803
53084
62705
28554
-31328
61317
-80663
-49233
27428
-6932
-9116
-99790
-87863
-5063
-1868
68674
23860
-70733
-95394
-4731
22668
45609
14821
-42
-47312
-68036
12557
84003
22686
-41887
-95584
98588
-19420
-2585
46935
42434
85229
64950
2470
14920
-43574
-52036
71953
-22983
48393
30917
-48852
-85147
14186
49588
-80873
-18928
-39352
-25668
-3211
-27164
-36562
-97664
-57220
66525
949
71305
-35465
45297
-3837
75668
-26614
-23988
56068
43386
-41478
-91888
95810
-58440
22300
-47687
-16552
-3424
27031
-55230
60655
-49050
-78726
41780
49661
34416
-65645
-41298
-46179
-73827
87493
-64392
49441
-65443
51168
-3191
-15158
46116
-61479
33868
-5171
-98682
-23221
-8765
-10000
-48466
57398
-2503
526
-23724
16645
17383
-36276
-63148
63894
4850
-61691
74186
95820
30198
-11936
-34564
-24917
-79893
-70146
68412
18541
-92686
53071
-21305
97778
56695
-363
40475
-48267
61558
51318
17960
-24496
79040
2420
-33609
21065
81033
6818
77869
-69992
-8318
-47469
-40349
-47691
36707
-16830
42481
74271
-20346
91965
-44813
-68431
-61489
35639
37462
65912
-55587
93346
68168
-35842
-27603
-84299
-73909
74057
-96749
44922
-63701
80807
-29987
69451
66137
-38385
-37591
8517
-42760
20044
14408
50080
-73276
-12803
32118
-71486
15775
-54748
-6006
-71931
-35931
91280
50625
-28691
30003
88087
35229
46112
-18814
-64442
51897
7364
-88943
-77638
-92904
17762
-70134
31711
85306
-28079
-99576
-20340
41272
-15117
78355
89568
57848
-81445
-12641
51646
81797
-13872
30510
-69007
40606
12529
97965
-62538
69896
30742
-72980
-37262
90991
-98862
98143
-95651
98432
-62752
10507
50393
-30970
41645
-31561
-42442
90123
-27959
73757
99985
-98092
15785
-16490
-96744
36230
-39762
50179
-40382
17433
12057
-28797
73453
25968
-32237
-33739
-29133
34752
-36309
73523
81379
88251
56426
-30557
-16195
60477
-12144
-79235
-21692
-27194
-84393
53294
85866
-26306
33535
21489
2760
-50152
-18632
-56431
-86447
76496
26800
27729
94790
-35893
14516
-38402
26045
-51056
-18063
-18423
33549
-18798
63665
61859
94552
-47788
66851
84520
-64266
-50086
2176
62040
-26983
-32482
-98714
-28876
-66271
-34704
-54462
92532
15690
10514
-85840
91514
-83655
86151
-20291
-4176
74677
70979
-59471
43835
-71338
-49539
60316
-79257
-73407
44521
77359
18072
22701
29701
-32834
5174
40440
18339
33665
-89791
20563
13333
37252
13100
84501
50166
32884
-69609
-36106
83641
23800
84875
6586
-45936
-4284
-96589
-83221
93150
949
92475
-56201
-9547
62227
-10986
-33071
-5049
-50589
-81882
63405
3609
53981
-96604
-46000
-89204
20627
84545
51715
-56678
-40629
27957
41656
35023
43883
410
89950
-55095
22478
8669
84140
96216
-43075
28546
11822
-56109
-86394
-10368
-96447
32642
-3829
-5131
-69972
57891
59594
-4340
-39194
40489
69479
-55113
-62357
-54756
-43695
2079
51735
34241
50711
-60091
84322
43260
-70261
91156
-62762
-34257
47892
-75515
-93090
-98747
-5325
-99917
30435
-79447
-56366
51701
56554
74358
-24625
-6780
-37716
-53420
-35695
22720
5697
-46499
-60505
11729
76464
44774
-2601
62817
-75402
83463
-32836
25099
41229
55537
2395
44407
-24998
-94085
23231
-34651
-86010
14960
-92060
70815
-1240
-1095
-44908
-31311
49770
95736
6040
46629
-41636
92642
8273
22295
-64400
-12047
29365
30346
-16484
37616
91668
-97626
-71298
-23186
89911
41838
-42537
-88670
88866
29088
-83844
-45808
36850
-77151
-42912
93925
-11348
41028
27470
-31719
-4433
-54349
-55184
-23280
-28468
-70430
-65841
68273
-8674
-86730
54828
58628
257
24498
97907
83205
95982
-87474
82735
-1892
-53586
41156
2771
-52014
71308
-50544
-20941
72216
64626
171
10932
87898
44920
20959
-22499
-73190
83808
83421
-15723
-7114
-34152
-86149
-34024
-22509
-31146
-59760
5871
-50472
-2602
92830
-13417
-62393
-26218
-27939
-41619
36283
85695
78946
53259
-47494
38282
23130
84226
56566
-67012
54977
-69833
39952
-99773
23679
-82273
-18624
-9956
18786
92813
-58034
-48644
-70171
-41327
41256
89056
27579
-24294
-34266
-70213
-57471
69954
40621
-10299
-98645
-39066
-45970
-54278
-84978
-68748
-4697
39288
60934
-43081
-85803
82294
37779
-56746
54427
57058
-84956
21437
-93256
-60837
18579
-96236
4098
77243
69684
-42224
-27801
14496
27064
69874
-77215
-1915
86831
-13278
80025
36039
-83618
42874
95091
-12038
-81655
-85037
51193
6137
94261
70081
97886
16891
-94035
9500
-63274
3672
-16225
-4952
-60820
-54080
30579
76849
-68706
8984
80438
51841
48022
80769
52238
93339
3473
-48580
-3184
79323
-90693
77987
89984
-66062
57726
-29718
-76079
-87948
15240
-66418
96742
24510
-47165
-81119
-10493
-33825
91898
87768
89106
70564
-70585
-17011
83023
70418
-80663
2219
-58725
-18809
42680
-5218
-30864
96508
-81566
-38145
9506
83875
34876
-89721
-25667
-9068
94455
44999
77814
-7398
5943
80456
-46238
-30964
67109
97727
-444
-48787
-1501
19077
71434
-99697
96924
76286
57338
40864
54122
-43555
-86444
-72417
99339
3255
35228
-48534
-20786
12157
-2919
60935
-60233
50553
-68343
7223
-4225
95948
-64947
13493
-37493
-11900
73677
20485
65035
15000
60619
-54334
77967
-71371
-81327
28862
-23776
-21410
85638
-56567
79210
41113
-81255
59496
80626
40286
-92861
-83044
-2220
2017
-6229
-11558
-2017
-89769
88887
52030
-33784
-84170
96986
-99515
49509
-582
21314
-67099
22684
4190
36357
-68773
-77419
67242
44062
-61355
51243
17395
-47594
-87900
-24526
-65063
-92774
84860
94626
-71154
-31670
-50559
-22416
66530
14913
3258
69342
-88496
18969
-96389
63519
-2499
82361
-81091
61878
64136
58495
42371
-45357
-15230
34031
84706
-55320
-92232
-72954
90659
-84614
80653
-41186
-13028
52732
41366
-24110
32258
-56234
58400
83413
63844
-9484
-72396
24775
-1964
-6616
-45537
-43506
-72857
-72683
33246
79832
80508
5689
55326
-46073
7422
-20947
-14614
-37627
-84494
94453
-15939
92330
34420
83484
20887
74431
-91432
-48730
-97207
-6253
38379
88968
81316
-69400
-13478
-44884
49958
21987
-64344
18122
16547
-83063
78704
-59712
-9432
76312
-15975
98611
-31981
-68946
64209
-63883
16509
-66513
-82547
-25060
78259
5550
-9191
25696
62454
35106
-26893
-46806
60048
8445
1381
68848
64654
66845
-61635
-26466
-75391
3742
-97001
82132
22498
-43049
-22542
-11952
37448
17398
50102
84396
-31080
-73093
2079
-34123
13759
-61899
89585
8215
-10806
-94661
-21660
13750
66438
-52939
-85199
3430
-69458
93898
81305
-71669
51870
42626
17675
73118
-73941
-45745
80833
17435
94305
-27063
-50683
-61634
-7237
-71058
39967
46944
-87771
-2778
67245
-70854
-49582
79504
-67175
-98280
31601
-95228
-65289
12493
394
-54997
391
-56553
52949
-25922
97533
8989
-30469
-33043
-85952
-72863
48986
-81383
-5155
26983
-21962
53692
-20548
-55591
54987
67798
74120
-2817
99791
68982
-81885
17602
-4745
-23001
7593
-59982
-41274
97825
57047
63169
-27448
45633
-3102
19034
970
